1 10 
weights:
-0.818035125732421875 
-0.39122620224952697754 
-1.5307639837265014648 
1.8518892526626586914 
0.69667029380798339844 
0.49486315250396728516 
-0.37008973956108093262 
-0.4261677861213684082 
-0.64392018318176269531 
1.6646589040756225586 
bias:
-2.5139646530151367188 
-0.4624385833740234375 
-1.7414982318878173828 
-0.11632110178470611572 
-1.8292958736419677734 
-0.93145745992660522461 
-0.51083260774612426758 
0.27065014839172363281 
-1.7593897581100463867 
-1.8828289508819580078 
10 10 
weights:
-0.82326883077621459961 0.48030167818069458008 0.077080830931663513184 -1.2020099163055419922 -0.46967998147010803223 -0.15564806759357452393 0.15512564778327941895 -0.7810115814208984375 -0.63312137126922607422 -0.41249266266822814941 
-0.46522200107574462891 -0.3263111114501953125 1.0512572526931762695 -0.72925496101379394531 1.4833301305770874023 0.61943948268890380859 -0.17646020650863647461 -0.40718352794647216797 -0.50588983297348022461 -0.39401769638061523438 
-0.31953388452529907227 -0.51695901155471801758 -0.22098931670188903809 -0.73529762029647827148 -0.9967778325080871582 -0.17224048078060150146 -0.39304357767105102539 -0.98691439628601074219 -0.78753244876861572266 -0.58668607473373413086 
-0.22723399102687835693 -0.59518080949783325195 1.1179653406143188477 -0.26235243678092956543 0.44694310426712036133 0.65199583768844604492 -0.37448653578758239746 -0.87251257896423339844 -1.1358237266540527344 -0.50936657190322875977 
-0.26762232184410095215 -0.5646775364875793457 0.22566804289817810059 -0.67284989356994628906 -0.30235525965690612793 -0.37706658244132995605 -1.2802308797836303711 -0.47290334105491638184 0.10693138837814331055 0.47938203811645507812 
-1.3780826330184936523 -0.98852139711380004883 1.8729071617126464844 -1.3576315641403198242 1.6453098058700561523 1.8757526874542236328 -1.0143715143203735352 -0.52453345060348510742 -1.0146378278732299805 -1.3188201189041137695 
0.97100645303726196289 -0.089278005063533782959 1.6245557069778442383 -0.34990364313125610352 0.82002907991409301758 0.46014508605003356934 -0.21853899955749511719 0.12362941354513168335 1.4376649856567382812 -1.3219641447067260742 
1.0574754476547241211 0.68431776762008666992 -0.85879123210906982422 0.86631941795349121094 -1.0251103639602661133 -1.6111104488372802734 0.45358803868293762207 0.072461813688278198242 0.83302539587020874023 0.79881340265274047852 
-0.53303587436676025391 0.4137471616268157959 0.35423636436462402344 -0.43672490119934082031 1.330113530158996582 0.88128250837326049805 0.62024706602096557617 -0.60268938541412353516 0.27935636043548583984 -0.87369209527969360352 
1.0317934751510620117 0.10120280832052230835 0.37947824597358703613 -0.043550450354814529419 -0.067981354892253875732 -0.78711807727813720703 -0.47782281041145324707 -0.23247250914573669434 0.41338723897933959961 0.34063729643821716309 
bias:
-0.63014996051788330078 
-0.56612384319305419922 
-0.6804879307746887207 
-0.16646963357925415039 
-0.40176892280578613281 
0.76185369491577148438 
0.51485043764114379883 
-0.43712157011032104492 
0.4318542778491973877 
-0.33163064718246459961 
10 1 
weights:
-1.1170190572738647461 -1.3860535621643066406 -0.4182408750057220459 -1.6936434507369995117 -0.48427209258079528809 -3.2888934612274169922 -1.4737588167190551758 2.3474996089935302734 -1.0041875839233398438 0.86366915702819824219 
bias:
2.7141573429107666016 
