1 10 
weights:
1.8568748235702514648 
0.54835247993469238281 
1.2139645814895629883 
0.6018517613410949707 
1.9736105203628540039 
0.93859058618545532227 
1.4991397857666015625 
0.8237450718879699707 
0.96876633167266845703 
0.67542195320129394531 
bias:
-1.702168583869934082 
-0.28491544723510742188 
-3.488788604736328125 
0.19989965856075286865 
-0.40370768308639526367 
0.38883250951766967773 
1.1034986972808837891 
0.99812221527099609375 
2.1883897781372070312 
0.57731038331985473633 
10 10 
weights:
-0.81060063838958740234 -0.57948011159896850586 -0.17189335823059082031 0.056753844022750854492 -0.3461208641529083252 -0.22002415359020233154 0.15407171845436096191 -0.34186688065528869629 -0.23820142447948455811 0.30790826678276062012 
-0.60537755489349365234 1.0765922069549560547 3.2068719863891601562 0.58409458398818969727 -0.165021553635597229 0.23526121675968170166 -1.9030090570449829102 0.070949606597423553467 -0.84367674589157104492 0.82687342166900634766 
0.45319613814353942871 0.60249572992324829102 0.49303126335144042969 0.6400114893913269043 0.48341488838195800781 0.99240511655807495117 0.71243751049041748047 1.4099795818328857422 0.025234207510948181152 1.55735015869140625 
-0.18829055130481719971 -0.3201306462287902832 -0.75586503744125366211 0.73604619503021240234 0.010175542905926704407 -0.52927428483963012695 -0.31323522329330444336 0.20606583356857299805 -0.081292837858200073242 -0.2027988731861114502 
1.8361418247222900391 -1.197996973991394043 -1.8568357229232788086 -0.94167381525039672852 0.57067662477493286133 0.40516689419746398926 0.032202385365962982178 0.35165867209434509277 -0.53650808334350585938 0.45610436797142028809 
1.5239180326461791992 -0.29094469547271728516 0.78650861978530883789 0.039063692092895507812 0.88756883144378662109 0.52419018745422363281 0.5675411224365234375 0.44567468762397766113 0.2305230945348739624 -0.20056626200675964355 
0.92160499095916748047 0.88337743282318115234 0.061683464795351028442 0.44274830818176269531 0.57368481159210205078 0.78125679492950439453 1.7245895862579345703 1.2245687246322631836 2.6909449100494384766 1.4781224727630615234 
0.93156373500823974609 -0.58208411931991577148 0.74494862556457519531 0.65991598367691040039 0.30198907852172851562 0.76991218328475952148 0.39378952980041503906 0.42834565043449401855 0.812923431396484375 0.80201745033264160156 
0.094789743423461914062 -0.6304060816764831543 -0.26422545313835144043 -0.48023611307144165039 -0.72843533754348754883 -0.31878986954689025879 -0.2652206718921661377 -0.48740455508232116699 -1.3299344778060913086 -0.49017217755317687988 
0.91707968711853027344 -0.42450293898582458496 0.91113352775573730469 0.035925522446632385254 0.96107941865921020508 0.23960518836975097656 1.063578486442565918 0.1690120995044708252 0.56873339414596557617 0.32073709368705749512 
bias:
-0.77949249744415283203 
-0.90114486217498779297 
0.38178831338882446289 
-0.60561513900756835938 
-0.66256564855575561523 
-0.14249441027641296387 
-0.55836886167526245117 
-0.25990384817123413086 
-0.97608900070190429688 
-0.9699751734733581543 
10 1 
weights:
0.085748076438903808594 -2.5675990581512451172 -2.6044783592224121094 0.54689997434616088867 1.9366338253021240234 3.0164561271667480469 -3.2215855121612548828 -1.072829127311706543 2.197826385498046875 1.8724155426025390625 
bias:
2.5234704017639160156 
