1 10 
weights:
2.2339534759521484375 
0.47678649425506591797 
1.3786866664886474609 
-0.88023197650909423828 
1.6622302532196044922 
0.6553065180778503418 
0.71604394912719726562 
1.16927337646484375 
-1.3260827064514160156 
0.69479769468307495117 
bias:
-0.59404218196868896484 
0.3164278864860534668 
0.60750401020050048828 
2.5110669136047363281 
-2.0990936756134033203 
-1.470232844352722168 
1.6724363565444946289 
1.2730363607406616211 
-0.40095451474189758301 
1.6297693252563476562 
10 10 
weights:
0.48197036981582641602 -0.5647106170654296875 -0.24810339510440826416 1.3568446636199951172 0.66692394018173217773 -0.50121033191680908203 -0.10539989173412322998 0.45090815424919128418 0.078719161450862884521 -0.76236420869827270508 
0.67880022525787353516 0.8126595616340637207 0.60138100385665893555 0.28129848837852478027 -0.72199064493179321289 0.45595642924308776855 2.5311567783355712891 0.40687605738639831543 -0.88652133941650390625 1.0963116884231567383 
0.068309716880321502686 -1.1996073722839355469 0.4006798863410949707 0.21016389131546020508 0.94420766830444335938 0.30160433053970336914 -1.114857792854309082 0.22921919822692871094 0.17099195718765258789 -0.96833682060241699219 
0.66973459720611572266 -1.1211469173431396484 0.78470903635025024414 0.84630239009857177734 0.43589395284652709961 -0.753879547119140625 0.076297074556350708008 -0.33188900351524353027 -0.93580514192581176758 -0.99143630266189575195 
0.02139638364315032959 0.58177810907363891602 0.25055116415023803711 -0.94900459051132202148 -0.40381154417991638184 1.1027314662933349609 0.21010431647300720215 -0.49045136570930480957 -1.0769739151000976562 -0.60154265165328979492 
0.87371879816055297852 0.84482753276824951172 1.525864720344543457 0.052285481244325637817 1.0045741796493530273 0.41971629858016967773 -0.23195791244506835938 1.3077820539474487305 -0.66707098484039306641 -0.077746629714965820312 
0.24610659480094909668 -0.52267491817474365234 0.53885060548782348633 1.1638246774673461914 0.9507999420166015625 -0.68989676237106323242 -1.0468823909759521484 0.42255154252052307129 -0.41415894031524658203 -0.9584801793098449707 
1.6630483865737915039 -2.0207390785217285156 0.74725353717803955078 1.4202218055725097656 2.0733458995819091797 -1.2203643321990966797 -0.69423002004623413086 -0.62298387289047241211 0.021126780658960342407 -1.5293145179748535156 
-1.1719568967819213867 0.94646573066711425781 -0.95625805854797363281 -1.7951390743255615234 -0.045398056507110595703 1.658953547477722168 1.1280484199523925781 -1.3181378841400146484 0.69419908523559570312 1.1038100719451904297 
-0.18332725763320922852 0.2552286684513092041 0.1075590178370475769 0.40879735350608825684 -0.64484488964080810547 -0.040767177939414978027 -0.22775883972644805908 -0.12474431842565536499 0.45487812161445617676 -0.19105724990367889404 
bias:
-0.83419728279113769531 
-0.09081007540225982666 
-0.5713126063346862793 
-0.48799440264701843262 
-0.64020609855651855469 
-0.38227292895317077637 
-0.58629041910171508789 
-0.90229749679565429688 
-0.30577433109283447266 
-0.13817434012889862061 
10 1 
weights:
0.92933487892150878906 -2.1111688613891601562 0.99077498912811279297 1.4089058637619018555 -0.88349610567092895508 1.954677581787109375 1.4324419498443603516 2.5452950000762939453 -2.5106105804443359375 0.17663323879241943359 
bias:
-0.55760061740875244141 
