1 10 
weights:
0.58025002479553222656 
0.90129905939102172852 
0.80573868751525878906 
0.47928452491760253906 
1.8687666654586791992 
0.47888639569282531738 
1.5613769292831420898 
0.50402587652206420898 
1.5271986722946166992 
0.47602376341819763184 
bias:
-1.3514842987060546875 
2.3753473758697509766 
-2.4467558860778808594 
-0.27262797951698303223 
-0.3283729255199432373 
-0.074619717895984649658 
-1.8798763751983642578 
-0.65491414070129394531 
1.5554020404815673828 
-0.39724072813987731934 
10 10 
weights:
0.88620942831039428711 0.3890209496021270752 1.1346431970596313477 0.51666033267974853516 -0.82026296854019165039 0.50511980056762695312 -1.1093076467514038086 0.75753957033157348633 -0.83567106723785400391 0.96658998727798461914 
-0.081914909183979034424 0.038520723581314086914 0.50117701292037963867 0.36221200227737426758 -0.92910408973693847656 0.133271828293800354 -0.076563253998756408691 1.2956640720367431641 -0.64033299684524536133 0.29702517390251159668 
1.1108298301696777344 0.0005415693158283829689 0.8497721552848815918 0.16040171682834625244 -0.32231092453002929688 0.5526250004768371582 -0.64234530925750732422 0.4658642113208770752 -0.59914785623550415039 -0.0046905251219868659973 
-0.23200531303882598877 -1.2309117317199707031 -0.1638584136962890625 -0.17353034019470214844 1.5218003988265991211 -0.2685559391975402832 0.78723919391632080078 -0.8168487548828125 2.1911113262176513672 -0.83015024662017822266 
-0.93069553375244140625 -0.87577652931213378906 -0.37772667407989501953 -1.0088593959808349609 0.45611411333084106445 -0.15041112899780273438 1.13137054443359375 -1.0533400774002075195 0.52832943201065063477 -0.37069007754325866699 
1.0343167781829833984 0.88605439662933349609 0.16737011075019836426 0.49995115399360656738 0.55959337949752807617 0.95429438352584838867 0.37671262025833129883 0.83985531330108642578 0.32179567217826843262 0.40008032321929931641 
0.17123487591743469238 -1.7886034250259399414 -0.4967905580997467041 -1.3766869306564331055 0.070248626172542572021 -0.97217744588851928711 -0.14709377288818359375 -0.20855419337749481201 0.73434644937515258789 -0.099208794534206390381 
0.15481658279895782471 -0.066282138228416442871 0.054839175194501876831 -0.56419855356216430664 0.14240045845508575439 0.13183385133743286133 -0.59186166524887084961 0.1789731830358505249 0.49824765324592590332 -0.67754149436950683594 
-0.27283313870429992676 -1.4858289957046508789 -0.83953303098678588867 -0.65904003381729125977 0.98912394046783447266 -0.54530298709869384766 0.018671037629246711731 -0.48663994669914245605 0.69121038913726806641 0.06871213763952255249 
-0.99390441179275512695 -1.5696779489517211914 -1.7645398378372192383 -1.1129595041275024414 0.97984230518341064453 -0.57995063066482543945 2.4772934913635253906 -0.44874933362007141113 1.6414391994476318359 -0.96791172027587890625 
bias:
-0.99671608209609985352 
-0.1396662294864654541 
-0.57460474967956542969 
0.27951151132583618164 
-0.39261209964752197266 
0.23772470653057098389 
0.45264419913291931152 
-0.55362921953201293945 
-0.14499711990356445312 
-0.070379331707954406738 
10 1 
weights:
-1.7086936235427856445 -0.98672312498092651367 -1.1522716283798217773 2.6772241592407226562 1.794861912727355957 -1.3652948141098022461 1.5685635805130004883 0.17468817532062530518 1.4150654077529907227 2.7236516475677490234 
bias:
-0.60215920209884643555 
