1 10 
weights:
-0.41272935271263122559 
0.49179071187973022461 
0.42944839596748352051 
1.9964557886123657227 
1.7146621942520141602 
0.42058175802230834961 
0.44210323691368103027 
0.41498479247093200684 
1.7525066137313842773 
0.52992719411849975586 
bias:
0.31714355945587158203 
0.72394186258316040039 
-0.46598950028419494629 
0.16021808981895446777 
1.8347599506378173828 
0.12167853116989135742 
0.34882813692092895508 
-0.19530540704727172852 
-1.8816747665405273438 
-1.2026271820068359375 
10 10 
weights:
0.066373556852340698242 -0.91202753782272338867 0.78962212800979614258 -0.044387102127075195312 -0.43768545985221862793 -0.45983177423477172852 0.054720066487789154053 -0.02182499319314956665 0.08442541956901550293 0.48142105340957641602 
1.4831427335739135742 -2.0087759494781494141 -0.46910017728805541992 2.1436092853546142578 2.0287754535675048828 -2.1965565681457519531 -1.687938690185546875 -1.8082492351531982422 3.0954766273498535156 -1.9968297481536865234 
0.51774305105209350586 -0.13324910402297973633 -0.43559104204177856445 0.4105860590934753418 -0.2801271975040435791 -0.86246007680892944336 -0.17709296941757202148 -0.71563887596130371094 1.0339391231536865234 -0.65242809057235717773 
-0.30778783559799194336 -0.56815737485885620117 -0.52143311500549316406 0.29597795009613037109 -0.06396649777889251709 -0.17056997120380401611 -0.48189526796340942383 -0.79506552219390869141 0.040138252079486846924 0.32541626691818237305 
0.032453767955303192139 -0.20717200636863708496 -0.97951745986938476562 -0.11506982147693634033 0.12241903692483901978 -0.76873284578323364258 -0.031223887577652931213 -0.17876102030277252197 -0.75254976749420166016 0.2821076810359954834 
-0.87757039070129394531 -0.075144656002521514893 -0.013903963379561901093 0.38366848230361938477 -0.14237764477729797363 0.4998696744441986084 -0.38260632753372192383 -0.55081838369369506836 0.018846275284886360168 -0.91365057229995727539 
0.62112212181091308594 -1.0799077749252319336 -0.70969450473785400391 1.0929811000823974609 0.72338920831680297852 -0.23691476881504058838 -0.66426843404769897461 -0.45960623025894165039 0.95887047052383422852 -1.05001068115234375 
0.63870036602020263672 0.581829071044921875 0.31867671012878417969 0.46234375238418579102 -0.51829034090042114258 0.77273565530776977539 0.35280475020408630371 1.2284170389175415039 0.40890789031982421875 -0.23111036419868469238 
-0.87920516729354858398 0.67476826906204223633 0.25005817413330078125 -0.73720633983612060547 -2.2063934803009033203 0.89066672325134277344 0.88430398702621459961 0.52158182859420776367 -0.51533651351928710938 0.86710965633392333984 
0.11730079352855682373 -0.77415013313293457031 0.30107295513153076172 0.26752799749374389648 -0.20058971643447875977 -1.2519065141677856445 -0.49963286519050598145 -0.41138920187950134277 0.037530153989791870117 0.59655529260635375977 
bias:
-0.17484839260578155518 
0.61883682012557983398 
-0.4368623197078704834 
-0.13704165816307067871 
-0.35945206880569458008 
-0.56664520502090454102 
-0.41493052244186401367 
-0.39800956845283508301 
-0.33060851693153381348 
-0.55103129148483276367 
10 1 
weights:
-0.16761440038681030273 3.8284635543823242188 0.86804866790771484375 0.45062687993049621582 0.14445245265960693359 0.20609331130981445312 1.385819554328918457 -1.3715935945510864258 -2.1190073490142822266 0.4393793940544128418 
bias:
-0.96991842985153198242 
