1 10 
weights:
1.5546742677688598633 
0.52424854040145874023 
0.73722362518310546875 
1.671956181526184082 
1.4515198469161987305 
0.69281291961669921875 
0.98713856935501098633 
1.484095454216003418 
-0.8337860107421875 
0.95376890897750854492 
bias:
-1.4475663900375366211 
-0.43223246932029724121 
1.2888268232345581055 
0.18404062092304229736 
1.0659503936767578125 
-1.5879738330841064453 
-2.8675060272216796875 
0.4018935859203338623 
-1.3634279966354370117 
2.2124726772308349609 
10 10 
weights:
-0.54681724309921264648 0.54859489202499389648 -0.75685709714889526367 -0.11065556108951568604 -0.96386849880218505859 0.61723572015762329102 0.76574265956878662109 -0.83734303712844848633 0.46258667111396789551 -0.32548025250434875488 
1.3562607765197753906 -0.93334299325942993164 -0.62498265504837036133 1.1082738637924194336 0.42393481731414794922 -1.4331998825073242188 -0.6886717677116394043 0.25605809688568115234 -0.17135870456695556641 -0.25669419765472412109 
-0.19699674844741821289 1.2005339860916137695 0.024997333064675331116 -0.18638794124126434326 -0.72045916318893432617 0.41696298122406005859 -0.52788311243057250977 -0.037819828838109970093 -0.35932683944702148438 -0.38805091381072998047 
-0.87606567144393920898 1.0018994808197021484 0.5210940241813659668 -0.55537360906600952148 -0.73955947160720825195 1.2594113349914550781 2.6431112289428710938 -0.54371339082717895508 -0.013265357352793216705 -1.4262539148330688477 
0.71097099781036376953 -0.14765575528144836426 -0.68857145309448242188 0.46587964892387390137 0.75136810541152954102 -0.86316251754760742188 -1.1621385812759399414 0.69283384084701538086 -1.1314803361892700195 -0.053596369922161102295 
1.522669672966003418 -0.71821457147598266602 -0.20604984462261199951 -0.4453316032886505127 -0.21590879559516906738 0.99573612213134765625 0.26106077432632446289 0.51157736778259277344 0.14747339487075805664 0.24753306806087493896 
-0.22265824675559997559 -0.6025168299674987793 -1.1223207712173461914 0.53423678874969482422 -0.92439436912536621094 0.24524870514869689941 0.18613369762897491455 0.15668515861034393311 0.42471891641616821289 -0.35615265369415283203 
-0.056080032140016555786 -0.95326387882232666016 -0.26093000173568725586 -0.70368653535842895508 -0.99291837215423583984 -1.1852161884307861328 0.050062108784914016724 -0.68173503875732421875 0.88131064176559448242 -0.50638908147811889648 
0.78464472293853759766 1.6985315084457397461 2.0009222030639648438 0.76672631502151489258 1.0145628452301025391 0.19103011488914489746 0.97029823064804077148 0.89346331357955932617 -1.4716359376907348633 2.3580243587493896484 
1.4034186601638793945 -0.33903664350509643555 -0.21412466466426849365 0.49369347095489501953 0.4694429934024810791 -0.80696243047714233398 -1.0197583436965942383 0.22045984864234924316 0.87554943561553955078 -0.49940603971481323242 
bias:
1.0883336067199707031 
-0.55918222665786743164 
-0.47827330231666564941 
0.29099184274673461914 
-0.85619294643402099609 
0.061973236501216888428 
-0.44485139846801757812 
-1.1745766401290893555 
0.092046663165092468262 
-1.0090122222900390625 
10 1 
weights:
-0.85056859254837036133 1.998063206672668457 -0.20210292935371398926 -2.3774230480194091797 1.3242406845092773438 0.53841578960418701172 0.36378166079521179199 0.46275272965431213379 -3.3374047279357910156 1.5565258264541625977 
bias:
2.1974999904632568359 
