1 10 
weights:
1.2474806308746337891 
0.45833736658096313477 
0.54516106843948364258 
1.2649568319320678711 
1.0640724897384643555 
0.73412227630615234375 
1.2222675085067749023 
0.43587020039558410645 
0.46136212348937988281 
0.94979226589202880859 
bias:
-0.74522441625595092773 
-0.48042902350425720215 
-0.3042863011360168457 
-3.392490386962890625 
-0.40222334861755371094 
0.797870635986328125 
0.871845245361328125 
-0.26461860537528991699 
-0.31853652000427246094 
1.9234319925308227539 
10 10 
weights:
-0.93090951442718505859 0.20998997986316680908 0.58940213918685913086 2.4668970108032226562 -0.52627271413803100586 0.074135892093181610107 -0.11158362776041030884 0.57541251182556152344 0.23267112672328948975 -0.57901275157928466797 
0.075863070785999298096 -0.99169301986694335938 -0.5475457310676574707 0.10374916344881057739 0.043866418302059173584 0.44030529260635375977 -0.10596191883087158203 -0.69290059804916381836 -0.29033732414245605469 -0.30313411355018615723 
-0.43791648745536804199 -0.70136082172393798828 -0.10133935511112213135 0.76423066854476928711 0.051403217017650604248 -0.0632150992751121521 -0.24384295940399169922 -0.091058179736137390137 -0.55502563714981079102 -0.65286016464233398438 
-0.89933741092681884766 0.66152632236480712891 0.62585598230361938477 1.6945778131484985352 -0.99538755416870117188 0.54029029607772827148 -1.2252336740493774414 0.83400261402130126953 0.91367053985595703125 -0.43484967947006225586 
-0.53151351213455200195 0.19809089601039886475 0.070798374712467193604 0.040784131735563278198 0.10223212093114852905 -0.0071345590986311435699 -0.3024196624755859375 -0.30422455072402954102 -0.055130884051322937012 -0.17941407859325408936 
0.46613764762878417969 -0.24634496867656707764 0.23247179388999938965 -0.68997406959533691406 1.4692796468734741211 -0.64095485210418701172 1.5261926651000976562 0.48446118831634521484 -0.62609505653381347656 -0.74252158403396606445 
1.4455785751342773438 1.1056679487228393555 1.3788734674453735352 0.52888619899749755859 0.55480611324310302734 1.6733610630035400391 0.60378253459930419922 0.58996182680130004883 0.99418014287948608398 2.7467005252838134766 
-0.58793294429779052734 -0.28709724545478820801 -0.9386851191520690918 -0.56275779008865356445 0.013945280574262142181 -0.52678459882736206055 -0.012862967327237129211 -0.95854681730270385742 -0.83265680074691772461 -0.68847185373306274414 
0.79835474491119384766 -0.3984819948673248291 0.48676580190658569336 0.6745898127555847168 0.9647719264030456543 1.0263032913208007812 1.1871466636657714844 0.42678019404411315918 -0.99926000833511352539 -0.066479295492172241211 
2.0030558109283447266 -0.73047137260437011719 0.15895348787307739258 -1.3062734603881835938 0.69338774681091308594 -0.33104625344276428223 0.40072715282440185547 -0.94561636447906494141 -0.75215750932693481445 -0.52398467063903808594 
bias:
-0.99401617050170898438 
0.15923297405242919922 
0.062902577221393585205 
-0.75798618793487548828 
-0.42268252372741699219 
-0.79447674751281738281 
-0.817539215087890625 
-0.10445459932088851929 
-1.1045925617218017578 
0.058489743620157241821 
10 1 
weights:
-1.844895482063293457 0.63893395662307739258 0.099684201180934906006 -2.0175230503082275391 -0.10683783143758773804 2.4829213619232177734 -3.743061065673828125 1.1712357997894287109 1.6103155612945556641 1.9930115938186645508 
bias:
1.3233650922775268555 
