1 10 
weights:
-1.8060827255249023438 
1.3989522457122802734 
0.57917314767837524414 
-0.41172888875007629395 
-1.3632934093475341797 
1.3580328226089477539 
0.84205591678619384766 
0.48944273591041564941 
0.46607619524002075195 
0.56290614604949951172 
bias:
0.28071233630180358887 
-0.89020401239395141602 
-1.1964011192321777344 
0.39299952983856201172 
1.2220939397811889648 
1.2157114744186401367 
2.4411301612854003906 
0.58923327922821044922 
-0.93101930618286132812 
-1.2863465547561645508 
10 10 
weights:
-0.36957523226737976074 0.18214464187622070312 -0.26329123973846435547 1.2059575319290161133 -1.1421613693237304688 0.65770322084426879883 -0.78459405899047851562 -1.5453017950057983398 -0.55192315578460693359 0.18842908740043640137 
-1.3959510326385498047 0.79349052906036376953 -0.74152618646621704102 -0.94049382209777832031 -1.2685655355453491211 1.0200771093368530273 -1.0226216316223144531 -0.56191837787628173828 0.028719704598188400269 -0.10756816715002059937 
0.43856948614120483398 -0.42665556073188781738 0.29784214496612548828 -0.51526504755020141602 -0.095546737313270568848 -0.51083272695541381836 0.5688762664794921875 -0.41124486923217773438 -0.25070858001708984375 0.85766512155532836914 
0.46998119354248046875 1.5219582319259643555 -0.12615214288234710693 0.58674472570419311523 -0.90759938955307006836 1.0110421180725097656 -1.4344903230667114258 -1.7165443897247314453 -1.0575482845306396484 -1.0924321413040161133 
0.2945175468921661377 -0.47087422013282775879 -0.37119752168655395508 -0.79448741674423217773 -0.83508777618408203125 -0.26659357547760009766 -0.23203408718109130859 -0.563770294189453125 0.18719927966594696045 -0.083220250904560089111 
-0.097169801592826843262 -1.4513684511184692383 0.50302720069885253906 -1.1597249507904052734 -0.10439521074295043945 -1.3120057582855224609 0.49608510732650756836 0.65226656198501586914 0.42729833722114562988 0.90338563919067382812 
0.6181786656379699707 -0.80511629581451416016 1.7580260038375854492 -1.6394342184066772461 0.051586512476205825806 -2.68509674072265625 1.08577728271484375 0.22921426594257354736 1.7981553077697753906 1.3734956979751586914 
0.11488384753465652466 0.56798201799392700195 0.089765362441539764404 -0.051243197172880172729 -0.13636246323585510254 -0.37978422641754150391 -0.10464920848608016968 -0.60229933261871337891 -0.69875627756118774414 -0.96375054121017456055 
-0.93592756986618041992 -0.21903580427169799805 -0.66719704866409301758 0.29423257708549499512 0.18228335678577423096 -0.028651453554630279541 -0.96639055013656616211 -0.68690735101699829102 -0.83814167976379394531 0.47583025693893432617 
1.3984643220901489258 -1.2602268457412719727 0.28120714426040649414 -1.7850381135940551758 0.12845952808856964111 -2.1444962024688720703 1.4173443317413330078 0.72952830791473388672 1.5573222637176513672 1.4227149486541748047 
bias:
0.7917792201042175293 
-0.22633217275142669678 
-1.016760706901550293 
0.68590170145034790039 
-0.098335377871990203857 
-0.048982705920934677124 
-0.916866302490234375 
-0.20842628180980682373 
0.7649148106575012207 
-0.94524306058883666992 
10 1 
weights:
1.4636222124099731445 1.8997809886932373047 -0.65174323320388793945 2.2828726768493652344 0.16216793656349182129 -1.3084059953689575195 -2.6800720691680908203 0.65321880578994750977 1.2499147653579711914 -2.5030677318572998047 
bias:
0.41400116682052612305 
