1 10 
weights:
1.47341156005859375 
-0.62949520349502563477 
1.1496421098709106445 
1.8813178539276123047 
0.749675750732421875 
0.84360367059707641602 
0.50177353620529174805 
0.51673638820648193359 
0.7600796818733215332 
1.2076640129089355469 
bias:
-1.6083050966262817383 
-1.3695306777954101562 
1.0234206914901733398 
0.02063984796404838562 
-2.0416281223297119141 
1.9381214380264282227 
-0.75006371736526489258 
-0.90993386507034301758 
-2.0558493137359619141 
0.87618118524551391602 
10 10 
weights:
-0.43131846189498901367 -0.019488481804728507996 0.24116466939449310303 -0.12749801576137542725 0.75922113656997680664 -0.17173130810260772705 0.73893201351165771484 -0.39967137575149536133 0.76094114780426025391 -0.016982385888695716858 
-0.56016647815704345703 0.20003609359264373779 -0.49766916036605834961 -0.30347213149070739746 -0.07589229196310043335 0.24945427477359771729 0.066786274313926696777 -0.37614715099334716797 -0.23565472662448883057 0.12588079273700714111 
-0.33557224273681640625 -0.43356722593307495117 1.0288367271423339844 -0.9470850825309753418 0.63015496730804443359 -0.22724275290966033936 0.19473852217197418213 -0.60231214761734008789 0.20823377370834350586 0.56257647275924682617 
0.55812549591064453125 1.6886990070343017578 -0.13413628935813903809 -0.32096064090728759766 -0.52079993486404418945 0.55883640050888061523 -0.26861122250556945801 -0.78044521808624267578 -0.50962597131729125977 -0.33820927143096923828 
3.1760923862457275391 1.2389260530471801758 0.52366077899932861328 1.3574301004409790039 -1.5615888833999633789 -1.8547887802124023438 -1.3819428682327270508 -1.381514430046081543 -1.6289503574371337891 0.85463184118270874023 
0.64892548322677612305 0.73201966285705566406 0.29028934240341186523 1.6401386260986328125 -2.0090301036834716797 0.21055562794208526611 -0.92341798543930053711 -0.3017406761646270752 -1.0494202375411987305 0.3905798494815826416 
1.764308929443359375 0.90491890907287597656 1.4252572059631347656 0.98649197816848754883 -0.0051366249099373817444 -0.63097912073135375977 -0.30427941679954528809 0.70088899135589599609 0.48503088951110839844 1.5724815130233764648 
0.44387546181678771973 -1.0332235097885131836 1.5244760513305664062 0.49531614780426025391 1.2672096490859985352 2.0888414382934570312 1.1029546260833740234 0.83691579103469848633 -0.078943580389022827148 1.2870588302612304688 
-0.45528581738471984863 0.51994842290878295898 -0.86166721582412719727 -0.150991782546043396 0.50508338212966918945 -0.04986311495304107666 0.24055527150630950928 0.62493175268173217773 1.348567962646484375 0.22069913148880004883 
0.24398420751094818115 -0.34738513827323913574 0.45730549097061157227 0.16717931628227233887 -0.50132030248641967773 -0.22366078197956085205 -0.53980851173400878906 -0.65421700477600097656 -0.76440244913101196289 0.42388713359832763672 
bias:
0.048727530986070632935 
-0.62957358360290527344 
-0.79349881410598754883 
-0.15938434004783630371 
-0.44817209243774414062 
-0.64092552661895751953 
-0.30178955197334289551 
0.58121252059936523438 
-0.73376393318176269531 
-0.63137471675872802734 
10 1 
weights:
-0.94160681962966918945 -0.058936681598424911499 -0.22103168070316314697 0.64711588621139526367 2.9453175067901611328 1.584349513053894043 3.0004341602325439453 -3.3747572898864746094 -0.97367727756500244141 0.71776628494262695312 
bias:
-0.87354320287704467773 
