1 10 
weights:
-1.4708516597747802734 
0.72432959079742431641 
1.3078261613845825195 
0.57116580009460449219 
1.1208031177520751953 
0.48849385976791381836 
1.3874423503875732422 
0.4144077003002166748 
0.59883600473403930664 
-0.37770551443099975586 
bias:
1.1273263692855834961 
1.6843465566635131836 
1.1026369333267211914 
-1.3502942323684692383 
-2.895786285400390625 
0.55912190675735473633 
-1.0383076667785644531 
-0.32862731814384460449 
0.81667780876159667969 
0.054035127162933349609 
10 10 
weights:
0.082779712975025177002 1.8566033840179443359 0.33627781271934509277 0.13559868931770324707 0.56689536571502685547 1.5693428516387939453 0.37096765637397766113 0.91308140754699707031 1.9560725688934326172 -0.57392847537994384766 
-0.7233721613883972168 0.31153047084808349609 -0.54907411336898803711 0.1519387662410736084 0.015768093988299369812 -0.2904497683048248291 -0.11828981339931488037 -0.19008991122245788574 0.76944708824157714844 -0.00071058946195989847183 
-0.29445260763168334961 -0.024108426645398139954 0.25741553306579589844 -0.60218137502670288086 -0.1850751340389251709 -0.40578415989875793457 0.057033114135265350342 -0.0052418578416109085083 -0.10890225321054458618 -0.8826109766960144043 
0.2682469487190246582 -0.66088521480560302734 -0.97434478998184204102 -0.093799613416194915771 0.37754833698272705078 -0.19073125720024108887 0.57102662324905395508 0.82726514339447021484 -0.7754618525505065918 0.017046486958861351013 
-0.0073134186677634716034 -1.0117719173431396484 -0.16501502692699432373 -0.97333836555480957031 -0.73847967386245727539 -0.67243528366088867188 0.11149775981903076172 -0.0076033798977732658386 0.7342612147331237793 0.10177952796220779419 
-0.90368300676345825195 -0.42979022860527038574 -0.077311918139457702637 -0.042477000504732131958 -0.48527452349662780762 -0.67233812808990478516 1.3555978536605834961 -0.4833564460277557373 -0.25459823012351989746 1.9737153053283691406 
-1.3902562856674194336 -1.0220050811767578125 2.4290452003479003906 -1.6032907962799072266 -2.3882424831390380859 -1.4272317886352539062 1.9510519504547119141 -0.96175742149353027344 -0.04527335241436958313 1.8293027877807617188 
-0.2201121896505355835 -0.43566283583641052246 0.29251015186309814453 -0.86299598217010498047 -0.015360146760940551758 0.21736469864845275879 1.3433413505554199219 0.76203477382659912109 -0.51474344730377197266 0.69108641147613525391 
-0.073762625455856323242 0.18595895171165466309 -1.6289622783660888672 0.97209984064102172852 1.1207314729690551758 1.0321822166442871094 -0.63460582494735717773 0.036573570221662521362 -0.011511527001857757568 -0.20904064178466796875 
-1.0070638656616210938 -0.69278317689895629883 2.0522732734680175781 0.24407887458801269531 0.41408383846282958984 0.60370409488677978516 0.70519107580184936523 0.2650947272777557373 -0.24900220334529876709 -0.20966391265392303467 
bias:
-0.59103786945343017578 
-0.32984143495559692383 
-1.1694589853286743164 
-0.47683706879615783691 
-0.59150636196136474609 
-0.99871426820755004883 
0.89022374153137207031 
0.017763515934348106384 
-0.44546589255332946777 
-0.099931009113788604736 
10 1 
weights:
-3.5697729587554931641 -0.27166339755058288574 0.39771285653114318848 -0.098559685051441192627 0.44568780064582824707 1.4593895673751831055 3.1985931396484375 0.42911705374717712402 -1.5183163881301879883 1.7481452226638793945 
bias:
0.34637340903282165527 
