1 10 
weights:
0.41122967004776000977 
0.52735978364944458008 
0.55032354593276977539 
1.5592850446701049805 
0.45037248730659484863 
1.9611451625823974609 
0.47099319100379943848 
-0.41088628768920898438 
1.6630357503890991211 
0.78073716163635253906 
bias:
0.11334619671106338501 
-1.1448882818222045898 
-1.0884345769882202148 
-1.5875558853149414062 
-0.60688269138336181641 
0.076827235519886016846 
-0.85000807046890258789 
0.056456070393323898315 
1.7247780561447143555 
2.1107161045074462891 
10 10 
weights:
-0.57254910469055175781 -0.32130771875381469727 -0.32312062382698059082 0.17947137355804443359 0.50582730770111083984 -0.060367785394191741943 -0.13369743525981903076 -0.11549737304449081421 -0.53311967849731445312 -0.14597399532794952393 
-1.6900347471237182617 -1.7026040554046630859 -0.70311975479125976562 2.7893931865692138672 -1.3401116132736206055 1.2121491432189941406 -1.0653530359268188477 2.0050256252288818359 2.4907484054565429688 -2.5388340950012207031 
0.32703053951263427734 0.33568754792213439941 0.49999678134918212891 -1.5417298078536987305 0.74153536558151245117 -1.3680088520050048828 0.77743762731552124023 -0.51725912094116210938 -0.21463796496391296387 0.31330698728561401367 
0.51359188556671142578 -0.45019990205764770508 -0.44614818692207336426 0.12386652082204818726 0.02891112305223941803 -0.87933272123336791992 1.0275833606719970703 -0.55056732892990112305 0.33240115642547607422 -0.62917959690093994141 
-0.32880729436874389648 0.7820199131965637207 0.73098814487457275391 0.21269650757312774658 -0.0014811467844992876053 0.22281366586685180664 -0.25004568696022033691 -0.6984685063362121582 -0.78752219676971435547 -0.48517259955406188965 
-0.47700408101081848145 -0.34050327539443969727 -0.2590027153491973877 -0.018303694203495979309 0.47560697793960571289 0.15863704681396484375 0.39735865592956542969 -0.17968951165676116943 0.793376922607421875 -0.095823980867862701416 
-0.5518658757209777832 -0.25822976231575012207 -0.015229763463139533997 0.11955350637435913086 -0.15306189656257629395 0.50322169065475463867 0.44050511717796325684 -0.065374292433261871338 -0.75484174489974975586 -0.39490324258804321289 
-0.24670393764972686768 -0.10007927566766738892 0.32073795795440673828 -0.17905412614345550537 -0.7607669830322265625 0.22441256046295166016 -0.25297364592552185059 0.50654989480972290039 0.16898769140243530273 -0.66891252994537353516 
0.42634269595146179199 -0.45849335193634033203 -0.50575053691864013672 0.30077379941940307617 -0.58701407909393310547 -0.26600492000579833984 0.10942725092172622681 -0.6782436370849609375 0.68990117311477661133 -1.3351026773452758789 
0.71225517988204956055 0.92406880855560302734 1.4445127248764038086 -1.3185509443283081055 1.4479604959487915039 -0.71115297079086303711 0.46299383044242858887 -1.1519188880920410156 -1.5973361730575561523 0.63386452198028564453 
bias:
-0.20147046446800231934 
0.014777380041778087616 
0.37167924642562866211 
0.17107757925987243652 
-0.4665597081184387207 
-1.1518968343734741211 
-0.60035210847854614258 
-0.81989264488220214844 
-0.12778303027153015137 
-0.59529298543930053711 
10 1 
weights:
0.12305516749620437622 3.8087241649627685547 -1.3346502780914306641 -0.17216929793357849121 -0.34603926539421081543 0.17752282321453094482 0.11935982853174209595 0.52002340555191040039 0.69834738969802856445 -2.1809933185577392578 
bias:
-0.57358914613723754883 
