1 10 
weights:
0.4585621953010559082 
0.6824855804443359375 
0.41824808716773986816 
1.5591604709625244141 
0.49399659037590026855 
1.3826105594635009766 
0.56916886568069458008 
1.4949480295181274414 
0.42424985766410827637 
0.42717877030372619629 
bias:
-0.76423543691635131836 
1.4433990716934204102 
-0.23789764940738677979 
0.21636545658111572266 
-0.88248372077941894531 
-1.508372187614440918 
-1.2449710369110107422 
1.7980434894561767578 
0.030125703662633895874 
0.20999218523502349854 
10 10 
weights:
-1.0116082429885864258 -1.6005192995071411133 -1.4525799751281738281 1.737479090690612793 -0.66850441694259643555 1.0558942556381225586 -0.69580864906311035156 0.82817405462265014648 -0.060913540422916412354 0.51789951324462890625 
0.51893508434295654297 -0.20668172836303710938 -0.19759318232536315918 -0.6084372401237487793 -0.01207131706178188324 -0.48929074406623840332 0.22065299749374389648 -0.85181099176406860352 0.36098086833953857422 -0.18336974084377288818 
-0.13748261332511901855 -0.84715676307678222656 -0.52763128280639648438 0.29314514994621276855 -0.67913860082626342773 0.82199901342391967773 0.067635841667652130127 0.3277454376220703125 -0.36067149043083190918 -1.3115271329879760742 
0.99204820394515991211 0.79368150234222412109 0.36338275671005249023 -1.3691074848175048828 1.144124150276184082 -0.88825929164886474609 1.818951725959777832 -1.7946485280990600586 1.2509726285934448242 0.43618491291999816895 
-1.1744389533996582031 -1.664997100830078125 -0.74501395225524902344 2.1357207298278808594 -0.18519377708435058594 1.6097084283828735352 -0.74436229467391967773 -0.066726602613925933838 -0.83784437179565429688 -0.9902274012565612793 
-0.5644633173942565918 -1.0482157468795776367 -1.14168548583984375 -0.23333436250686645508 -1.0236835479736328125 0.69190192222595214844 -0.18186107277870178223 -0.22265061736106872559 -0.88116717338562011719 -0.95438790321350097656 
0.40269288420677185059 0.62849652767181396484 -0.027237176895141601562 -0.91046577692031860352 0.63779145479202270508 -1.339992523193359375 0.61559623479843139648 -0.67655134201049804688 0.70067960023880004883 0.75340700149536132812 
-1.0330624580383300781 -1.0035767555236816406 -0.92145246267318725586 1.3528416156768798828 -0.78130221366882324219 1.8709216117858886719 -0.68117958307266235352 0.65259194374084472656 -0.50104802846908569336 -1.4808672666549682617 
0.23312811553478240967 -0.059656541794538497925 0.71869862079620361328 -0.06533702462911605835 0.18266844749450683594 -0.75037479400634765625 0.29430460929870605469 -0.31714892387390136719 0.24069030582904815674 0.066793181002140045166 
-0.70248442888259887695 -0.050656039267778396606 0.045014567673206329346 0.85733622312545776367 -1.3998441696166992188 0.66195505857467651367 -0.71560597419738769531 1.1862320899963378906 0.049791689962148666382 -0.88205504417419433594 
bias:
0.048862498253583908081 
-0.42960709333419799805 
-0.093796357512474060059 
-1.2657399177551269531 
0.39739194512367248535 
-0.42358055710792541504 
-0.47566691040992736816 
0.47844892740249633789 
-1.0151449441909790039 
-0.63435095548629760742 
10 1 
weights:
1.956141352653503418 -0.71953243017196655273 1.264378666877746582 -2.4812026023864746094 2.4110376834869384766 2.6195337772369384766 -1.4549773931503295898 2.3254787921905517578 -0.5350024104118347168 1.3431296348571777344 
bias:
-1.1332049369812011719 
