1 10 
weights:
0.80029773712158203125 
-0.5015125274658203125 
1.5165179967880249023 
0.89850479364395141602 
0.79570031166076660156 
1.6875298023223876953 
1.0124633312225341797 
1.5704839229583740234 
0.652538299560546875 
0.53780573606491088867 
bias:
-1.9307390451431274414 
-0.1640593111515045166 
0.50815832614898681641 
2.0563900470733642578 
-1.9647419452667236328 
-1.6865280866622924805 
1.8345906734466552734 
0.49677398800849914551 
-1.3076347112655639648 
-0.34390854835510253906 
10 10 
weights:
-0.89495980739593505859 -0.24254314601421356201 0.53117388486862182617 -0.6391353607177734375 -1.017237544059753418 0.8368046879768371582 0.57660996913909912109 0.65954566001892089844 -0.76965856552124023438 -0.25064563751220703125 
-0.37254866957664489746 -0.66298061609268188477 0.74900305271148681641 0.52051985263824462891 0.017751352861523628235 -0.28901752829551696777 -0.2915268242359161377 -0.12751935422420501709 0.72654753923416137695 -0.026581216603517532349 
-0.30450972914695739746 0.11330161988735198975 -0.68444144725799560547 -0.82618248462677001953 -0.0045957108959555625916 0.44990947842597961426 -0.62549322843551635742 0.49776297807693481445 0.1952292323112487793 0.32519012689590454102 
0.32217523455619812012 -0.8856328129768371582 0.58384644985198974609 2.4871027469635009766 0.87603038549423217773 0.20593976974487304688 2.4828181266784667969 0.73819088935852050781 0.51510930061340332031 1.7586177587509155273 
-0.16445791721343994141 -0.57715123891830444336 -0.26484283804893493652 -0.16300602257251739502 0.0024187830276787281036 0.092427574098110198975 -0.056828297674655914307 -0.44567084312438964844 0.89510840177536010742 0.19176633656024932861 
-0.11615712195634841919 -1.2404932975769042969 0.39106166362762451172 -0.91274088621139526367 -0.3189639747142791748 1.4548189640045166016 0.66826933622360229492 1.6326727867126464844 -0.96618139743804931641 -0.027190767228603363037 
0.2257166057825088501 0.15323022007942199707 0.15561410784721374512 -0.83107006549835205078 0.51566290855407714844 1.1535779237747192383 0.23571273684501647949 0.81151175498962402344 -0.44098755717277526855 0.29026192426681518555 
0.37760919332504272461 -0.55706483125686645508 -0.093667946755886077881 -0.59204339981079101562 0.4019768834114074707 0.84201616048812866211 -0.14702217280864715576 -0.79517823457717895508 0.29832196235656738281 0.40720212459564208984 
1.8283185958862304688 -1.0942543745040893555 -0.98935520648956298828 -0.076015710830688476562 2.4494295120239257812 -0.4551404416561126709 -0.94172424077987670898 -1.092905879020690918 1.2041184902191162109 1.0112752914428710938 
1.1233286857604980469 0.61804038286209106445 0.36272639036178588867 0.14277283847332000732 0.24924910068511962891 0.84061080217361450195 0.11774764209985733032 1.4410064220428466797 -0.79871529340744018555 0.48863947391510009766 
bias:
-0.094062082469463348389 
-0.81655168533325195312 
-0.13641314208507537842 
-0.41938805580139160156 
-0.53682017326354980469 
-1.0697700977325439453 
0.0062236641533672809601 
-0.6980794072151184082 
-0.90285730361938476562 
-0.30070057511329650879 
10 1 
weights:
1.4760535955429077148 -0.20513308048248291016 0.18524813652038574219 -3.5047686100006103516 -0.39039158821105957031 2.1612787246704101562 1.1902605295181274414 -0.65795993804931640625 -2.9385652542114257812 1.3793722391128540039 
bias:
0.56094300746917724609 
