1 10 
weights:
1.3859472274780273438 
-0.38311278820037841797 
0.39794063568115234375 
1.6605403423309326172 
1.5895748138427734375 
0.5867907404899597168 
0.66729635000228881836 
-0.44601684808731079102 
1.2944680452346801758 
1.228268742561340332 
bias:
-1.2011371850967407227 
-0.50842672586441040039 
0.01772839762270450592 
0.052930485457181930542 
-0.48033401370048522949 
1.1962243318557739258 
1.5333791971206665039 
-0.82046520709991455078 
1.4885280132293701172 
-3.47000885009765625 
10 10 
weights:
-1.1034821271896362305 -1.009769439697265625 0.71452999114990234375 0.055282041430473327637 0.46797546744346618652 0.44957089424133300781 0.25861543416976928711 -1.1166200637817382812 -1.7388602495193481445 1.1911679506301879883 
0.4743645787239074707 -0.52099704742431640625 0.90112674236297607422 1.1258378028869628906 1.4566555023193359375 0.31229552626609802246 -0.067328028380870819092 -0.90317106246948242188 2.0799157619476318359 0.49561363458633422852 
-1.2990424633026123047 -1.6281621456146240234 1.1462808847427368164 -0.51341843605041503906 0.10179821401834487915 0.9289582371711730957 0.66951644420623779297 -0.42386153340339660645 -1.3816716670989990234 0.73113876581192016602 
0.22454924881458282471 -0.13216008245944976807 -0.98450863361358642578 -0.79564166069030761719 -0.73710083961486816406 -0.98989266157150268555 -1.2795830965042114258 0.33959379792213439941 -0.17920620739459991455 0.11362875252962112427 
1.1110365390777587891 -0.58116972446441650391 -0.41046160459518432617 0.12953923642635345459 0.76568627357482910156 -0.97037482261657714844 -0.84846144914627075195 0.084127239882946014404 0.38525408506393432617 -0.91781747341156005859 
0.16149511933326721191 0.082736417651176452637 -0.49322146177291870117 -0.59211122989654541016 -0.62010860443115234375 -1.0702828168869018555 -0.22515110671520233154 0.7808628082275390625 -0.027203166857361793518 0.60758852958679199219 
-1.0259937047958374023 0.036664348095655441284 0.12364289164543151855 0.36743879318237304688 0.33313968777656555176 1.1914148330688476562 0.22228130698204040527 -0.28318756818771362305 -0.14512574672698974609 0.63413989543914794922 
1.0674871206283569336 1.0283983945846557617 -0.092799000442028045654 1.0880720615386962891 1.2519463300704956055 -0.85638946294784545898 -0.62315374612808227539 0.98277586698532104492 0.23639689385890960693 -0.094183005392551422119 
-1.1950740814208984375 -0.83915168046951293945 1.1911468505859375 -0.90482831001281738281 -0.6532796025276184082 0.49967840313911437988 0.74113196134567260742 -1.6331486701965332031 -1.1048766374588012695 2.1440341472625732422 
-1.3607070446014404297 -0.61671370267868041992 1.0024334192276000977 0.32308152318000793457 -0.56838649511337280273 0.59208834171295166016 1.8045957088470458984 -0.38390511274337768555 -0.55901134014129638672 1.1391130685806274414 
bias:
0.089472129940986633301 
-0.82760918140411376953 
0.32859238982200622559 
-0.4656810462474822998 
-0.65001386404037475586 
-0.32150247693061828613 
-0.70242959260940551758 
-0.37481397390365600586 
0.38126835227012634277 
-0.10784440487623214722 
10 1 
weights:
-1.6126259565353393555 1.4939702749252319336 -1.7022190093994140625 2.3109676837921142578 0.96651899814605712891 0.56025999784469604492 -0.96929270029067993164 2.0643105506896972656 -2.3523912429809570312 -2.0973343849182128906 
bias:
1.1519125699996948242 
