1 10 
weights:
-0.37841567397117614746 
-1.4121328592300415039 
0.53970628976821899414 
-0.59075492620468139648 
-1.2167624235153198242 
-0.32972264289855957031 
-0.45219129323959350586 
0.45157298445701599121 
0.3510678410530090332 
0.45599374175071716309 
bias:
-0.71868193149566650391 
-1.2111307382583618164 
-1.4548853635787963867 
-1.4897942543029785156 
0.73598474264144897461 
0.33923685550689697266 
1.072272181510925293 
-1.1423487663269042969 
-0.58465391397476196289 
0.94543856382369995117 
10 10 
weights:
-0.31578692793846130371 -1.2154760360717773438 -0.85979849100112915039 -0.4936199486255645752 -0.84717607498168945312 -0.71040922403335571289 0.64891111850738525391 0.8316275477409362793 -0.13438087701797485352 0.67445141077041625977 
0.62848520278930664062 -0.90249675512313842773 0.16390854120254516602 0.7928142547607421875 -1.5316425561904907227 0.13282790780067443848 -0.26707860827445983887 0.25802093744277954102 -0.12802675366401672363 0.047024108469486236572 
-1.3792943954467773438 1.8477154970169067383 1.2018592357635498047 -0.33550503849983215332 1.8097497224807739258 -0.64718669652938842773 -1.6935197114944458008 1.1177899837493896484 0.85803276300430297852 0.70265245437622070312 
1.332209467887878418 -1.8387645483016967773 -0.60875749588012695312 1.6559278964996337891 -3.7256808280944824219 2.035919189453125 1.4419894218444824219 -1.1230547428131103516 -1.2157469987869262695 -1.1570502519607543945 
0.087377674877643585205 0.65917181968688964844 -0.20393505692481994629 -0.27250790596008300781 0.058694213628768920898 -0.91555005311965942383 -0.6631113886833190918 -0.37000629305839538574 0.33975234627723693848 0.26190176606178283691 
0.74862945079803466797 -1.2330795526504516602 -0.54876953363418579102 1.9903894662857055664 -1.1157178878784179688 0.27228331565856933594 0.67556279897689819336 0.18575201928615570068 -0.13158133625984191895 -0.49704834818840026855 
0.59904181957244873047 0.050974410027265548706 -0.12168087810277938843 -0.69263923168182373047 0.059933394193649291992 -0.26868605613708496094 -0.18589472770690917969 0.33017444610595703125 -0.4197407066822052002 -1.1437448263168334961 
0.23095473647117614746 0.22991445660591125488 -0.54700273275375366211 0.3994559943675994873 -0.33129075169563293457 -0.26677751541137695312 -0.046127893030643463135 -0.058941893279552459717 0.08150828629732131958 -0.51877743005752563477 
0.31707262992858886719 -0.35467943549156188965 -0.062001824378967285156 -0.151281699538230896 -0.64838105440139770508 0.21402288973331451416 0.034565735608339309692 -0.58736687898635864258 -1.2852681875228881836 -1.3755576610565185547 
-0.092504575848579406738 -0.051060155034065246582 -1.1621503829956054688 0.17091692984104156494 -1.1594382524490356445 0.3188914954662322998 -0.01399440225213766098 -0.80782920122146606445 0.037850979715585708618 -0.12011714279651641846 
bias:
-0.22213417291641235352 
-0.48293328285217285156 
-1.6236183643341064453 
1.3150573968887329102 
-0.78043991327285766602 
-0.42160695791244506836 
-0.51555079221725463867 
-1.1850599050521850586 
0.22243385016918182373 
-0.038837719708681106567 
10 1 
weights:
0.87447285652160644531 1.1464923620223999023 -2.7550053596496582031 3.8287866115570068359 -0.46021762490272521973 1.7383865118026733398 0.22988323867321014404 0.49583795666694641113 2.0342452526092529297 1.0404363870620727539 
bias:
-2.5057768821716308594 
