1 10 
weights:
1.47713470458984375 
1.7408452033996582031 
2.0604431629180908203 
0.58871263265609741211 
1.4456660747528076172 
1.0705467462539672852 
0.84955048561096191406 
1.7462426424026489258 
0.54548799991607666016 
1.660275578498840332 
bias:
-0.92178183794021606445 
2.0661764144897460938 
0.70320457220077514648 
-1.1510260105133056641 
-1.8684607744216918945 
2.8929531574249267578 
-2.5005497932434082031 
-0.89644634723663330078 
-0.96409839391708374023 
-0.41498324275016784668 
10 10 
weights:
-0.62897145748138427734 -0.76621538400650024414 0.023205233737826347351 -0.19174356758594512939 -0.28346601128578186035 -0.38429218530654907227 -0.045684520155191421509 -0.50934481620788574219 -0.28109282255172729492 0.3122736513614654541 
-0.02831350080668926239 0.37175649404525756836 -0.11947999894618988037 -0.2078380882740020752 0.42363187670707702637 -1.657278895378112793 -1.1615931987762451172 -0.71223032474517822266 0.55538213253021240234 0.77702766656875610352 
0.49581360816955566406 1.2458494901657104492 0.63316011428833007812 -1.6449431180953979492 0.38256695866584777832 -0.74446815252304077148 -1.6690731048583984375 1.0977188348770141602 -1.3096729516983032227 0.42000719904899597168 
0.23396290838718414307 0.29882341623306274414 1.0522069931030273438 -0.57351094484329223633 0.87298023700714111328 -1.9538773298263549805 -0.93988746404647827148 -0.32766795158386230469 -1.2200313806533813477 -0.018928753212094306946 
0.78929466009140014648 0.69229066371917724609 0.53425318002700805664 -0.46862742304801940918 -0.14311592280864715576 -1.3967919349670410156 -1.1228463649749755859 0.10088446736335754395 -1.0204207897186279297 0.39802086353302001953 
0.65423297882080078125 0.0011150368954986333847 0.039726931601762771606 -1.4972908496856689453 0.21778135001659393311 -0.82017195224761962891 0.082042463123798370361 0.37320908904075622559 -0.33012422919273376465 0.54762727022171020508 
-0.7246901392936706543 -0.71963644027709960938 -0.76559931039810180664 0.81873363256454467773 -0.083844870328903198242 0.28596132993698120117 1.0885448455810546875 -0.10186528414487838745 0.58755588531494140625 -0.58871030807495117188 
0.64637714624404907227 -0.82159203290939331055 0.60618740320205688477 -0.10499049723148345947 0.94669604301452636719 1.1322153806686401367 0.90171003341674804688 0.064869567751884460449 0.74911087751388549805 0.31099298596382141113 
0.73926007747650146484 -0.14378142356872558594 -0.20986884832382202148 -1.1234509944915771484 1.2874807119369506836 -1.6685853004455566406 -0.7841866612434387207 0.60430157184600830078 -0.72874629497528076172 -0.16365896165370941162 
0.641742706298828125 0.35480678081512451172 0.32589009404182434082 -1.3407136201858520508 1.3075227737426757812 -1.2359137535095214844 -1.4495072364807128906 0.47340607643127441406 -1.2653563022613525391 0.50231492519378662109 
bias:
0.27598538994789123535 
-0.4185644686222076416 
-0.33101350069046020508 
0.32125797867774963379 
-0.22405162453651428223 
-0.8313382267951965332 
0.13617150485515594482 
0.20448994636535644531 
-0.37272840738296508789 
-0.23775133490562438965 
10 1 
weights:
-0.15497857332229614258 1.0955675840377807617 2.2223041057586669922 1.7847943305969238281 1.506146550178527832 0.79971182346343994141 -1.2879408597946166992 -1.6839494705200195312 2.0589375495910644531 1.7960412502288818359 
bias:
-1.4231917858123779297 
