1 10 
weights:
1.9767676591873168945 
0.4322001338005065918 
0.71336686611175537109 
-0.608379364013671875 
-1.6264679431915283203 
1.537410736083984375 
0.84032481908798217773 
0.47257339954376220703 
-0.51205939054489135742 
0.57169866561889648438 
bias:
-0.25385770201683044434 
-0.54638719558715820312 
-1.9933687448501586914 
-1.4214791059494018555 
1.8129172325134277344 
1.5154390335083007812 
2.4002482891082763672 
-0.84544652700424194336 
1.083027958869934082 
-1.3602217435836791992 
10 10 
weights:
1.3001792430877685547 -0.2344484180212020874 -1.3202540874481201172 1.0437667369842529297 -0.35794046521186828613 2.1574900150299072266 -0.98371142148971557617 -0.52493953704833984375 1.6723037958145141602 -1.4882816076278686523 
0.49730968475341796875 -0.97188103199005126953 -0.52042436599731445312 -0.55794560909271240234 -2.2782280445098876953 0.51101362705230712891 -0.29583877325057983398 -1.0881806612014770508 -0.66513884067535400391 0.046686198562383651733 
1.0952812433242797852 -1.3959996700286865234 -0.52154409885406494141 1.167847752571105957 -1.3597469329833984375 0.81470066308975219727 -1.4745049476623535156 -0.65261912345886230469 0.63166397809982299805 -0.59007650613784790039 
0.29853591322898864746 0.33159857988357543945 0.046531304717063903809 -0.44028976559638977051 0.24346569180488586426 -0.54992276430130004883 -0.1614293903112411499 -0.30630925297737121582 -1.0984017848968505859 0.77188068628311157227 
0.75679242610931396484 0.19602906703948974609 0.33545708656311035156 1.0612086057662963867 -0.50960630178451538086 2.0341734886169433594 -0.96714866161346435547 -0.40087431669235229492 -0.21586884558200836182 0.66150903701782226562 
-0.015917900949716567993 0.21959979832172393799 0.010940608568489551544 -0.72080081701278686523 0.57875925302505493164 -0.11113561689853668213 0.69433754682540893555 0.74656331539154052734 0.18122240900993347168 1.0378977060317993164 
-0.62819284200668334961 -0.065279774367809295654 0.54781812429428100586 -0.31216001510620117188 0.86724478006362915039 -0.078906476497650146484 0.94730526208877563477 0.80147492885589599609 -0.67104917764663696289 0.51916044950485229492 
1.1443909406661987305 -0.32089912891387939453 -1.125653386116027832 0.62913918495178222656 -0.84746128320693969727 1.0897669792175292969 -1.2192509174346923828 -0.40443748235702514648 1.0888180732727050781 -0.73087221384048461914 
0.53154772520065307617 -0.21210509538650512695 -0.29989162087440490723 -0.33799088001251220703 0.1123576238751411438 0.15769757330417633057 -1.5086439847946166992 -0.11946972459554672241 0.3260866999626159668 -0.12949825823307037354 
0.12366241961717605591 -0.65575766563415527344 0.12157610058784484863 0.52520889043807983398 0.66770815849304199219 -1.4568647146224975586 -0.069910876452922821045 0.18814991414546966553 -0.90697824954986572266 0.51051008701324462891 
bias:
-0.75152057409286499023 
0.42849242687225341797 
0.3847922980785369873 
-0.56132298707962036133 
-0.1354884803295135498 
0.2085380256175994873 
0.009186916053295135498 
-0.26232039928436279297 
-0.63214784860610961914 
-1.2406420707702636719 
10 1 
weights:
2.5132668018341064453 1.5080115795135498047 2.0837678909301757812 -0.73838430643081665039 1.5179895162582397461 -2.0007264614105224609 -1.87926483154296875 1.7912662029266357422 0.66831821203231811523 -0.18369460105895996094 
bias:
-1.1299902200698852539 
