1 10 
weights:
1.6246851682662963867 
0.4158357083797454834 
-1.4920076131820678711 
-0.40922316908836364746 
0.43672680854797363281 
-0.92779040336608886719 
0.93132632970809936523 
-0.43136551976203918457 
-1.4681531190872192383 
1.5817024707794189453 
bias:
-0.13104353845119476318 
0.084807783365249633789 
-1.3381637334823608398 
-0.061442799866199493408 
-0.19099412858486175537 
2.6160523891448974609 
2.4782657623291015625 
-0.41492250561714172363 
1.7260625362396240234 
0.45558452606201171875 
10 10 
weights:
-0.11040341854095458984 0.93436402082443237305 1.6422219276428222656 -0.030928907915949821472 0.4254493415355682373 -1.2298570871353149414 0.26142090559005737305 -0.66500425338745117188 -0.0067505994811654090881 -1.3278001546859741211 
-0.62393343448638916016 -0.36327093839645385742 0.21672950685024261475 0.80276900529861450195 -0.096167653799057006836 -0.35637652873992919922 0.27518570423126220703 0.79322147369384765625 0.68346190452575683594 -0.55502021312713623047 
0.1241000741720199585 -0.85857784748077392578 0.5069567561149597168 -1.0041823387145996094 0.52128559350967407227 -0.19883784651756286621 0.31179738044738769531 0.015518859028816223145 0.67798751592636108398 -0.17950274050235748291 
-0.96860915422439575195 -0.58024615049362182617 0.13298664987087249756 0.47157430648803710938 -0.98211771249771118164 -0.43762913346290588379 0.48597067594528198242 0.29418876767158508301 0.83693856000900268555 -0.96405225992202758789 
1.5183455944061279297 -2.2741641998291015625 -0.5443941950798034668 1.6076997518539428711 -1.199606776237487793 1.5180106163024902344 -2.0800194740295410156 1.8426575660705566406 -2.2946760654449462891 1.6998035907745361328 
1.0082587003707885742 -0.44049614667892456055 -0.099615357816219329834 0.64086329936981201172 1.2207311391830444336 -0.17750819027423858643 0.60879677534103393555 0.84192633628845214844 0.5950857996940612793 0.73781174421310424805 
-0.39551499485969543457 0.10502547025680541992 0.53859525918960571289 -0.38992571830749511719 -0.69136410951614379883 0.30054751038551330566 -1.5872881412506103516 0.30234190821647644043 -0.26120975613594055176 -0.023624831810593605042 
0.52821898460388183594 -0.37201082706451416016 -0.16392241418361663818 -0.123032398521900177 -0.15585502982139587402 -0.57190293073654174805 0.16284844279289245605 -0.86210525035858154297 0.59319019317626953125 -0.049455724656581878662 
-0.24064312875270843506 -1.0132099390029907227 0.33270868659019470215 -0.13187216222286224365 0.44787588715553283691 0.11731486767530441284 -1.0989137887954711914 -0.31755399703979492188 0.37998980283737182617 0.16074822843074798584 
0.12720735371112823486 0.71040678024291992188 0.82731479406356811523 -0.71761471033096313477 1.1001528501510620117 -1.9542620182037353516 0.54141050577163696289 -0.26443508267402648926 0.072341792285442352295 -1.0145821571350097656 
bias:
-0.48290884494781494141 
-1.3863385915756225586 
-0.96295630931854248047 
-0.56547224521636962891 
0.024591978639364242554 
1.3859171867370605469 
-0.60438001155853271484 
-0.54920810461044311523 
-0.77659690380096435547 
-0.37795495986938476562 
10 1 
weights:
-1.7516663074493408203 -0.4097773134708404541 -0.6605097651481628418 -0.81878495216369628906 3.6579887866973876953 -1.9405543804168701172 0.50180155038833618164 -0.64476233720779418945 0.21274936199188232422 -2.1763384342193603516 
bias:
2.2059972286224365234 
