1 10 
weights:
1.8351225852966308594 
0.68991136550903320312 
0.512500762939453125 
0.9898402094841003418 
0.73956823348999023438 
1.7359200716018676758 
-0.5120423436164855957 
0.43937149643898010254 
0.43594759702682495117 
1.4063907861709594727 
bias:
-1.8048316240310668945 
-1.5109112262725830078 
0.32109344005584716797 
2.3996932506561279297 
-1.6646568775177001953 
-0.018467454239726066589 
0.69976842403411865234 
-0.18171113729476928711 
-0.12613536417484283447 
1.4977667331695556641 
10 10 
weights:
-2.1929306983947753906 2.1268708705902099609 0.43040552735328674316 0.039347548037767410278 1.8989200592041015625 -1.750817418098449707 -2.1150574684143066406 1.8941261768341064453 1.0474838018417358398 -1.2449949979782104492 
-0.019134882837533950806 1.1604528427124023438 0.59414958953857421875 0.39216983318328857422 -0.27283775806427001953 1.0805460214614868164 0.082508370280265808105 -0.12977206707000732422 0.77943515777587890625 0.98064935207366943359 
-1.5662102699279785156 0.67745852470397949219 1.0511281490325927734 0.84315752983093261719 0.12946176528930664062 0.35627463459968566895 -0.35453528165817260742 0.66992324590682983398 0.53632938861846923828 -0.69386780261993408203 
1.6430281400680541992 0.59553992748260498047 1.3981058597564697266 0.93514257669448852539 0.12271503359079360962 0.74042582511901855469 -1.2942502498626708984 0.49119955301284790039 -0.38787233829498291016 1.1499285697937011719 
-0.43780359625816345215 0.082223348319530487061 0.24192474782466888428 0.20455130934715270996 -0.052288986742496490479 -0.12552253901958465576 -0.3811391294002532959 0.36618244647979736328 -0.44966650009155273438 -0.074636466801166534424 
-0.58076280355453491211 0.17526669800281524658 -0.61261987686157226562 -0.028032837435603141785 0.3831500709056854248 -0.73617398738861083984 -0.60404938459396362305 -0.69080108404159545898 -0.12602517008781433105 -0.14893822371959686279 
0.43555212020874023438 1.5364503860473632812 1.1952990293502807617 3.2058115005493164062 0.23715993762016296387 1.123370051383972168 -0.75873607397079467773 0.84322661161422729492 0.75830638408660888672 -0.17895837128162384033 
1.2498569488525390625 -0.5099022984504699707 0.13097262382507324219 -0.12530919909477233887 -0.98243826627731323242 -0.42272764444351196289 0.75080978870391845703 -0.64403712749481201172 -0.072634749114513397217 0.51779729127883911133 
-0.6263344883918762207 0.47870713472366333008 -1.3606128692626953125 -0.27409952878952026367 0.033025864511728286743 -0.030869942158460617065 0.49195653200149536133 -0.70367276668548583984 -0.19811046123504638672 -0.03219051659107208252 
0.23723511397838592529 -0.2839596867561340332 -0.43930903077125549316 -0.15865065157413482666 -0.26896235346794128418 0.97166967391967773438 0.45411980152130126953 -0.99835002422332763672 -0.69220691919326782227 0.27174365520477294922 
bias:
0.064294084906578063965 
0.93016356229782104492 
-0.31982144713401794434 
-1.6621643304824829102 
-0.6265652775764465332 
0.23791073262691497803 
-0.41966584324836730957 
-0.79806953668594360352 
-0.31677979230880737305 
-0.33180567622184753418 
10 1 
weights:
-3.2338595390319824219 0.44830229878425598145 -1.7606939077377319336 2.6344957351684570312 -0.35527649521827697754 -0.35963934659957885742 -3.3332569599151611328 0.9420630335807800293 0.19127953052520751953 0.94700384140014648438 
bias:
2.4538486003875732422 
