1 10 
weights:
-1.4028153419494628906 
0.53113073110580444336 
-0.44259473681449890137 
1.0669881105422973633 
0.39837482571601867676 
-0.43100890517234802246 
-1.3296658992767333984 
-0.38474524021148681641 
1.6308921575546264648 
0.93849742412567138672 
bias:
-1.4960149526596069336 
0.94665235280990600586 
-0.77351331710815429688 
2.5557458400726318359 
0.14299981296062469482 
0.60016632080078125 
1.1677252054214477539 
-0.46840786933898925781 
0.25733211636543273926 
-2.9279406070709228516 
10 10 
weights:
-1.1151621341705322266 -0.92015433311462402344 1.4350563287734985352 -1.6982566118240356445 -0.12726882100105285645 1.4598398208618164062 -2.4416217803955078125 1.7770915031433105469 0.71920418739318847656 -1.1107960939407348633 
-0.53200900554656982422 -0.39426323771476745605 -0.0013476223684847354889 -0.49593761563301086426 0.19872531294822692871 0.59164142608642578125 0.19937977194786071777 0.33914127945899963379 0.71488845348358154297 0.83540302515029907227 
1.3720315694808959961 -0.14533944427967071533 0.0055504138581454753876 -0.32016545534133911133 1.1021245718002319336 -0.6235713958740234375 0.59057438373565673828 -0.10022448748350143433 -0.81810271739959716797 1.1277029514312744141 
0.23587071895599365234 -0.82379424571990966797 -0.29855614900588989258 -0.50556546449661254883 0.093407198786735534668 -0.21471913158893585205 -0.018892226740717887878 0.28720432519912719727 0.39552664756774902344 0.17330476641654968262 
0.75978195667266845703 -0.98494535684585571289 -0.21121940016746520996 -1.4188038110733032227 -0.41081866621971130371 -0.026505477726459503174 -0.0594483986496925354 1.148792266845703125 -0.19126972556114196777 0.20870542526245117188 
1.0315014123916625977 -0.19042085111141204834 -0.24628676474094390869 0.29877275228500366211 0.46298751235008239746 -0.67257064580917358398 0.05687775835394859314 -1.3736569881439208984 -1.0549981594085693359 1.8340758085250854492 
-0.7531388401985168457 0.42011529207229614258 1.1071325540542602539 -0.69926524162292480469 -0.70618218183517456055 0.21667951345443725586 -1.1730303764343261719 0.050607480108737945557 0.74716013669967651367 0.11005149781703948975 
-0.73933517932891845703 -0.1972465217113494873 0.41365727782249450684 -0.49137422442436218262 0.39079251885414123535 0.64212787151336669922 -1.3883106708526611328 0.62748581171035766602 1.2061290740966796875 -1.5994287729263305664 
-0.57054954767227172852 -0.0038471065927296876907 1.1249462366104125977 -0.40030902624130249023 -1.2670420408248901367 0.29882061481475830078 -1.365032196044921875 1.0766834020614624023 0.55479508638381958008 -0.86135441064834594727 
-0.61692887544631958008 -1.214313507080078125 0.55431753396987915039 0.34008628129959106445 0.11458084732294082642 1.0351784229278564453 0.37041592597961425781 -0.10131762176752090454 0.49863031506538391113 -0.32464250922203063965 
bias:
0.69328284263610839844 
-0.19452451169490814209 
-0.62151312828063964844 
-0.82871294021606445312 
-1.3726335763931274414 
-0.21030683815479278564 
-0.34973633289337158203 
-0.52137339115142822266 
-0.110775776207447052 
-0.35304763913154602051 
10 1 
weights:
3.1004545688629150391 0.37391966581344604492 -1.5786991119384765625 0.10729660838842391968 0.98386782407760620117 -2.27386474609375 0.97214156389236450195 1.8146505355834960938 1.63985443115234375 0.77349722385406494141 
bias:
-1.5251826047897338867 
