1 10 
weights:
-0.7003726959228515625 
0.89607930183410644531 
1.2375414371490478516 
0.33636835217475891113 
1.4295810461044311523 
1.0181616544723510742 
-0.43755981326103210449 
0.55348581075668334961 
0.61850190162658691406 
1.3139113187789916992 
bias:
-1.875338435173034668 
2.2493288516998291016 
-0.88812148571014404297 
0.29903662204742431641 
-0.86365377902984619141 
-2.9852843284606933594 
-0.8351090550422668457 
-1.3925849199295043945 
-1.5248409509658813477 
0.97930115461349487305 
10 10 
weights:
0.26271095871925354004 -0.21342788636684417725 0.094642743468284606934 -0.50976336002349853516 1.2413460016250610352 -1.8345621824264526367 0.51847296953201293945 -0.38625648617744445801 -0.35689792037010192871 1.4135992527008056641 
-0.56897217035293579102 1.2056983709335327148 -0.56827443838119506836 0.67671781778335571289 -0.30024859309196472168 0.33927124738693237305 -0.60410845279693603516 0.73881286382675170898 0.046942308545112609863 0.42697662115097045898 
0.87441748380661010742 -0.0039719380438327789307 1.1557729244232177734 -1.3596196174621582031 0.81699764728546142578 -1.6335281133651733398 0.28397414088249206543 -0.3066355288028717041 -0.2165234982967376709 0.56838124990463256836 
0.6170241236686706543 -0.39992743730545043945 1.0255625247955322266 -0.86132693290710449219 1.0714474916458129883 -0.12954983115196228027 -0.19053561985492706299 0.46610677242279052734 0.60136580467224121094 1.3816257715225219727 
0.4063338935375213623 -0.57001906633377075195 0.14834733307361602783 -0.042312301695346832275 -0.28235530853271484375 1.2620856761932373047 0.68692123889923095703 0.33109125494956970215 0.31888982653617858887 -0.1513681560754776001 
1.0631355047225952148 -2.3762238025665283203 1.5972692966461181641 -0.44098225235939025879 0.81356596946716308594 -0.24919018149375915527 0.55224400758743286133 -1.1299824714660644531 -0.69194626808166503906 0.84109109640121459961 
0.20622453093528747559 -0.64694738388061523438 0.33468344807624816895 -1.2881004810333251953 -0.35458663105964660645 0.34406822919845581055 -0.003940041176974773407 -0.42533421516418457031 -0.38639339804649353027 -0.36470007896423339844 
-0.32772770524024963379 0.92171502113342285156 -0.89014971256256103516 0.57152634859085083008 0.10609512031078338623 1.0532766580581665039 -0.34599226713180541992 0.028613388538360595703 0.13003538548946380615 -1.4389361143112182617 
-0.37016460299491882324 -0.52203464508056640625 0.30514848232269287109 -0.52033829689025878906 -0.26539728045463562012 0.6188570857048034668 0.074126057326793670654 -0.43623051047325134277 -0.10476712137460708618 -0.75276643037796020508 
-0.92477643489837646484 -0.58497929573059082031 -0.37210437655448913574 0.40827018022537231445 -0.66279101371765136719 1.4961954355239868164 -0.75229799747467041016 1.0104906558990478516 0.78271532058715820312 -1.266547083854675293 
bias:
-0.55336672067642211914 
0.4158045649528503418 
-0.19865556061267852783 
0.35813254117965698242 
-1.1093862056732177734 
-0.60609394311904907227 
0.28374186158180236816 
0.032277952879667282104 
-0.42069551348686218262 
0.36335992813110351562 
10 1 
weights:
1.740622401237487793 -1.9980177879333496094 1.6256057024002075195 2.6180469989776611328 -0.6274617314338684082 2.5996792316436767578 0.5030339360237121582 -1.4959843158721923828 0.073036201298236846924 -1.8916999101638793945 
bias:
-1.3913931846618652344 
