1 10 
weights:
1.0082921981811523438 
1.3707773685455322266 
-0.91313707828521728516 
0.67548155784606933594 
1.216517329216003418 
0.57116270065307617188 
0.49908325076103210449 
0.90316110849380493164 
0.47542345523834228516 
1.6673017740249633789 
bias:
2.4015471935272216797 
0.49948537349700927734 
2.3720002174377441406 
0.59914785623550415039 
0.70636159181594848633 
-1.0617077350616455078 
-0.71389180421829223633 
-2.3581764698028564453 
0.022073218598961830139 
-1.1581875085830688477 
10 10 
weights:
-0.52983707189559936523 0.26191958785057067871 -0.18214444816112518311 -0.34059876203536987305 0.26273798942565917969 -0.068995088338851928711 -0.10604204237461090088 -0.10930252820253372192 -0.30108058452606201172 -0.048489190638065338135 
0.5018107295036315918 0.44600617885589599609 -0.038257483392953872681 0.1674617081880569458 0.069837190210819244385 -0.91016310453414916992 -0.78613823652267456055 -0.07423044741153717041 -0.51475930213928222656 0.45875036716461181641 
-2.5990545749664306641 -0.27514311671257019043 0.42626121640205383301 -1.4374639987945556641 -0.51887619495391845703 -0.0353221110999584198 -0.59686493873596191406 0.51841461658477783203 -1.2423534393310546875 0.52167403697967529297 
1.3715063333511352539 0.44038614630699157715 0.25544896721839904785 1.0114110708236694336 0.11285364627838134766 0.71984648704528808594 0.74272125959396362305 -0.081171177327632904053 0.91002506017684936523 1.3334821462631225586 
-0.41866418719291687012 -0.36720606684684753418 -0.35137823224067687988 0.58114373683929443359 0.19033385813236236572 0.41113877296447753906 -0.089511066675186157227 -0.095916621387004852295 0.44623571634292602539 -0.3748111426830291748 
-0.55796861648559570312 -0.68918567895889282227 -0.44909343123435974121 -0.057661194354295730591 0.49255603551864624023 0.0004569517914205789566 0.19106552004814147949 -0.0030073907691985368729 -0.78313398361206054688 -0.65805155038833618164 
0.17847241461277008057 -0.085316441953182220459 -1.8930619955062866211 0.090916834771633148193 1.4370507001876831055 0.84879434108734130859 0.27090355753898620605 0.86376935243606567383 0.68719696998596191406 0.73260200023651123047 
-1.0922774076461791992 0.93048393726348876953 1.2779672145843505859 -0.011167452670633792877 1.5339679718017578125 -0.29259267449378967285 -0.10716180503368377686 -1.2024416923522949219 -0.20063392817974090576 0.38468125462532043457 
-0.048285730183124542236 1.2231793403625488281 1.261455535888671875 0.27493360638618469238 0.8838761448860168457 -0.79528069496154785156 -0.52417814731597900391 -2.0832536220550537109 -0.98415452241897583008 1.5552803277969360352 
0.53343409299850463867 -0.68879973888397216797 -1.5436595678329467773 0.28407058119773864746 -1.6270430088043212891 0.69383853673934936523 0.76486009359359741211 0.56786435842514038086 0.68731260299682617188 -0.43400904536247253418 
bias:
-0.39279726147651672363 
-0.37711256742477416992 
-0.045649901032447814941 
0.15065212547779083252 
-0.77132976055145263672 
-0.37443071603775024414 
-1.0546276569366455078 
-1.0238405466079711914 
-1.1480069160461425781 
0.32430300116539001465 
10 1 
weights:
0.3362484276294708252 0.55199968814849853516 4.1773295402526855469 -1.9675958156585693359 -0.36650201678276062012 -0.13446284830570220947 1.886620640754699707 1.74054718017578125 2.4198620319366455078 -1.9963306188583374023 
bias:
-1.2685768604278564453 
