1 10 
weights:
-0.42464274168014526367 
0.44861078262329101562 
0.64306771755218505859 
-0.61234897375106811523 
0.74529373645782470703 
0.44624036550521850586 
1.8090682029724121094 
1.5106542110443115234 
0.45063671469688415527 
1.5907481908798217773 
bias:
-0.22336567938327789307 
0.48908731341361999512 
1.4387041330337524414 
1.4239757061004638672 
-2.0419564247131347656 
0.40273508429527282715 
-0.028488915413618087769 
1.5808894634246826172 
-0.78242444992065429688 
-1.5973464250564575195 
10 10 
weights:
-0.54808270931243896484 0.65861749649047851562 -0.15219974517822265625 -0.19659592211246490479 0.067317791283130645752 -0.69564223289489746094 -0.68299067020416259766 -0.42217627167701721191 -0.56056988239288330078 0.41628247499465942383 
-1.0905313491821289062 -0.47029319405555725098 -0.0071554654277861118317 -0.63683074712753295898 -0.53037160634994506836 1.0412709712982177734 0.32371753454208374023 -0.46291351318359375 0.31687524914741516113 -0.63844609260559082031 
0.91062033176422119141 -0.73051548004150390625 -2.2227079868316650391 0.24431677162647247314 0.29357695579528808594 -1.5801051855087280273 -0.14744485914707183838 -0.075137436389923095703 -0.14053100347518920898 0.90942913293838500977 
-0.14287689328193664551 -0.44800263643264770508 0.10455060750246047974 0.21584394574165344238 -0.31226384639739990234 0.15642677247524261475 0.60973095893859863281 -0.51991546154022216797 -0.51435691118240356445 -0.22863060235977172852 
0.77376985549926757812 -0.58469170331954956055 0.051514733582735061646 -0.070623271167278289795 0.39896553754806518555 -0.10085429251194000244 1.9560487270355224609 2.1950397491455078125 -0.20009927451610565186 1.1647136211395263672 
-0.56993144750595092773 -0.44094312191009521484 -0.29486861824989318848 0.54657691717147827148 -0.049417186528444290161 -0.14430047571659088135 0.30419638752937316895 -0.29478859901428222656 -0.51567518711090087891 0.6869843602180480957 
-0.87630987167358398438 1.0425795316696166992 1.0657522678375244141 -1.3851090669631958008 1.8500639200210571289 1.2620345354080200195 -2.1249988079071044922 -1.3764842748641967773 1.7133855819702148438 -1.7539706230163574219 
0.61614429950714111328 -0.7701282501220703125 -0.059558708220720291138 -0.4919522702693939209 0.82958054542541503906 -0.88413882255554199219 -0.1469411998987197876 0.073516286909580230713 0.49963724613189697266 -0.56018251180648803711 
1.0965818166732788086 -1.426600337028503418 -1.4141378402709960938 0.57138806581497192383 -0.94101911783218383789 -1.6203756332397460938 1.4461405277252197266 0.73654103279113769531 -1.1074569225311279297 2.3296191692352294922 
-0.060177508741617202759 -0.44990253448486328125 -0.10324895381927490234 -0.34151977300643920898 -0.71796488761901855469 -0.58568406105041503906 -0.24327194690704345703 0.067473948001861572266 -0.87306231260299682617 0.99895876646041870117 
bias:
-0.22594022750854492188 
-0.087794736027717590332 
-0.32625302672386169434 
-0.69669246673583984375 
-0.12214872986078262329 
-0.78776329755783081055 
0.4495169520378112793 
-0.46311271190643310547 
-0.3168601691722869873 
0.11228850483894348145 
10 1 
weights:
-0.25623649358749389648 -0.59040302038192749023 2.0735991001129150391 0.15048147737979888916 2.4326219558715820312 0.47613433003425598145 -3.3877437114715576172 -0.21405625343322753906 2.5372600555419921875 0.49389705061912536621 
bias:
-1.7830333709716796875 
