1 10 
weights:
3.0896592140197753906 
0.79732728004455566406 
2.4356305599212646484 
-0.68881344795227050781 
0.51349890232086181641 
0.87888586521148681641 
2.4517028331756591797 
2.1008501052856445312 
1.6009135246276855469 
0.75997555255889892578 
bias:
-1.2056717872619628906 
-2.1996240615844726562 
-2.0773611068725585938 
1.8417297601699829102 
0.83046990633010864258 
2.5174927711486816406 
-1.3897444009780883789 
0.32497230172157287598 
1.7501360177993774414 
-1.4903196096420288086 
10 10 
weights:
-0.62419533729553222656 -0.32672992348670959473 -0.2792186737060546875 -0.26008954644203186035 -0.47425258159637451172 1.2335726022720336914 -0.25339937210083007812 -1.0373480319976806641 -1.1499605178833007812 -0.89328330755233764648 
-0.6178423762321472168 2.8691475391387939453 -0.24158453941345214844 -1.8782563209533691406 2.0058865547180175781 2.4023835659027099609 -1.1827620267868041992 -1.3992065191268920898 -2.4312882423400878906 0.86683177947998046875 
-0.8067455291748046875 -1.1874040365219116211 -0.69363743066787719727 -1.3158657550811767578 -1.0266860723495483398 -0.67632031440734863281 -0.82662129402160644531 -0.52772480249404907227 -0.41435787081718444824 -0.82940089702606201172 
0.14477051794528961182 -1.2699539661407470703 0.040169764310121536255 -1.155810236930847168 -0.79334795475006103516 0.041520379483699798584 -0.53937315940856933594 -0.66960847377777099609 0.25951045751571655273 -0.93997836112976074219 
-0.5028285980224609375 -1.4379072189331054688 -1.3798249959945678711 -1.2791304588317871094 -2.8036894798278808594 -0.6348330378532409668 -1.3883471488952636719 -1.3896795511245727539 -0.34116363525390625 -1.1014788150787353516 
-0.14085495471954345703 -1.0882147550582885742 -0.74638646841049194336 -0.78728324174880981445 -1.5960977077484130859 -0.21070507168769836426 -0.2656230926513671875 -0.177644386887550354 -0.3428058326244354248 -0.57260537147521972656 
0.25942316651344299316 -0.25880226492881774902 -0.47936785221099853516 -0.9469578862190246582 -0.80581831932067871094 -0.72129470109939575195 -0.78381127119064331055 0.43357959389686584473 -0.74092614650726318359 -1.1120074987411499023 
-1.1859192848205566406 -0.30731892585754394531 -0.73946726322174072266 -1.0409466028213500977 -0.80545657873153686523 -0.21254914999008178711 -1.8916021585464477539 -1.6959205865859985352 -0.27564334869384765625 -0.51913309097290039062 
0.37695363163948059082 1.1834446191787719727 0.69895350933074951172 -0.065506055951118469238 0.79446065425872802734 1.0253623723983764648 0.42474824190139770508 0.54210776090621948242 0.27821165323257446289 0.14555130898952484131 
-0.43122330307960510254 0.15439739823341369629 1.4732879400253295898 0.24792782962322235107 -0.62444996833801269531 -1.8874181509017944336 0.66128331422805786133 0.066544733941555023193 -0.0026216201949864625931 0.34580722451210021973 
bias:
-0.95883268117904663086 
-0.17488342523574829102 
-2.7809271812438964844 
-1.1621402502059936523 
-3.060771942138671875 
-2.1630444526672363281 
-0.94812577962875366211 
-1.9360799789428710938 
0.10148072987794876099 
0.14147934317588806152 
10 1 
weights:
-0.72880822420120239258 -3.9286701679229736328 0.51276147365570068359 -0.85821866989135742188 0.71194410324096679688 0.12559820711612701416 0.073023237287998199463 -0.75265836715698242188 -1.5557998418807983398 2.1707034111022949219 
bias:
2.1818914413452148438 
