1 10 
weights:
0.55209690332412719727 
0.56737947463989257812 
0.96004998683929443359 
1.433827519416809082 
0.51243191957473754883 
0.82110500335693359375 
1.4029744863510131836 
1.2076590061187744141 
1.3741974830627441406 
0.85334640741348266602 
bias:
0.1941537708044052124 
-0.97094810009002685547 
-2.7371349334716796875 
0.35522803664207458496 
-0.50067347288131713867 
1.3767514228820800781 
-0.56868207454681396484 
0.930240631103515625 
-1.3995453119277954102 
1.7767865657806396484 
10 10 
weights:
-0.59011191129684448242 -0.60866469144821166992 -1.1893565654754638672 0.88181728124618530273 -0.93602579832077026367 -0.65337026119232177734 0.83486831188201904297 1.4866242408752441406 1.4857499599456787109 -1.3175672292709350586 
-0.33289664983749389648 -0.40310066938400268555 -1.3543452024459838867 1.3051255941390991211 -0.8681805729866027832 0.31666222214698791504 0.78546994924545288086 1.0604643821716308594 0.83324563503265380859 -1.7385802268981933594 
1.2693158388137817383 0.93371528387069702148 0.36747536063194274902 0.32779482007026672363 1.7523100376129150391 2.2144496440887451172 0.035473465919494628906 0.86267131567001342773 -0.73399180173873901367 2.0159173011779785156 
-0.73961317539215087891 0.30249452590942382812 0.48623788356781005859 -0.71358275413513183594 -0.14490072429180145264 -0.62942928075790405273 0.4646168053150177002 -0.50313752889633178711 -0.078067667782306671143 -0.39511525630950927734 
-1.1338779926300048828 0.011011662892997264862 -0.16704256832599639893 0.49371057748794555664 -0.62768059968948364258 -0.15918959677219390869 0.84566313028335571289 0.78170019388198852539 0.53772121667861938477 -0.87635862827301025391 
-0.27204805612564086914 -0.89786791801452636719 -1.092844843864440918 1.1303813457489013672 -0.92772650718688964844 0.10774001479148864746 0.39397504925727844238 0.83529490232467651367 0.80368381738662719727 -0.34811651706695556641 
-1.3943719863891601562 -0.27388274669647216797 0.25615140795707702637 -0.12384151667356491089 -0.1114253699779510498 0.61448079347610473633 -0.087640590965747833252 0.19781625270843505859 0.094608001410961151123 -0.48337253928184509277 
0.31735181808471679688 -0.27832144498825073242 -0.1697743535041809082 -0.063753202557563781738 -0.51634377241134643555 -0.16554880142211914062 -0.062568247318267822266 0.047695815563201904297 0.11914026737213134766 -0.85718864202499389648 
1.0714186429977416992 0.75175374746322631836 0.30805918574333190918 -0.43158283829689025879 0.014786332845687866211 -0.099713318049907684326 0.15368255972862243652 0.18745861947536468506 0.73643863201141357422 0.02387387491762638092 
0.85793691873550415039 1.5111762285232543945 2.1914086341857910156 -1.7962743043899536133 1.2456417083740234375 -0.058123312890529632568 0.08707574009895324707 -1.81665802001953125 -0.52564311027526855469 0.43411034345626831055 
bias:
-0.883190155029296875 
-0.67764377593994140625 
-0.76384717226028442383 
0.081086777150630950928 
-1.0226348638534545898 
-0.78461402654647827148 
-0.55406117439270019531 
-0.45190915465354919434 
-0.3690808415412902832 
-0.65775632858276367188 
10 1 
weights:
2.0526621341705322266 1.7550876140594482422 -3.5575056076049804688 -0.30164635181427001953 0.97068578004837036133 1.450207829475402832 0.4361012578010559082 0.42193317413330078125 -0.14737614989280700684 -2.5526065826416015625 
bias:
2.1809842586517333984 
