1 10 
weights:
1.9547479152679443359 
0.68621206283569335938 
0.42686402797698974609 
1.5337400436401367188 
0.47141754627227783203 
-0.65932059288024902344 
-0.69247388839721679688 
0.4928607940673828125 
-1.4226155281066894531 
1.5056562423706054688 
bias:
-0.30440762639045715332 
-1.688513636589050293 
0.22597482800483703613 
-1.7583937644958496094 
0.77363681793212890625 
1.5890076160430908203 
-1.8589899539947509766 
0.82610601186752319336 
-0.38662874698638916016 
2.1612105369567871094 
10 10 
weights:
-0.43198367953300476074 0.59871649742126464844 0.57331472635269165039 -0.71042275428771972656 1.0199797153472900391 -0.68209183216094970703 -1.2842987775802612305 0.22994244098663330078 0.17061436176300048828 -0.57846951484680175781 
-0.97010713815689086914 1.8395862579345703125 0.94913375377655029297 -0.60362863540649414062 1.4773451089859008789 -1.9588371515274047852 -1.0335735082626342773 0.68455725908279418945 1.2665705680847167969 -1.51507568359375 
0.47542083263397216797 -0.11791294068098068237 0.26376622915267944336 0.190587654709815979 -0.74284124374389648438 -0.44258677959442138672 0.12793567776679992676 -0.76963907480239868164 0.15398539602756500244 -0.18864049017429351807 
-0.98731958866119384766 0.97078531980514526367 0.42664766311645507812 0.34449401497840881348 0.89686453342437744141 -0.23919448256492614746 0.35580503940582275391 0.19514733552932739258 0.70972543954849243164 -0.025186982005834579468 
0.025380214676260948181 0.024520047008991241455 -0.89538550376892089844 0.61000746488571166992 -1.0971093177795410156 0.075267687439918518066 1.4380058050155639648 -1.0091577768325805664 -0.29164350032806396484 -0.72770291566848754883 
-0.52562963962554931641 -0.18225425481796264648 -0.73585313558578491211 -1.1262727975845336914 -0.10575070232152938843 -0.017595008015632629395 0.49756228923797607422 0.13167689740657806396 0.58316242694854736328 0.049277614802122116089 
1.1805666685104370117 -1.1964401006698608398 -1.3852341175079345703 2.5602984428405761719 -1.468487858772277832 1.6560076475143432617 1.3574129343032836914 -1.1336458921432495117 -0.84966099262237548828 -0.37802803516387939453 
0.19510999321937561035 -0.20652891695499420166 1.2543486356735229492 0.85614663362503051758 0.94383180141448974609 -0.29933246970176696777 -0.19708988070487976074 -0.38600948452949523926 -1.4033216238021850586 1.2679653167724609375 
-0.34389397501945495605 0.13523329794406890869 0.90532010793685913086 -0.17782217264175415039 -0.039168059825897216797 -0.59399145841598510742 -0.83463573455810546875 -0.57189589738845825195 0.086837783455848693848 -0.56914597749710083008 
-0.34163144230842590332 1.1447293758392333984 0.16601671278476715088 -0.38692528009414672852 0.13011683523654937744 -0.90367418527603149414 -0.54400473833084106445 -0.037310969084501266479 0.07669715583324432373 -0.45585009455680847168 
bias:
-0.35151726007461547852 
-0.49289643764495849609 
-0.46521404385566711426 
-1.4850882291793823242 
-0.25689080357551574707 
-0.071543045341968536377 
-0.66789418458938598633 
-0.64918178319931030273 
0.27947512269020080566 
0.18836069107055664062 
10 1 
weights:
-1.4271109104156494141 -2.8534305095672607422 0.27840182185173034668 -0.91714835166931152344 1.6265274286270141602 -0.2012411653995513916 3.0183672904968261719 1.8139933347702026367 -0.75333356857299804688 -1.0395305156707763672 
bias:
0.12783131003379821777 
