1 10 
weights:
0.59112340211868286133 
1.767472386360168457 
0.45068344473838806152 
0.4513683319091796875 
0.44876998662948608398 
1.7539726495742797852 
0.5326277613639831543 
-1.5964827537536621094 
0.85723549127578735352 
1.5635572671890258789 
bias:
-1.3964993953704833984 
-0.18262936174869537354 
-0.16277937591075897217 
-0.57820814847946166992 
-0.38717472553253173828 
-0.24532288312911987305 
-1.0849087238311767578 
1.9849895238876342773 
2.2149739265441894531 
1.9094936847686767578 
10 10 
weights:
0.92342269420623779297 -0.69510114192962646484 0.67227667570114135742 1.2218984365463256836 0.2366924583911895752 -0.83707582950592041016 0.172483101487159729 0.21358771622180938721 0.70263069868087768555 -0.72331297397613525391 
-0.69981342554092407227 -0.23527933657169342041 0.49574860930442810059 -0.14489763975143432617 0.29121214151382446289 0.25313836336135864258 -0.1907586902379989624 -0.25776779651641845703 -0.20983485877513885498 0.39936786890029907227 
-1.0237116813659667969 1.1129556894302368164 -1.0040667057037353516 -0.53261286020278930664 0.58119636774063110352 0.91238164901733398438 -0.56249737739562988281 -1.4236623048782348633 -1.0122387409210205078 0.55516320466995239258 
-0.3030230104923248291 0.82355761528015136719 0.72133302688598632812 0.0025778491981327533722 -0.25904583930969238281 0.16736023128032684326 -0.066375218331813812256 -2.1840531826019287109 -0.74806016683578491211 0.13017247617244720459 
1.5931727886199951172 -2.0391283035278320312 1.2998561859130859375 1.1813905239105224609 1.3592237234115600586 -1.6294491291046142578 1.7953381538391113281 -0.90771341323852539062 1.4477497339248657227 -2.3415420055389404297 
0.71346545219421386719 -0.14111566543579101562 -0.43748179078102111816 -0.71909534931182861328 0.08393688499927520752 0.19900394976139068604 -0.93409824371337890625 0.17810472846031188965 -0.6164843440055847168 0.45847776532173156738 
-0.59960120916366577148 -0.060963924974203109741 -0.4809767305850982666 0.56728649139404296875 -1.4408094882965087891 0.097780048847198486328 0.11591266840696334839 -0.36890849471092224121 -0.58661925792694091797 -0.20678915083408355713 
0.74945783615112304688 -1.3044339418411254883 0.92991113662719726562 1.7326819896697998047 1.1913115978240966797 -0.71936941146850585938 0.43028792738914489746 0.71547770500183105469 1.9657588005065917969 -0.13103392720222473145 
0.010006451979279518127 0.54014289379119873047 -0.79134678840637207031 0.28783133625984191895 -0.23563012480735778809 0.88422286510467529297 0.017935400828719139099 0.24628856778144836426 -0.7810580134391784668 -0.095692209899425506592 
-0.68909311294555664062 -0.14756116271018981934 -0.31276476383209228516 0.89472872018814086914 -0.072097390890121459961 -0.23999257385730743408 0.1220412030816078186 -0.5547053217887878418 -0.4061730802059173584 0.40920734405517578125 
bias:
-0.88355165719985961914 
-0.21049749851226806641 
-0.40297660231590270996 
-0.38359144330024719238 
-0.89509379863739013672 
-0.79162049293518066406 
-0.36419311165809631348 
-1.6485202312469482422 
-1.4236445426940917969 
-0.26973989605903625488 
10 1 
weights:
-1.3045561313629150391 0.095274083316326141357 1.868981480598449707 1.2547949552536010742 -3.4373345375061035156 0.71572548151016235352 0.90891337394714355469 -3.1562173366546630859 0.59629809856414794922 0.31957086920738220215 
bias:
2.8244788646697998047 
