1 10 
weights:
-1.5528870820999145508 
0.46551588177680969238 
0.78067153692245483398 
-0.63094598054885864258 
0.50227957963943481445 
1.4829322099685668945 
0.46221664547920227051 
1.7032914161682128906 
0.76949936151504516602 
0.78289508819580078125 
bias:
-1.8011291027069091797 
-0.84893679618835449219 
1.8022027015686035156 
1.5926046371459960938 
-1.036633610725402832 
-1.4053738117218017578 
0.1372509300708770752 
0.099803932011127471924 
1.8463858366012573242 
-2.07672882080078125 
10 10 
weights:
0.66007637977600097656 0.59437292814254760742 0.3273830115795135498 -1.3144125938415527344 0.60058879852294921875 -0.73098975419998168945 0.39972844719886779785 -1.3986333608627319336 0.5289490818977355957 0.88592863082885742188 
1.4119434356689453125 0.40865102410316467285 -0.20282487571239471436 -0.74382561445236206055 0.87636625766754150391 -0.66269171237945556641 1.4930959939956665039 -0.60982465744018554688 0.18609599769115447998 0.62119251489639282227 
0.0076712309382855892181 0.11454259604215621948 -2.2599570751190185547 0.67086231708526611328 -0.024705532938241958618 0.00099912309087812900543 -0.72236621379852294922 -0.78877794742584228516 -1.5142407417297363281 -0.63877886533737182617 
-0.0075728865340352058411 -0.56257587671279907227 -0.78942054510116577148 -0.16878730058670043945 -1.0124245882034301758 0.22594165802001953125 -1.1299146413803100586 -0.073951743543148040771 -0.76581811904907226562 0.25041842460632324219 
-1.1433413028717041016 -1.5945066213607788086 -2.2872223854064941406 -2.6581902503967285156 -0.9075348973274230957 -0.52749389410018920898 -1.0074298381805419922 -0.85596919059753417969 -1.7247586250305175781 -0.4176864922046661377 
-1.010706782341003418 -0.22059892117977142334 -0.92116916179656982422 1.1790359020233154297 -0.26084035634994506836 1.8747258186340332031 -0.6982485651969909668 0.51895689964294433594 -1.6724287271499633789 -0.76253861188888549805 
-0.10540819913148880005 -0.56645345687866210938 -0.40747126936912536621 -0.040488507598638534546 -0.089997731149196624756 0.00054563686717301607132 0.010870741680264472961 -0.76434195041656494141 -1.226191401481628418 0.69271779060363769531 
0.85454887151718139648 1.8869612216949462891 0.36596027016639709473 -1.4033790826797485352 1.2363479137420654297 -1.5160939693450927734 0.096649795770645141602 -1.6415535211563110352 0.6532446742057800293 1.2922470569610595703 
-1.2043666839599609375 -0.036780558526515960693 -0.052079521119594573975 -0.15526957809925079346 -0.048657476902008056641 1.2834287881851196289 -0.46499204635620117188 0.22950388491153717041 0.58107155561447143555 0.040451992303133010864 
-0.5586954951286315918 -0.50115758180618286133 -0.54869985580444335938 -0.71893781423568725586 0.056574039161205291748 0.64071536064147949219 -0.41791945695877075195 0.96730786561965942383 -0.53058910369873046875 -0.20003718137741088867 
bias:
-0.12301257997751235962 
-1.2937699556350708008 
0.08525025099515914917 
-0.75968217849731445312 
-3.2425527572631835938 
0.45526528358459472656 
-0.57388329505920410156 
-0.41779506206512451172 
-0.41960006952285766602 
0.69643074274063110352 
10 1 
weights:
-1.7729272842407226562 -1.6782464981079101562 1.9672689437866210938 1.988934636116027832 4.8260278701782226562 2.4355797767639160156 0.61386662721633911133 -2.5861494541168212891 1.3795250654220581055 0.92235344648361206055 
bias:
0.13135042786598205566 
