1 10 
weights:
0.7242107391357421875 
1.536113739013671875 
0.54900127649307250977 
0.56124293804168701172 
0.48165211081504821777 
0.79660177230834960938 
2.0428955554962158203 
1.4901726245880126953 
1.7897924184799194336 
0.70197308063507080078 
bias:
1.4057748317718505859 
1.7006484270095825195 
-1.0576692819595336914 
-1.1284238100051879883 
-0.16706492006778717041 
1.6076198816299438477 
-0.0038045523688197135925 
-0.51084309816360473633 
-1.8507567644119262695 
-1.7717878818511962891 
10 10 
weights:
-0.66888654232025146484 0.65308058261871337891 -0.57727771997451782227 -0.24299387633800506592 -0.89741164445877075195 0.049687493592500686646 0.54762941598892211914 0.7892996668815612793 0.87286019325256347656 0.63080316781997680664 
0.23833967745304107666 -0.4502423405647277832 -0.29988873004913330078 -0.27031785249710083008 -0.19889731705188751221 0.022715786471962928772 -0.25167927145957946777 -1.0921523571014404297 -0.32892155647277832031 0.43480193614959716797 
-0.0043739639222621917725 0.77024555206298828125 0.20270678400993347168 1.0838893651962280273 0.87148398160934448242 1.7818965911865234375 0.96968281269073486328 0.49677053093910217285 0.18603174388408660889 1.2664922475814819336 
0.55870467424392700195 -1.3274513483047485352 0.83574223518371582031 0.58905190229415893555 -0.5401204228401184082 0.96620792150497436523 -1.3253560066223144531 -0.0077064721845090389252 -0.81588035821914672852 0.98481571674346923828 
-1.2232761383056640625 2.5039815902709960938 -1.8845396041870117188 -1.6511168479919433594 -1.8740687370300292969 0.31907978653907775879 1.4316438436508178711 0.2207383960485458374 1.0701146125793457031 -1.7097909450531005859 
-1.2633881568908691406 0.737396240234375 -0.35773628950119018555 -0.65664011240005493164 0.31412920355796813965 -0.25869986414909362793 0.17096832394599914551 -0.094482555985450744629 0.055775612592697143555 0.20090430974960327148 
0.14328742027282714844 -0.96980929374694824219 1.174082636833190918 0.59328705072402954102 0.13190291821956634521 -0.43050807714462280273 -0.49840945005416870117 -0.083208173513412475586 -0.44355875253677368164 0.96274781227111816406 
-0.26442313194274902344 -0.15284465253353118896 -0.82661384344100952148 0.009036021307110786438 -0.70559865236282348633 -0.32096508145332336426 0.23649047315120697021 0.29885089397430419922 0.0063118468970060348511 0.19235831499099731445 
2.529422760009765625 0.72080898284912109375 1.6367861032485961914 0.048331476747989654541 -0.13564598560333251953 2.27703857421875 0.98944807052612304688 0.6902008056640625 -0.32123214006423950195 0.39071857929229736328 
-0.74587649106979370117 0.27130487561225891113 -1.2683550119400024414 -1.0505821704864501953 -1.4841195344924926758 -0.25190722942352294922 1.0531709194183349609 0.2759107053279876709 2.0456926822662353516 -0.90245079994201660156 
bias:
-0.49734795093536376953 
-0.30996376276016235352 
0.36144557595252990723 
-0.20930592715740203857 
1.0877083539962768555 
-0.23911653459072113037 
-0.51611238718032836914 
-0.76215207576751708984 
-0.57917970418930053711 
0.055208630859851837158 
10 1 
weights:
1.256258845329284668 -0.30310136079788208008 -1.6927263736724853516 -1.3891083002090454102 3.1743912696838378906 0.65459954738616943359 -0.98656702041625976562 0.58971703052520751953 -2.3945295810699462891 1.9997351169586181641 
bias:
0.89711087942123413086 
