1 10 
weights:
0.37612006068229675293 
0.66245782375335693359 
-1.2878270149230957031 
-1.4351629018783569336 
-0.36516413092613220215 
1.0288444757461547852 
-0.68529033660888671875 
-0.34358763694763183594 
-0.84032452106475830078 
1.4180542230606079102 
bias:
0.19174589216709136963 
-1.8355258703231811523 
1.1294039487838745117 
-1.5791404247283935547 
-0.32304346561431884766 
-2.7717459201812744141 
-1.8393563032150268555 
-0.23639088869094848633 
-2.4603471755981445312 
-0.14227235317230224609 
10 10 
weights:
-0.28374651074409484863 -0.2685814201831817627 -0.17842379212379455566 0.32324478030204772949 -0.40981921553611755371 -0.052968606352806091309 -0.71319997310638427734 -0.21320539712905883789 -0.18581120669841766357 -1.2632286548614501953 
-1.8106245994567871094 -0.62051886320114135742 0.24126738309860229492 -0.98263859748840332031 -1.3246915340423583984 -0.40108197927474975586 -0.39827418327331542969 -0.67603850364685058594 -0.55030584335327148438 -1.134671330451965332 
-0.81775659322738647461 -0.22317616641521453857 0.23863613605499267578 -0.32233983278274536133 -0.49714142084121704102 -0.68679255247116088867 0.84901893138885498047 -1.568209528923034668 0.95055449008941650391 -1.4426642656326293945 
-0.32611599564552307129 0.50870800018310546875 1.679564356803894043 1.0502709150314331055 -0.39009293913841247559 0.43453782796859741211 -0.015855623409152030945 0.2675456702709197998 -0.17209009826183319092 -1.0224123001098632812 
-0.015851307660341262817 0.33929648995399475098 -0.044310815632343292236 0.28485059738159179688 1.2663742303848266602 -0.4333801567554473877 0.25195640325546264648 0.35850983858108520508 0.9516385197639465332 0.28448471426963806152 
0.11144677549600601196 0.81453609466552734375 1.6003284454345703125 0.6588866114616394043 -0.77325731515884399414 0.84956604242324829102 -0.60230833292007446289 -0.55185598134994506836 -1.3020303249359130859 -0.56341981887817382812 
0.13892462849617004395 0.46517527103424072266 0.76014882326126098633 0.040873087942600250244 -0.52390271425247192383 1.020341038703918457 -0.74036276340484619141 -0.33893054723739624023 -0.28483426570892333984 -0.4555663764476776123 
1.3904548883438110352 0.91861891746520996094 1.1377207040786743164 2.3699152469635009766 -1.0767300128936767578 1.7660968303680419922 -1.2320759296417236328 -2.0987195968627929688 -1.5335459709167480469 -1.9088417291641235352 
-0.98803371191024780273 0.38027969002723693848 0.057636346668004989624 0.39989331364631652832 -0.27131837606430053711 -0.40953341126441955566 -0.45721644163131713867 0.44744944572448730469 0.054874964058399200439 -0.10484171658754348755 
0.46353998780250549316 0.60956394672393798828 0.95612645149230957031 0.53555268049240112305 -0.14284634590148925781 0.63189905881881713867 -1.2674643993377685547 -0.6109816431999206543 -0.75204241275787353516 -0.91098296642303466797 
bias:
-1.3659749031066894531 
-2.2243447303771972656 
-0.56072223186492919922 
0.50414335727691650391 
0.10861130803823471069 
-0.75564062595367431641 
-0.959186553955078125 
-0.19783967733383178711 
-1.2069106101989746094 
-0.45846572518348693848 
10 1 
weights:
-1.1271790266036987305 0.15848867595195770264 0.62607377767562866211 -1.4433820247650146484 0.8951498866081237793 -1.6561207771301269531 -0.95780515670776367188 -3.507598876953125 0.20517906546592712402 -1.4787962436676025391 
bias:
3.451892852783203125 
