1 10 
weights:
0.92399817705154418945 
1.2752692699432373047 
1.2596541643142700195 
-0.49031269550323486328 
0.99036765098571777344 
0.34482887387275695801 
0.3424988090991973877 
0.34139075875282287598 
0.3757273554801940918 
-0.40555092692375183105 
bias:
-2.8161797523498535156 
-1.0342481136322021484 
0.8371556401252746582 
1.0012589693069458008 
2.6834709644317626953 
0.23720341920852661133 
0.29838201403617858887 
-0.40108284354209899902 
0.44626295566558837891 
-0.021961642429232597351 
10 10 
weights:
-1.011952519416809082 2.6369631290435791016 1.5232695341110229492 1.0995333194732666016 -2.16333770751953125 -0.91772818565368652344 -0.73197388648986816406 -1.0121873617172241211 -0.49838536977767944336 0.98898202180862426758 
-0.63251250982284545898 -0.38954237103462219238 0.36850717663764953613 0.11437404155731201172 -0.10200505703687667847 -0.53183072805404663086 -0.071760952472686767578 0.93355584144592285156 -0.29350122809410095215 0.047813370823860168457 
-0.7444579005241394043 0.39115855097770690918 0.46794790029525756836 0.99967455863952636719 0.40039861202239990234 0.088056601583957672119 0.64223015308380126953 -0.10363980382680892944 -0.63425773382186889648 0.84597343206405639648 
1.7441545724868774414 1.5443947315216064453 1.7584621906280517578 -0.6873429417610168457 -0.94266456365585327148 -0.26375284790992736816 0.41258203983306884766 0.37803435325622558594 -0.26818254590034484863 -0.078078657388687133789 
1.4739071130752563477 -0.0481814555823802948 -0.31101787090301513672 -1.5116024017333984375 0.044387307018041610718 0.64623779058456420898 -0.11875104159116744995 -0.25479608774185180664 -0.15775543451309204102 -0.6816069483757019043 
-0.10939240455627441406 -0.61607664823532104492 -0.3218358457088470459 -0.90424466133117675781 0.15966914594173431396 0.57680660486221313477 -0.38876575231552124023 0.011913812719285488129 -0.46983194351196289062 0.75356292724609375 
1.1688427925109863281 0.50890254974365234375 -0.89451366662979125977 -1.1635633707046508789 -0.5799560546875 1.2742626667022705078 0.38938379287719726562 0.42849248647689819336 0.2819289863109588623 1.2707879543304443359 
1.8158713579177856445 -1.4095032215118408203 -2.2703635692596435547 -0.80699801445007324219 1.5613222122192382812 0.34444350004196166992 1.080964207649230957 0.84921777248382568359 0.25523239374160766602 -0.154863700270652771 
-0.53875678777694702148 1.7287756204605102539 1.6274895668029785156 0.77878046035766601562 -0.82275950908660888672 -0.45686864852905273438 -0.8400904536247253418 -1.2991669178009033203 -1.1576495170593261719 0.92547726631164550781 
0.7119083404541015625 0.54211944341659545898 1.0157669782638549805 -1.0417855978012084961 -0.57083624601364135742 -0.48359000682830810547 -0.35890105366706848145 -0.92790806293487548828 -0.30455341935157775879 -0.53448587656021118164 
bias:
-0.44176149368286132812 
-1.1518275737762451172 
0.73672527074813842773 
0.007134623359888792038 
-0.35376518964767456055 
-0.47019761800765991211 
0.8102931976318359375 
-0.62855160236358642578 
-0.52821880578994750977 
-0.63899970054626464844 
10 1 
weights:
2.7291109561920166016 0.23039293289184570312 1.3617465496063232422 1.8059712648391723633 -1.2549520730972290039 -0.26697126030921936035 -1.3404091596603393555 -2.4692554473876953125 2.1140711307525634766 -0.025557586923241615295 
bias:
-1.5867152214050292969 
