1 10 
weights:
0.47030290961265563965 
0.45616346597671508789 
0.79376590251922607422 
0.8274281620979309082 
0.46326547861099243164 
0.7840620875358581543 
-1.286853790283203125 
1.5864452123641967773 
1.0561993122100830078 
-1.2039016485214233398 
bias:
-0.18524844944477081299 
-0.032797206193208694458 
-2.0549814701080322266 
1.634033203125 
-0.20142413675785064697 
-2.1088161468505859375 
0.19638071954250335693 
0.22176866233348846436 
1.5151693820953369141 
0.63468968868255615234 
10 10 
weights:
-1.0696039199829101562 0.10126116126775741577 -0.69544625282287597656 -0.045847680419683456421 -1.0775768756866455078 0.2575009763240814209 0.15194037556648254395 -0.016327900812029838562 -0.20678581297397613525 0.8978786468505859375 
0.27217966318130493164 0.11669910699129104614 0.43870872259140014648 -0.89119797945022583008 -0.024642918258905410767 0.16809767484664916992 0.24701549112796783447 0.18267063796520233154 -0.56107538938522338867 -0.63883823156356811523 
0.027013799175620079041 -0.2122545093297958374 1.0184009075164794922 -0.24359482526779174805 0.3168983161449432373 0.31067678332328796387 -0.3683051764965057373 0.87832421064376831055 0.53055483102798461914 0.059798467904329299927 
-0.02880028262734413147 -0.83060187101364135742 0.11443126201629638672 -0.65591853857040405273 -0.19589032232761383057 -0.93405252695083618164 0.22369435429573059082 -0.6900418400764465332 -0.43877109885215759277 -0.1353658139705657959 
-1.9171134233474731445 -0.75943380594253540039 -0.72038036584854125977 -2.8790423870086669922 -1.3304218053817749023 -0.45400062203407287598 1.4296380281448364258 -0.33089408278465270996 -1.8992097377777099609 0.72551363706588745117 
-0.74674868583679199219 -0.72099614143371582031 -1.0582888126373291016 -0.37107303738594055176 -0.84512174129486083984 -0.0026754613500088453293 0.061274804174900054932 -0.92791932821273803711 -0.42389243841171264648 0.0029690957162529230118 
-1.1719630956649780273 -1.0644592046737670898 0.66618645191192626953 -0.508708953857421875 -0.29927581548690795898 -0.16945409774780273438 0.12228871136903762817 -0.33250126242637634277 -0.6160691380500793457 0.066738627851009368896 
-0.2730267643928527832 -0.71329808235168457031 -0.47220942378044128418 0.49032479524612426758 -0.88269925117492675781 -1.0905834436416625977 -2.1091635227203369141 1.058003544807434082 0.24334715306758880615 -1.7672685384750366211 
1.1008052825927734375 0.72808891534805297852 2.1774899959564208984 0.62445825338363647461 1.1535792350769042969 1.9975744485855102539 1.414290308952331543 -1.971083521842956543 -1.4598067998886108398 0.29069018363952636719 
-0.75444144010543823242 -0.55635678768157958984 -0.68419873714447021484 -1.5233741998672485352 -1.1938997507095336914 -0.12388871610164642334 0.26153841614723205566 -0.91619569063186645508 -0.87191140651702880859 -0.083695515990257263184 
bias:
-0.45978984236717224121 
-0.24966737627983093262 
1.1472519636154174805 
-0.42920055985450744629 
-1.0862526893615722656 
-0.54406470060348510742 
-0.070958167314529418945 
0.19355277717113494873 
-2.2024655342102050781 
-0.62009841203689575195 
10 1 
weights:
-0.022859813645482063293 -0.085872538387775421143 1.9811961650848388672 0.060173876583576202393 3.4451947212219238281 0.11416859924793243408 0.17895987629890441895 2.8564794063568115234 -3.5200810432434082031 1.6347699165344238281 
bias:
-1.2746485471725463867 
