1 10 
weights:
1.4288440942764282227 
-2.0934832096099853516 
0.93649756908416748047 
-0.6763064265251159668 
0.38606166839599609375 
0.40186426043510437012 
0.72275632619857788086 
1.5914237499237060547 
0.7103055119514465332 
0.50207674503326416016 
bias:
-1.3201911449432373047 
-0.10188550502061843872 
2.3894546031951904297 
-1.4852268695831298828 
0.14574749767780303955 
-0.38480514287948608398 
-2.0166068077087402344 
1.6013429164886474609 
-1.971622467041015625 
-0.93140846490859985352 
10 10 
weights:
-0.71324956417083740234 0.11030222475528717041 -1.1922258138656616211 0.13721977174282073975 0.3688430488109588623 0.026404719799757003784 0.63077187538146972656 0.53827702999114990234 0.34259042143821716309 -0.62016218900680541992 
-1.3147904872894287109 0.79262936115264892578 0.5517724156379699707 -0.10989537090063095093 0.35055017471313476562 0.24614359438419342041 1.3534436225891113281 -0.91700381040573120117 1.0482149124145507812 0.61323535442352294922 
0.53845649957656860352 0.29675498604774475098 -0.21264877915382385254 0.28296518325805664062 -0.74954283237457275391 -0.013097152113914489746 0.26957356929779052734 -0.18561358749866485596 0.59746497869491577148 0.47675481438636779785 
-0.57811659574508666992 -0.44791653752326965332 -0.13369347155094146729 -0.28468441963195800781 -0.31147435307502746582 -0.29639405012130737305 0.97416234016418457031 0.057217054069042205811 0.54104346036911010742 -0.1402333378791809082 
1.6308746337890625 -0.48136973381042480469 -0.25535511970520019531 -0.008757982403039932251 -0.46525886654853820801 -0.47957766056060791016 -0.96779114007949829102 1.4364855289459228516 -1.6922051906585693359 -1.1681280136108398438 
-0.35094684362411499023 -0.30057579278945922852 -0.73093360662460327148 0.41428518295288085938 -0.55530244112014770508 -0.4221407473087310791 0.33869093656539916992 -0.15182775259017944336 -0.46228328347206115723 0.13680543005466461182 
-2.4053208827972412109 0.46380946040153503418 2.1376013755798339844 -0.85780352354049682617 1.2908455133438110352 0.9561017155647277832 0.38583424687385559082 -1.3357133865356445312 0.86852371692657470703 0.88026148080825805664 
-0.2479553520679473877 0.83952051401138305664 -0.24146594107151031494 0.64998781681060791016 -0.93616747856140136719 0.65908014774322509766 0.11087431013584136963 -0.78655171394348144531 0.57733136415481567383 0.53532099723815917969 
1.4170591831207275391 -0.48134204745292663574 -1.0800187587738037109 0.98345887660980224609 -1.4738088846206665039 -1.4428033828735351562 -0.72037792205810546875 1.2126278877258300781 -0.33069193363189697266 -0.24988505244255065918 
0.23031902313232421875 0.43053326010704040527 -1.4856809377670288086 0.54195219278335571289 -0.61434924602508544922 -0.24823780357837677002 0.43087747693061828613 0.15533764660358428955 -1.2574366331100463867 -0.058100715279579162598 
bias:
-0.52498906850814819336 
-0.74283397197723388672 
-0.33869320154190063477 
-0.58250862360000610352 
0.31782713532447814941 
-0.11553762108087539673 
-0.94072687625885009766 
-0.76619160175323486328 
0.3890641629695892334 
-0.51443243026733398438 
10 1 
weights:
0.090898625552654266357 -1.9288682937622070312 -0.1921959221363067627 -0.3385474085807800293 2.1994981765747070312 0.22965426743030548096 -2.76413726806640625 -0.72432321310043334961 2.5611596107482910156 0.84434652328491210938 
bias:
1.0209069252014160156 
