1 10 
weights:
-0.46536374092102050781 
-0.78691881895065307617 
1.6064670085906982422 
1.0409818887710571289 
1.2932596206665039062 
1.4681760072708129883 
1.0969564914703369141 
0.47874465584754943848 
0.50646328926086425781 
1.3306931257247924805 
bias:
-0.34500330686569213867 
1.8140984773635864258 
-0.039155773818492889404 
2.7664048671722412109 
1.0301972627639770508 
-1.3760433197021484375 
-2.9208257198333740234 
0.64302957057952880859 
0.56591707468032836914 
0.42212781310081481934 
10 10 
weights:
0.28262114524841308594 -0.4465414881706237793 0.7208893895149230957 -0.37228235602378845215 0.51361298561096191406 0.54112505912780761719 0.53295940160751342773 0.13020747900009155273 -0.31306612491607666016 1.0325040817260742188 
0.34070488810539245605 -0.037458494305610656738 -1.4600969552993774414 -1.2138994932174682617 -1.1050506830215454102 -0.69054645299911499023 0.0068386844359338283539 -0.99156165122985839844 0.26140302419662475586 -0.096891626715660095215 
-0.11327742785215377808 -0.30824208259582519531 -0.85753989219665527344 -0.3908354640007019043 -0.12458390742540359497 -0.13009732961654663086 -0.011131630279123783112 0.17315481603145599365 -0.58904546499252319336 -0.15103369951248168945 
-0.27167859673500061035 0.17597718536853790283 0.9762210845947265625 1.5262411832809448242 0.36020800471305847168 0.42805397510528564453 -0.33924940228462219238 0.3958613276481628418 0.62324279546737670898 -0.090171664953231811523 
-0.32119551301002502441 0.76108181476593017578 0.71118837594985961914 -0.4637890160083770752 0.10856120288372039795 -0.069739319384098052979 -1.0091010332107543945 -0.82509732246398925781 -0.52716207504272460938 1.3112913370132446289 
-0.093649350106716156006 -0.71199476718902587891 0.16059789061546325684 -0.042206153273582458496 -0.23346416652202606201 -0.55248981714248657227 1.4359589815139770508 0.024724269285798072815 -0.79222875833511352539 0.37165290117263793945 
-0.53078120946884155273 -1.2997417449951171875 -0.42012995481491088867 0.87665599584579467773 -1.3911647796630859375 0.3039741814136505127 1.0520756244659423828 0.34276309609413146973 0.82309871912002563477 -1.4053863286972045898 
-0.48105403780937194824 0.47451505064964294434 -0.056309033185243606567 -1.5758653879165649414 -0.96576642990112304688 -0.24462832510471343994 0.1288852393627166748 -0.98621267080307006836 -0.8942165374755859375 -1.3916170597076416016 
1.2683638334274291992 -0.0046335859224200248718 1.1692534685134887695 -2.2165408134460449219 0.77876681089401245117 1.8638876676559448242 0.014717460609972476959 -1.0628408193588256836 -1.2513422966003417969 0.64445990324020385742 
-0.35134238004684448242 -1.4798139333724975586 -0.76873719692230224609 0.51485306024551391602 -1.3150665760040283203 0.14769248664379119873 2.3164465427398681641 0.84180361032485961914 -0.21436956524848937988 -0.57267212867736816406 
bias:
-0.62336784601211547852 
-0.79247945547103881836 
-0.65145033597946166992 
0.33369347453117370605 
0.23900654911994934082 
-0.61882549524307250977 
0.20646630227565765381 
-2.06995391845703125 
0.081054471433162689209 
0.060883805155754089355 
10 1 
weights:
1.1135473251342773438 0.586734771728515625 -0.42411902546882629395 -1.8020567893981933594 1.5082625150680541992 -0.81927376985549926758 -2.1635928153991699219 1.0209769010543823242 2.7743673324584960938 -2.3404805660247802734 
bias:
0.27371188998222351074 
