1 10 
weights:
0.51301866769790649414 
1.4588478803634643555 
0.83821207284927368164 
0.63511985540390014648 
0.92442595958709716797 
1.7445839643478393555 
0.48286846280097961426 
1.3541530370712280273 
1.3653621673583984375 
-2.2137153148651123047 
bias:
-0.70161348581314086914 
-1.6756381988525390625 
2.0149757862091064453 
1.0726671218872070312 
-2.7800860404968261719 
-0.79397726058959960938 
-0.3169307708740234375 
0.94949984550476074219 
1.2228780984878540039 
0.32597041130065917969 
10 10 
weights:
0.52989214658737182617 -0.17461313307285308838 -0.28083208203315734863 0.74544721841812133789 0.69420212507247924805 0.20471778512001037598 0.59316885471343994141 0.79847967624664306641 0.26528283953666687012 0.51982647180557250977 
-0.57336336374282836914 -0.9623292088508605957 -0.53930222988128662109 -0.88016498088836669922 0.2490285038948059082 0.29344886541366577148 -0.90530109405517578125 0.39792180061340332031 -0.22492757439613342285 -0.64076274633407592773 
0.28400951623916625977 0.020932359620928764343 0.12714911997318267822 -0.83231431245803833008 0.42319533228874206543 -0.11040090769529342651 0.07993462681770324707 -0.16033633053302764893 0.052588254213333129883 0.33626288175582885742 
-0.56769990921020507812 0.19341054558753967285 0.20453809201717376709 -0.19354966282844543457 0.62173509597778320312 -0.0987928733229637146 -0.55260199308395385742 0.65471369028091430664 -0.20454989373683929443 -0.70449334383010864258 
-0.88265860080718994141 0.40500032901763916016 -0.23461158573627471924 -0.27717155218124389648 -1.0560868978500366211 0.57484090328216552734 -1.2604892253875732422 0.92115622758865356445 1.1388727426528930664 -0.94947332143783569336 
-0.18118186295032501221 -0.56866651773452758789 -0.23205010592937469482 0.3254884183406829834 0.65080916881561279297 -0.35015830397605895996 -0.10556638240814208984 0.53459328413009643555 -0.31632858514785766602 -1.1066125631332397461 
0.2735322415828704834 -0.82420122623443603516 1.0162484645843505859 0.49201717972755432129 0.93321710824966430664 -0.42276683449745178223 0.91194450855255126953 -0.29307037591934204102 -0.28333282470703125 -0.075092360377311706543 
-0.27047562599182128906 0.37731450796127319336 -0.70923626422882080078 -0.99867743253707885742 -0.62537693977355957031 0.11837376654148101807 -0.25110021233558654785 0.21516251564025878906 0.79540830850601196289 -0.080446191132068634033 
-1.1323909759521484375 2.0287101268768310547 -2.1746628284454345703 -1.9502264261245727539 -1.4420903921127319336 1.5728145837783813477 -1.2871446609497070312 0.39624503254890441895 -0.097120150923728942871 -0.4844182133674621582 
1.362118840217590332 -0.73172283172607421875 1.1877721548080444336 1.5619755983352661133 1.966007232666015625 0.023311119526624679565 1.3132114410400390625 -2.3340539932250976562 -1.400665283203125 0.50832635164260864258 
bias:
1.1041504144668579102 
0.23577636480331420898 
-0.65513050556182861328 
-0.58782571554183959961 
-0.28313273191452026367 
-0.11619991064071655273 
0.31441554427146911621 
-0.61180669069290161133 
1.2687768936157226562 
-1.6185113191604614258 
10 1 
weights:
0.92596697807312011719 0.83109229803085327148 -0.21495962142944335938 0.11892158538103103638 1.4927244186401367188 -0.066100157797336578369 -1.8981229066848754883 1.0634348392486572266 3.1932713985443115234 -3.0848054885864257812 
bias:
0.37078925967216491699 
