1 10 
weights:
-0.48535937070846557617 
-0.39638924598693847656 
0.48686876893043518066 
0.54355138540267944336 
0.40472453832626342773 
1.6600626707077026367 
0.4706389307975769043 
1.7426580190658569336 
-0.93481945991516113281 
-1.911623835563659668 
bias:
-0.97318404912948608398 
-0.023808056488633155823 
0.75263035297393798828 
0.9734821319580078125 
-0.18376098573207855225 
-1.5521085262298583984 
0.73194891214370727539 
2.1255266666412353516 
2.6947062015533447266 
-0.31760451197624206543 
10 10 
weights:
0.18943950533866882324 -0.84871751070022583008 -0.17831569910049438477 -0.2556914985179901123 0.02561631426215171814 -0.046000335365533828735 0.14538995921611785889 -0.87049847841262817383 0.066671237349510192871 -0.2767798304557800293 
0.49246919155120849609 -0.50722467899322509766 0.22476236522197723389 1.1353691816329956055 0.94150841236114501953 -0.73822206258773803711 0.20160971581935882568 0.34435766935348510742 -0.32194760441780090332 0.32246053218841552734 
-0.9263909459114074707 -0.52660357952117919922 0.52258861064910888672 0.73917824029922485352 0.78182548284530639648 -0.37967842817306518555 -0.10485178232192993164 -0.77679055929183959961 -1.5150796175003051758 1.251645207405090332 
-0.20824083685874938965 -0.39151790738105773926 -1.0135780572891235352 -0.083025157451629638672 0.14476868510246276855 -0.10668572038412094116 -0.26193383336067199707 -0.017118534073233604431 -0.18279722332954406738 -0.33015614748001098633 
-0.84852677583694458008 -0.30136150121688842773 0.50165563821792602539 0.69668674468994140625 0.3951008915901184082 -0.89014184474945068359 0.1772387772798538208 -0.64211571216583251953 -0.89345175027847290039 0.50948005914688110352 
1.2594617605209350586 1.4345796108245849609 -1.7475705146789550781 -1.476655125617980957 -1.579409480094909668 2.5686795711517333984 -1.5254462957382202148 2.2029714584350585938 1.8499050140380859375 -1.7931799888610839844 
-0.39761781692504882812 -0.4462718665599822998 0.048497781157493591309 0.14044435322284698486 -0.18804252147674560547 0.072144232690334320068 0.048832476139068603516 -0.8590571284294128418 -0.71251833438873291016 -0.318103790283203125 
0.091436557471752166748 -0.1824846416711807251 1.0387327671051025391 1.360660552978515625 0.7470347285270690918 1.6462956666946411133 0.14828258752822875977 0.3155193626880645752 0.12274986505508422852 -0.25598692893981933594 
-0.077280022203922271729 -0.87360745668411254883 0.70092207193374633789 -0.11461325734853744507 0.21790564060211181641 -0.39697214961051940918 0.95998400449752807617 -1.2148672342300415039 -1.1119581460952758789 0.54001414775848388672 
0.49348682165145874023 -0.64798635244369506836 -0.12247745692729949951 -0.46752977371215820312 -0.0075772935524582862854 1.6120383739471435547 -0.60871899127960205078 0.71289557218551635742 -0.63573092222213745117 -1.0811820030212402344 
bias:
-0.34804549813270568848 
-0.79017835855484008789 
-0.33053067326545715332 
0.13380804657936096191 
-0.22533056139945983887 
-0.25259268283843994141 
0.021481351926922798157 
0.044831663370132446289 
-0.20177543163299560547 
0.36970150470733642578 
10 1 
weights:
-0.3139057159423828125 -0.99094814062118530273 -1.6241763830184936523 0.050770901143550872803 -1.1778316497802734375 3.3511633872985839844 -0.47070986032485961914 -1.6717706918716430664 -1.3815270662307739258 1.2781949043273925781 
bias:
1.0466933250427246094 
