1 10 
weights:
-0.58080261945724487305 
0.70863586664199829102 
-1.3303667306900024414 
0.31572872400283813477 
1.0255447626113891602 
0.44254094362258911133 
1.1961561441421508789 
0.47282686829566955566 
-0.53045654296875 
1.3583595752716064453 
bias:
1.5148828029632568359 
1.2727746963500976562 
-0.87205445766448974609 
0.15727165341377258301 
-3.0545628070831298828 
-0.70289701223373413086 
3.4101133346557617188 
0.6589724421501159668 
0.55235993862152099609 
-1.2354784011840820312 
10 10 
weights:
-1.2871396541595458984 -0.95242542028427124023 -0.60656440258026123047 -0.1156632155179977417 1.7632162570953369141 0.67059731483459472656 0.065099485218524932861 0.13305281102657318115 -0.70857667922973632812 0.24496299028396606445 
-0.81593352556228637695 0.55699211359024047852 1.0335631370544433594 0.093521736562252044678 -0.10405635088682174683 -0.11538626253604888916 0.2928206324577331543 -0.46094781160354614258 -0.088265448808670043945 -0.29909440875053405762 
-0.81726151704788208008 0.84642499685287475586 -1.325198054313659668 -0.25301021337509155273 0.68711376190185546875 0.68661612272262573242 0.005231209099292755127 0.20317178964614868164 -0.75240993499755859375 1.6064177751541137695 
1.554959416389465332 -1.6372516155242919922 -0.52010166645050048828 0.40164104104042053223 -0.27010890841484069824 -0.66170281171798706055 -1.8443899154663085938 -0.68677121400833129883 0.1692040562629699707 1.7167203426361083984 
-1.2948652505874633789 -1.2953867912292480469 -1.6408427953720092773 -0.75712531805038452148 0.20321115851402282715 -1.0833599567413330078 -1.2523559331893920898 -2.0201210975646972656 -0.68311226367950439453 0.40793156623840332031 
-0.69245421886444091797 0.10556823015213012695 0.62963736057281494141 1.2016949653625488281 0.32933226227760314941 -0.21044060587882995605 0.65310555696487426758 0.26912534236907958984 -0.78488957881927490234 -1.1273812055587768555 
-0.70242875814437866211 0.56148284673690795898 0.18895262479782104492 -0.59686452150344848633 0.68126338720321655273 0.12808682024478912354 0.24238903820514678955 0.67213964462280273438 -0.089226365089416503906 0.21298834681510925293 
-0.46201035380363464355 0.4897785186767578125 0.8219693303108215332 0.23919519782066345215 0.53891324996948242188 0.77972614765167236328 0.010017030872404575348 0.0097721498459577560425 -0.14533713459968566895 -0.62266337871551513672 
1.2076467275619506836 0.59245395660400390625 -1.4469141960144042969 -0.37155833840370178223 -0.9527454376220703125 -0.56172376871109008789 -1.0051406621932983398 -0.33174183964729309082 0.20075561106204986572 1.0433647632598876953 
-1.2065777778625488281 0.055382706224918365479 1.3539365530014038086 0.81792920827865600586 1.4855523109436035156 0.38677465915679931641 1.2534489631652832031 0.2291803210973739624 -0.063482649624347686768 -1.4155191183090209961 
bias:
-0.50367683172225952148 
-1.3421019315719604492 
0.46060508489608764648 
-0.14969313144683837891 
-1.7856047153472900391 
-0.34073346853256225586 
-0.19770775735378265381 
-0.70014220476150512695 
0.062262590974569320679 
-1.2640579938888549805 
10 1 
weights:
-1.4085485935211181641 -0.59729224443435668945 2.1060476303100585938 2.6056866645812988281 3.2023193836212158203 -1.2257640361785888672 -0.67542159557342529297 -1.0256291627883911133 1.9177114963531494141 -2.3947095870971679688 
bias:
0.41379410028457641602 
