1 10 
weights:
0.77031999826431274414 
0.77270179986953735352 
1.292189478874206543 
1.1515773534774780273 
-0.32758885622024536133 
-1.2760599851608276367 
1.3018968105316162109 
0.40170246362686157227 
0.41428530216217041016 
1.3762943744659423828 
bias:
0.032541699707508087158 
-0.094433635473251342773 
-3.7252581119537353516 
0.64350265264511108398 
-0.68358504772186279297 
0.80966699123382568359 
3.3631215095520019531 
-0.39612099528312683105 
-0.33051952719688415527 
-1.1362453699111938477 
10 10 
weights:
1.449066162109375 1.2271742820739746094 -0.1482820361852645874 1.3643212318420410156 -0.097235001623630523682 -0.29744565486907958984 -0.69651162624359130859 -0.5128447413444519043 0.11213140189647674561 0.79410594701766967773 
0.15362821519374847412 0.021440165117383003235 1.549164891242980957 -0.71065956354141235352 -0.55067372322082519531 0.89928805828094482422 0.78023737668991088867 -0.39981511235237121582 -0.089475482702255249023 -0.089570097625255584717 
-0.53331089019775390625 0.43555212020874023438 1.2775381803512573242 -0.31460753083229064941 -0.52514445781707763672 -0.79917705059051513672 -0.65483140945434570312 0.10150782763957977295 0.36579793691635131836 0.3198401033878326416 
0.46632206439971923828 0.041557561606168746948 -0.39058399200439453125 0.062696702778339385986 0.73984175920486450195 -0.34030753374099731445 -0.9653002619743347168 -0.25769978761672973633 -0.24827720224857330322 0.15716569125652313232 
0.42817628383636474609 0.4351908564567565918 -2.7637383937835693359 1.3007968664169311523 0.89051467180252075195 -0.80333536863327026367 -1.3282616138458251953 -0.66977429389953613281 -1.3532135486602783203 1.245844721794128418 
-0.27529975771903991699 -0.15510925650596618652 0.6893965601921081543 0.35137841105461120605 0.60073632001876831055 0.31929069757461547852 -0.60713154077529907227 -0.099078126251697540283 -0.33496737480163574219 1.301532745361328125 
0.68282449245452880859 -0.10491641610860824585 0.66097199916839599609 -0.15527313947677612305 -0.14814385771751403809 0.068903684616088867188 -0.55583727359771728516 0.27033621072769165039 0.051791030913591384888 -0.27628129720687866211 
0.87747693061828613281 0.34902274608612060547 0.13312320411205291748 0.080513402819633483887 0.2244834601879119873 0.13816277682781219482 0.56797999143600463867 0.85890859365463256836 -0.18501149117946624756 0.18778085708618164062 
-1.2270855903625488281 -0.4410209357738494873 0.56900644302368164062 -0.033380806446075439453 0.60470676422119140625 -0.052580337971448898315 -0.12246835976839065552 -0.081024907529354095459 -1.3258186578750610352 0.75703942775726318359 
0.84753727912902832031 0.73898971080780029297 -0.0072199311107397079468 1.0311818122863769531 0.14254994690418243408 0.66529053449630737305 2.1156535148620605469 0.24672712385654449463 0.77738326787948608398 -0.0058039096184074878693 
bias:
-0.311794281005859375 
-0.62009763717651367188 
-0.706371307373046875 
-0.71649503707885742188 
0.53844726085662841797 
-0.85205042362213134766 
-0.20198355615139007568 
-0.26722937822341918945 
-0.28055903315544128418 
-0.87227040529251098633 
10 1 
weights:
2.5251219272613525391 -1.5166583061218261719 -0.99914181232452392578 0.69673734903335571289 2.9283730983734130859 0.084169432520866394043 -0.57296240329742431641 -0.77022802829742431641 0.094926096498966217041 -3.2136504650115966797 
bias:
1.589936375617980957 
