1 10 
weights:
0.52522832155227661133 
0.3918336331844329834 
-1.4661173820495605469 
-1.431944727897644043 
-0.82879739999771118164 
-0.37591883540153503418 
-0.38540190458297729492 
1.8411597013473510742 
0.87072616815567016602 
-0.48447299003601074219 
bias:
-1.2213468551635742188 
-0.01435185503214597702 
-1.709002375602722168 
1.1932610273361206055 
-2.2946066856384277344 
-0.14974799752235412598 
-0.26346930861473083496 
0.21767440438270568848 
-2.4602565765380859375 
-0.94491732120513916016 
10 10 
weights:
0.64679485559463500977 -0.0054022120311856269836 0.067586719989776611328 0.63588923215866088867 -1.5507196187973022461 -0.52162444591522216797 -0.29887059330940246582 -0.84725141525268554688 0.98468667268753051758 -0.056097920984029769897 
-0.70929157733917236328 -0.70806211233139038086 -1.0901694297790527344 -0.73212921619415283203 0.6486358642578125 1.2151653766632080078 0.76977002620697021484 0.62780094146728515625 -0.068460926413536071777 0.30383649468421936035 
-0.32491728663444519043 -0.033261600881814956665 -0.9267126917839050293 -1.063902735710144043 0.29647967219352722168 -0.49737346172332763672 -0.92604672908782958984 0.38939893245697021484 0.042082473635673522949 -0.19827225804328918457 
-0.44371363520622253418 -0.68161815404891967773 -0.90785813331604003906 -2.0705411434173583984 1.4288195371627807617 1.2760971784591674805 0.49302428960800170898 0.21764570474624633789 -0.77794951200485229492 0.4486688077449798584 
-0.76031720638275146484 -0.01628418266773223877 -0.70043325424194335938 -0.55121159553527832031 0.20641678571701049805 0.04613825678825378418 -0.11990456283092498779 -0.45215564966201782227 -0.26785540580749511719 0.016072513535618782043 
-0.43524715304374694824 -0.76250690221786499023 0.47671675682067871094 -0.57372123003005981445 0.33125418424606323242 -1.0853174924850463867 -0.44503647089004516602 -0.60413908958435058594 -0.19544561207294464111 0.11194510012865066528 
-1.1677469015121459961 -0.75915533304214477539 0.35362651944160461426 -0.4097194969654083252 -0.43136313557624816895 -0.17304940521717071533 -1.0658948421478271484 -1.6422051191329956055 -1.1192517280578613281 -0.791545867919921875 
0.1314223557710647583 0.65744864940643310547 1.2217291593551635742 0.89753293991088867188 -0.39692905545234680176 -0.16705892980098724365 -0.69855982065200805664 -0.89258396625518798828 0.16574153304100036621 0.0067992643453180789948 
1.221646428108215332 0.43064484000205993652 1.6372243165969848633 1.6770379543304443359 -0.76782536506652832031 -1.0681195259094238281 -1.173928380012512207 -0.87192541360855102539 1.9278733730316162109 -0.94025558233261108398 
-0.71516901254653930664 -0.68135273456573486328 0.95085638761520385742 -1.1832854747772216797 1.20523834228515625 -0.31031471490859985352 0.18456168472766876221 -0.67605751752853393555 -0.40033650398254394531 0.88273084163665771484 
bias:
-0.13753361999988555908 
-0.00025519609334878623486 
0.48304775357246398926 
0.37828430533409118652 
0.086924351751804351807 
-0.76491123437881469727 
-1.8132333755493164062 
-1.1073373556137084961 
-1.0413331985473632812 
-1.4550558328628540039 
10 1 
weights:
-0.980258941650390625 1.853838801383972168 0.68975651264190673828 2.5916492938995361328 0.7642428278923034668 0.036222681403160095215 1.9588246345520019531 -1.2295011281967163086 -3.6294033527374267578 1.7071703672409057617 
bias:
-0.39528301358222961426 
