1 10 
weights:
0.44780525565147399902 
0.49370566010475158691 
0.75270104408264160156 
-0.46045508980751037598 
1.3541969060897827148 
0.94510757923126220703 
1.6938145160675048828 
0.55921310186386108398 
1.6626622676849365234 
0.60234308242797851562 
bias:
-0.028454735875129699707 
0.47443786263465881348 
1.8120937347412109375 
-0.085872828960418701172 
1.2411752939224243164 
-2.8277978897094726562 
0.17467045783996582031 
-1.204821467399597168 
-1.8237161636352539062 
0.95654076337814331055 
10 10 
weights:
-0.58969616889953613281 -0.39005580544471740723 -0.29480510950088500977 -0.89772117137908935547 -0.73833763599395751953 0.6061344146728515625 0.60793584585189819336 -0.1839459538459777832 0.33290413022041320801 -0.040225431323051452637 
-0.20652861893177032471 0.78242528438568115234 0.28623521327972412109 0.17148987948894500732 -0.78844714164733886719 0.31993135809898376465 -0.34825083613395690918 1.2096172571182250977 0.26791772246360778809 -0.088317431509494781494 
-0.87494808435440063477 -0.099855005741119384766 -0.51756483316421508789 0.68248617649078369141 0.90087568759918212891 -0.19206114113330841064 0.11086024343967437744 -0.51138794422149658203 0.59937989711761474609 -1.185482025146484375 
-0.11167734116315841675 -0.39532032608985900879 0.41009005904197692871 -0.37245696783065795898 0.13115823268890380859 1.7467087507247924805 -0.65764391422271728516 0.33001780509948730469 -1.0617679357528686523 0.58621221780776977539 
-0.88777995109558105469 -1.2348394393920898438 -0.62389719486236572266 1.0461149215698242188 0.97332745790481567383 -1.6675238609313964844 2.0826976299285888672 -1.3710429668426513672 1.9154160022735595703 -0.87994080781936645508 
0.25874054431915283203 0.67010724544525146484 1.6145051717758178711 -1.1875131130218505859 -0.54386794567108154297 2.0693557262420654297 -1.9602423906326293945 0.17759940028190612793 -1.2517303228378295898 0.30270010232925415039 
0.074319027364253997803 0.46779859066009521484 0.52875143289566040039 -0.18673920631408691406 2.3361895084381103516 -0.15123952925205230713 1.9771728515625 0.082662403583526611328 0.72850847244262695312 -0.3447863459587097168 
0.11670443415641784668 -0.50111991167068481445 -0.72479701042175292969 -0.25212314724922180176 -0.25439089536666870117 0.024458562955260276794 0.3673553168773651123 -0.31269860267639160156 -0.14931388199329376221 -0.86149483919143676758 
0.66818016767501831055 0.91977524757385253906 1.6404682397842407227 -1.4717124700546264648 0.17253503203392028809 0.97946196794509887695 0.665863037109375 0.075970068573951721191 0.76883339881896972656 1.5500229597091674805 
-0.55666512250900268555 -0.3800741732120513916 -0.40974777936935424805 -0.045788191258907318115 -0.22474263608455657959 0.025007802993059158325 -0.28833535313606262207 -0.028745034709572792053 0.65610635280609130859 0.34300243854522705078 
bias:
-0.58486843109130859375 
-0.85233581066131591797 
-0.58609211444854736328 
0.013530160300433635712 
-0.14070664346218109131 
0.065412454307079315186 
-0.52026391029357910156 
-0.25224006175994873047 
0.5001163482666015625 
-0.034157451242208480835 
10 1 
weights:
-0.13822051882743835449 -0.87973666191101074219 1.2179212570190429688 -1.1960096359252929688 2.6108558177947998047 -2.2497851848602294922 2.1870009899139404297 0.52421772480010986328 -2.8826870918273925781 0.058332849293947219849 
bias:
1.4227092266082763672 
