1 10 
weights:
0.54316288232803344727 
0.60416460037231445312 
0.95198601484298706055 
1.5221908092498779297 
1.6281636953353881836 
1.5225635766983032227 
1.0573341846466064453 
0.54033941030502319336 
1.5859197378158569336 
1.6844247579574584961 
bias:
0.0069717904552817344666 
0.57221716642379760742 
2.2827742099761962891 
1.8326190710067749023 
0.1624027639627456665 
0.48939907550811767578 
-3.1948633193969726562 
0.0090088369324803352356 
-1.6217768192291259766 
-0.10698872804641723633 
10 10 
weights:
-0.8090496063232421875 -1.1186912059783935547 -1.7581783533096313477 0.88798391819000244141 0.87904155254364013672 0.72262990474700927734 -1.1781440973281860352 -0.90218198299407958984 1.4280623197555541992 0.52306610345840454102 
0.7542183995246887207 0.73316985368728637695 0.073896199464797973633 -0.69180333614349365234 -0.81598144769668579102 -0.61677014827728271484 0.82053077220916748047 0.82750928401947021484 -0.4068495333194732666 0.094848051667213439941 
0.075058035552501678467 0.08685267716646194458 -1.0897994041442871094 -0.17214278876781463623 0.67058128118515014648 0.56754350662231445312 0.45843011140823364258 -0.0097616268321871757507 0.90476274490356445312 -0.27138429880142211914 
-0.31291306018829345703 -0.35549005866050720215 -0.38989859819412231445 0.82182222604751586914 -0.38385704159736633301 -0.68654227256774902344 -0.35850128531455993652 0.19521683454513549805 0.66745215654373168945 0.12911663949489593506 
-0.80597472190856933594 -0.88865858316421508789 -1.0609204769134521484 0.7127285003662109375 -0.28900858759880065918 0.55230003595352172852 -0.40956225991249084473 -0.515407562255859375 0.60141712427139282227 0.033920280635356903076 
-1.0545675754547119141 -1.611572265625 -1.5411177873611450195 -0.087742701172828674316 -0.75193476676940917969 -0.31106284260749816895 -0.51435732841491699219 -1.5262398719787597656 0.26128175854682922363 -0.92607897520065307617 
-0.62542068958282470703 0.0032339801546186208725 -0.20660068094730377197 -0.17707145214080810547 0.26828563213348388672 0.20071652531623840332 0.97443777322769165039 0.11528293043375015259 0.13346211612224578857 -0.056441016495227813721 
-0.42358109354972839355 -0.2290878593921661377 -0.32035499811172485352 -0.27376592159271240234 -0.043439555913209915161 -0.517852783203125 -0.64810913801193237305 0.0035072767641395330429 0.99542319774627685547 0.05274453386664390564 
0.23520821332931518555 -0.694622039794921875 -1.0719993114471435547 0.54633581638336181641 0.25772294402122497559 -0.0038859080523252487183 -1.747410893440246582 -0.43486365675926208496 0.78710639476776123047 0.87659567594528198242 
0.8542664647102355957 0.49370479583740234375 1.0867360830307006836 -1.6509799957275390625 -0.51725929975509643555 -0.88665562868118286133 1.9469453096389770508 1.1647434234619140625 -0.55640560388565063477 -0.49654120206832885742 
bias:
0.10879298299551010132 
-0.68635308742523193359 
-1.7686264514923095703 
-0.3432299196720123291 
-0.034443709999322891235 
-0.4160785675048828125 
-0.80196702480316162109 
-0.72233164310455322266 
0.35312747955322265625 
-0.58557873964309692383 
10 1 
weights:
2.7196040153503417969 -1.4898972511291503906 0.14690221846103668213 0.51925653219223022461 1.4400243759155273438 2.9146122932434082031 -0.21325007081031799316 0.41378489136695861816 1.680419921875 -2.45770263671875 
bias:
-0.82952255010604858398 
