1 10 
weights:
0.84781897068023681641 
1.1773451566696166992 
1.6351221799850463867 
0.50959813594818115234 
0.93013906478881835938 
1.1168804168701171875 
1.4787689447402954102 
1.3268707990646362305 
1.3019797801971435547 
0.51462894678115844727 
bias:
2.0055599212646484375 
-1.004669189453125 
0.45468088984489440918 
-0.68832647800445556641 
2.3424665927886962891 
-3.4460954666137695312 
1.2470004558563232422 
-1.1220346689224243164 
-0.96841287612915039062 
-1.0409023761749267578 
10 10 
weights:
-0.021409047767519950867 0.67140173912048339844 -0.25189507007598876953 0.51288229227066040039 -0.25133347511291503906 0.9483954310417175293 -0.37710878252983093262 -0.61537671089172363281 0.38322317600250244141 0.14504095911979675293 
1.0891788005828857422 -0.49763369560241699219 -0.5612710118293762207 0.41273552179336547852 0.48290419578552246094 1.9847097396850585938 -0.77023583650588989258 -0.76299118995666503906 -0.066041484475135803223 0.91637289524078369141 
0.054768458008766174316 -0.58328998088836669922 -0.89696490764617919922 1.1661304235458374023 0.60114395618438720703 0.26466068625450134277 -1.5368380546569824219 -0.10540560632944107056 -0.81080323457717895508 0.015048850327730178833 
-0.009004657156765460968 -0.81258219480514526367 -0.43118885159492492676 -0.24045239388942718506 0.39736777544021606445 -0.37586078047752380371 -0.74031615257263183594 -0.78693729639053344727 0.96720749139785766602 -0.85018306970596313477 
0.69297873973846435547 -0.0061842836439609527588 0.19043622910976409912 0.24612186849117279053 0.2282718271017074585 0.82156163454055786133 -1.4905132055282592773 0.33723124861717224121 -0.10979785770177841187 0.10395777225494384766 
0.35121896862983703613 0.11619827896356582642 0.53849774599075317383 -0.16048149764537811279 -0.19445954263210296631 0.81596052646636962891 0.88074594736099243164 0.058068037033081054688 0.3312072455883026123 0.76365560293197631836 
-1.9877625703811645508 1.8674297332763671875 2.0485975742340087891 -1.6643902063369750977 -1.8143277168273925781 -1.831798553466796875 0.31237187981605529785 0.68996214866638183594 0.21605806052684783936 -1.5280675888061523438 
-0.67454361915588378906 0.46196320652961730957 0.24696873128414154053 0.087899632751941680908 -0.87003827095031738281 -0.21037396788597106934 -0.78376239538192749023 0.24151100218296051025 0.16472233831882476807 0.35517555475234985352 
-0.78104913234710693359 0.26660645008087158203 -1.6364917755126953125 -1.0921051502227783203 -1.8618570566177368164 -0.10801915079355239868 -2.0091264247894287109 -0.37931665778160095215 -0.70953744649887084961 -1.1446290016174316406 
0.037556134164333343506 -0.099792547523975372314 0.11359290033578872681 -0.41519156098365783691 -0.39596924185752868652 -0.15787722170352935791 -0.26198396086692810059 -0.0029871272854506969452 0.038664802908897399902 -0.79709917306900024414 
bias:
-0.89336574077606201172 
-0.67418497800827026367 
-0.84715038537979125977 
-1.2992851734161376953 
-0.62545508146286010742 
-0.94653934240341186523 
1.1205338239669799805 
-0.92680829763412475586 
-2.4343926906585693359 
-0.66944169998168945312 
10 1 
weights:
-0.75827372074127197266 -2.0945160388946533203 -1.5406653881072998047 -1.0939385890960693359 -0.89018774032592773438 0.16698601841926574707 3.5798099040985107422 0.52109116315841674805 2.3756854534149169922 0.59787607192993164062 
bias:
0.58359032869338989258 
