1 10 
weights:
0.48163568973541259766 
1.2260609865188598633 
0.67645424604415893555 
-1.4443080425262451172 
1.5022989511489868164 
-0.67260545492172241211 
0.44282981753349304199 
1.2186414003372192383 
1.2873777151107788086 
0.89383262395858764648 
bias:
0.52359944581985473633 
3.530948638916015625 
-1.1700264215469360352 
1.0329602956771850586 
-0.94991654157638549805 
1.5592539310455322266 
-0.46443405747413635254 
1.0561406612396240234 
0.48984521627426147461 
-2.3485848903656005859 
10 10 
weights:
-0.18053105473518371582 -1.5005519390106201172 1.5015959739685058594 0.11228297650814056396 1.0291054248809814453 0.31757339835166931152 -0.31203928589820861816 0.6827570796012878418 1.5784370899200439453 -0.14523477852344512939 
-0.41922903060913085938 -0.71198785305023193359 0.10589986294507980347 -0.85948449373245239258 0.50907790660858154297 -0.29209995269775390625 0.37329912185668945312 -0.23215617239475250244 0.29255637526512145996 0.12589319050312042236 
0.41563802957534790039 0.84375464916229248047 0.42565774917602539062 0.39523530006408691406 0.82618880271911621094 0.5377267003059387207 -0.12086492031812667847 0.12408546358346939087 0.67319709062576293945 0.43149420619010925293 
1.8095841407775878906 1.3772244453430175781 0.21196332573890686035 -0.2608419954776763916 0.33887115120887756348 -0.019125573337078094482 0.79952323436737060547 0.76723885536193847656 1.0620987415313720703 0.70314592123031616211 
-0.018768297508358955383 -0.88036084175109863281 -0.56409591436386108398 0.57684820890426635742 -0.51772040128707885742 0.26839861273765563965 0.17415083944797515869 1.243352055549621582 0.55774289369583129883 -0.25482997298240661621 
-0.20687279105186462402 -0.73095810413360595703 -0.79917508363723754883 -0.60510092973709106445 0.45703935623168945312 -0.082078963518142700195 -0.19665758311748504639 -0.5660915374755859375 0.36589217185974121094 0.031995803117752075195 
0.66811990737915039062 0.44860917329788208008 1.290584564208984375 0.59001368284225463867 -0.4405829012393951416 -1.3435945510864257812 0.60501158237457275391 -0.76631504297256469727 -1.8363267183303833008 2.1507854461669921875 
0.70474249124526977539 0.80368697643280029297 0.43240922689437866211 0.61464858055114746094 -1.6837434768676757812 -1.5579972267150878906 1.1581580638885498047 -1.0959222316741943359 -0.42140886187553405762 1.8198251724243164062 
-0.065281562507152557373 -0.31233832240104675293 -0.67137283086776733398 -0.63967168331146240234 0.14174652099609375 0.25781974196434020996 -0.59119820594787597656 0.1511481553316116333 0.40649622678756713867 0.11094442009925842285 
-0.41362518072128295898 -1.0898507833480834961 0.25862726569175720215 -1.2503292560577392578 1.7766063213348388672 0.93606555461883544922 -1.3365230560302734375 0.45044299960136413574 -0.50114738941192626953 -1.2759035825729370117 
bias:
-0.082663856446743011475 
-0.78040450811386108398 
0.31903442740440368652 
-0.24395009875297546387 
-1.2841509580612182617 
-0.090493723750114440918 
-0.63293433189392089844 
-0.48758047819137573242 
-0.75875443220138549805 
0.048337891697883605957 
10 1 
weights:
2.3922083377838134766 0.19492694735527038574 -1.1033014059066772461 -1.8634454011917114258 0.3822351992130279541 0.70684158802032470703 -2.1777491569519042969 -2.3415431976318359375 0.65081429481506347656 1.9351758956909179688 
bias:
1.5533586740493774414 
