1 10 
weights:
1.6275473833084106445 
0.84619903564453125 
1.7349951267242431641 
0.48318046331405639648 
0.4448191225528717041 
0.48015522956848144531 
1.9463012218475341797 
0.54251724481582641602 
0.46567544341087341309 
0.48858162760734558105 
bias:
1.8730884790420532227 
2.1273424625396728516 
-1.8133782148361206055 
-0.89861011505126953125 
-0.30349686741828918457 
-0.24409320950508117676 
0.035519994795322418213 
-1.2394219636917114258 
-0.51605236530303955078 
-0.94098109006881713867 
10 10 
weights:
-2.3273987770080566406 1.1628980636596679688 -1.3469786643981933594 1.5741857290267944336 1.6822818517684936523 0.45242175459861755371 -1.989603877067565918 1.2594923973083496094 1.2132743597030639648 1.5861655473709106445 
-0.0019729309715330600739 1.5127127170562744141 0.64979100227355957031 -0.009865176863968372345 -0.27011588215827941895 1.4057865142822265625 0.34148085117340087891 0.19290609657764434814 0.35160070657730102539 0.48897460103034973145 
-1.3497860431671142578 -0.10709769278764724731 -0.62311440706253051758 0.42754665017127990723 -0.14965894818305969238 0.36156731843948364258 -0.43670186400413513184 -0.55003911256790161133 0.70603334903717041016 0.065890803933143615723 
-0.30687010288238525391 -0.79412889480590820312 -0.2976436316967010498 0.50878655910491943359 -0.29288566112518310547 -0.40839087963104248047 0.0385893210768699646 0.48652622103691101074 0.84356385469436645508 -0.37846106290817260742 
-0.010159503668546676636 0.64922982454299926758 0.16702011227607727051 -0.13211998343467712402 -0.91340589523315429688 -0.32839933037757873535 -0.29998731613159179688 -0.56177210807800292969 -0.092586003243923187256 0.34104561805725097656 
0.096739269793033599854 -1.8154125213623046875 0.73122674226760864258 -0.40981018543243408203 -0.33520394563674926758 -0.36503681540489196777 0.24398218095302581787 0.01469214167445898056 -1.1478954553604125977 -0.20907081663608551025 
-0.22100420296192169189 0.48417937755584716797 -0.69707906246185302734 0.19893608987331390381 0.34721687436103820801 0.52719593048095703125 -0.32026505470275878906 0.87283575534820556641 0.68043571710586547852 0.21681569516658782959 
-0.94167315959930419922 0.85014206171035766602 -0.0052251974120736122131 0.17141386866569519043 0.91368520259857177734 0.36051034927368164062 -0.84969556331634521484 -0.1530488431453704834 -0.23110748827457427979 0.64613926410675048828 
0.25147014856338500977 -0.52499586343765258789 1.3554900884628295898 0.45286273956298828125 -0.70484894514083862305 -0.62706434726715087891 -0.16304698586463928223 -0.32243880629539489746 -0.50879472494125366211 -0.17432203888893127441 
0.44297015666961669922 -0.97578215599060058594 1.7517985105514526367 -0.55012553930282592773 -0.82625854015350341797 -1.2355077266693115234 1.833491206169128418 -0.27136620879173278809 -0.65408825874328613281 -0.91096568107604980469 
bias:
-1.3179559707641601562 
-0.3412691950798034668 
-0.23811891674995422363 
-1.1979311704635620117 
-0.68791186809539794922 
-0.05100676417350769043 
0.017637761309742927551 
-0.93629288673400878906 
-0.74647200107574462891 
-0.12701787054538726807 
10 1 
weights:
-3.5624125003814697266 -1.2773460149765014648 -0.84128910303115844727 -0.067758858203887939453 0.25188767910003662109 1.9544284343719482422 -0.8827063441276550293 -0.92167073488235473633 1.0654051303863525391 2.8265085220336914062 
bias:
2.0674204826354980469 
