1 10 
weights:
0.44504788517951965332 
-0.4286638796329498291 
-0.74466902017593383789 
0.37767133116722106934 
1.4598273038864135742 
-0.48420923948287963867 
0.46615552902221679688 
-1.2069531679153442383 
0.85396754741668701172 
1.3629705905914306641 
bias:
-0.58117973804473876953 
0.52446591854095458984 
-1.9707939624786376953 
-0.44063174724578857422 
-0.93322938680648803711 
-1.1491720676422119141 
0.7209733128547668457 
1.4772789478302001953 
-2.58988189697265625 
1.4093297719955444336 
10 10 
weights:
0.12628068029880523682 -0.14683669805526733398 -0.34881505370140075684 0.54175859689712524414 0.048923030495643615723 -0.18480411171913146973 0.43635955452919006348 -0.52390015125274658203 0.76039427518844604492 -0.27705353498458862305 
0.85712742805480957031 -1.395651698112487793 -0.79083466529846191406 0.24369378387928009033 -0.70017015933990478516 -0.49908420443534851074 0.043850336223840713501 0.29530063271522521973 1.9515312910079956055 -1.0669527053833007812 
-0.27499216794967651367 0.31080806255340576172 -0.38477176427841186523 -0.26792189478874206543 -0.34453386068344116211 0.35456636548042297363 -0.67293477058410644531 -0.139493599534034729 -0.44952744245529174805 0.39674028754234313965 
1.5499576330184936523 -1.0181584358215332031 -0.28374344110488891602 0.73512315750122070312 1.7411473989486694336 -0.66237807273864746094 0.76290327310562133789 -0.90090453624725341797 0.50469362735748291016 1.3636374473571777344 
0.29732662439346313477 -0.49545115232467651367 0.14277468621730804443 -0.29759225249290466309 -0.33532041311264038086 -0.57008385658264160156 -0.89236563444137573242 -0.13695691525936126709 0.15810303390026092529 -1.2594114542007446289 
-0.95586973428726196289 0.21440985798835754395 0.68906450271606445312 -0.56748819351196289062 0.63022762537002563477 0.8998928070068359375 -1.0211881399154663086 -0.87900930643081665039 -0.86752623319625854492 0.3377641141414642334 
-0.65056669712066650391 0.15685854852199554443 0.83718281984329223633 -0.30955642461776733398 0.62140220403671264648 0.34696775674819946289 -0.64723241329193115234 -0.38311409950256347656 -0.011319125071167945862 -0.2757809758186340332 
-0.54964774847030639648 -0.179029121994972229 0.14123560488224029541 0.038642596453428268433 -1.1250547170639038086 0.04111941903829574585 -0.69754719734191894531 0.17211325466632843018 0.80438762903213500977 -1.1511033773422241211 
0.87806761264801025391 -0.60687613487243652344 -0.65919524431228637695 1.0677330493927001953 -0.39472648501396179199 -1.0503985881805419922 -0.42595124244689941406 0.7123394012451171875 0.58312129974365234375 -0.64377796649932861328 
-0.89364057779312133789 1.3717031478881835938 1.8900065422058105469 -2.1179201602935791016 1.7673151493072509766 1.2934587001800537109 -1.9157558679580688477 -2.0580909252166748047 -1.261061549186706543 1.6222071647644042969 
bias:
-0.47279542684555053711 
0.1872733384370803833 
-0.3143164217472076416 
-0.74588692188262939453 
-0.19454413652420043945 
-0.12784565985202789307 
-0.91424214839935302734 
0.49280568957328796387 
0.17687198519706726074 
-0.10455062240362167358 
10 1 
weights:
-1.0081422328948974609 -2.3415822982788085938 0.63994479179382324219 2.4307935237884521484 -0.21481941640377044678 1.7592170238494873047 0.75993746519088745117 -0.64731377363204956055 -1.4617944955825805664 3.6006519794464111328 
bias:
-1.4663106203079223633 
