1 10 
weights:
-1.7412734031677246094 
0.81095868349075317383 
0.69415515661239624023 
1.1704320907592773438 
0.75636476278305053711 
0.4269657433032989502 
0.4415614008903503418 
1.5551557540893554688 
0.43577125668525695801 
-0.54825836420059204102 
bias:
-0.45773375034332275391 
-2.2304024696350097656 
1.2066538333892822266 
1.3001828193664550781 
-2.0243341922760009766 
-0.27700036764144897461 
0.001248536398634314537 
-1.4366375207901000977 
-0.51822459697723388672 
-1.0164303779602050781 
10 10 
weights:
0.22002249956130981445 1.0899857282638549805 0.35078129172325134277 -1.3354039192199707031 1.0872271060943603516 0.32135704159736633301 0.042820338159799575806 -0.20459665358066558838 0.36168432235717773438 -0.70740526914596557617 
-1.2260766029357910156 -0.26985326409339904785 0.37860906124114990234 0.8476060032844543457 0.40714430809020996094 -1.1318442821502685547 -0.79687935113906860352 1.4472377300262451172 0.016307134181261062622 -0.51912349462509155273 
0.38028657436370849609 0.63394337892532348633 0.94555699825286865234 0.87047153711318969727 0.28894191980361938477 -0.16128242015838623047 0.5952059626579284668 0.53731977939605712891 0.70035904645919799805 -0.1599019467830657959 
0.16894875466823577881 0.38827040791511535645 -0.85915422439575195312 0.034490134567022323608 0.29296213388442993164 -0.11952677369117736816 0.34572625160217285156 0.70881515741348266602 -0.017520925030112266541 0.30481281876564025879 
-1.2645175457000732422 -0.34375339746475219727 -0.19363075494766235352 1.0522557497024536133 0.8202254176139831543 -0.55015587806701660156 -0.59072339534759521484 1.1009392738342285156 0.74424773454666137695 0.34273734688758850098 
-0.62590414285659790039 -1.6932556629180908203 -0.15363855659961700439 2.1691615581512451172 -1.7869029045104980469 -0.08469807356595993042 -0.77943497896194458008 2.0325846672058105469 -1.2999894618988037109 1.548694610595703125 
1.1336342096328735352 -1.155975341796875 -2.3661150932312011719 -2.0651731491088867188 -1.5283842086791992188 -1.5357815027236938477 -1.5138071775436401367 -0.53741544485092163086 -1.6513752937316894531 0.87555205821990966797 
0.16894173622131347656 0.83443748950958251953 -0.23025424778461456299 -0.66600519418716430664 1.3078179359436035156 0.23856884241104125977 -0.17727160453796386719 -1.0938383340835571289 0.54143059253692626953 -0.9035580754280090332 
-0.21238666772842407227 0.83007800579071044922 -0.54735136032104492188 -0.60486894845962524414 -0.33536177873611450195 0.19518116116523742676 -0.19616439938545227051 -0.5816428065299987793 -0.6122449040412902832 -0.15170358121395111084 
0.50620645284652709961 -0.12016397714614868164 0.32250204682350158691 0.50710499286651611328 0.11589989066123962402 -0.64987385272979736328 -0.48299100995063781738 -0.24676869809627532959 -0.563007354736328125 0.6980101466178894043 
bias:
-0.80465281009674072266 
-0.61050486564636230469 
0.61530059576034545898 
-0.98282861709594726562 
-0.28637143969535827637 
-0.33631360530853271484 
-0.82654583454132080078 
0.27179771661758422852 
-0.13577935099601745605 
-0.064642667770385742188 
10 1 
weights:
-1.6029832363128662109 1.2880353927612304688 -1.5887678861618041992 -0.1817633509635925293 1.4507833719253540039 3.3925883769989013672 3.7872447967529296875 -1.5241696834564208984 -0.18132103979587554932 0.13960598409175872803 
bias:
-0.75814169645309448242 
