1 10 
weights:
-1.7595725059509277344 
-0.47451764345169067383 
1.635674595832824707 
-0.74919378757476806641 
0.69749349355697631836 
0.81842017173767089844 
1.4344938993453979492 
0.96950244903564453125 
1.1308140754699707031 
0.86347556114196777344 
bias:
1.0049973726272583008 
0.50135809183120727539 
-0.043106582015752792358 
-0.096506461501121520996 
-1.1860069036483764648 
1.92053985595703125 
1.3674317598342895508 
2.2882437705993652344 
-2.8975825309753417969 
1.9840781688690185547 
10 10 
weights:
-0.54058492183685302734 -0.031678002327680587769 1.2638901472091674805 -0.92506521940231323242 1.4696037769317626953 -0.61974513530731201172 1.3966231346130371094 -0.28538241982460021973 0.3286094963550567627 -0.47541064023971557617 
0.21169614791870117188 -0.4186000823974609375 -0.52112656831741333008 -0.30340966582298278809 0.82502090930938720703 -0.64719152450561523438 -0.010905004106462001801 -1.1294568777084350586 0.47646242380142211914 -0.27339407801628112793 
-1.6138842105865478516 -0.73412644863128662109 0.994350433349609375 -0.32406216859817504883 0.20934747159481048584 -0.24250192940235137939 1.2889500856399536133 -1.4126043319702148438 -0.49278041720390319824 -0.18373322486877441406 
0.41133892536163330078 1.0603810548782348633 0.57350105047225952148 0.93979293107986450195 0.48627099394798278809 -0.47477525472640991211 -0.13024833798408508301 1.0553418397903442383 0.028085317462682723999 0.99802064895629882812 
-0.99023443460464477539 0.65760445594787597656 0.60437244176864624023 0.54423373937606811523 0.25184974074363708496 -0.78971982002258300781 0.62270843982696533203 -0.98048877716064453125 -0.51599651575088500977 -1.1481593847274780273 
-0.56809657812118530273 -0.56257671117782592773 0.27828276157379150391 -0.37123560905456542969 0.28714886307716369629 1.5073941946029663086 0.33183562755584716797 1.8612082004547119141 0.75287705659866333008 1.6214208602905273438 
-0.55471134185791015625 -0.31753769516944885254 0.93851315975189208984 0.18877321481704711914 -0.69760924577713012695 -0.1269502490758895874 -0.64628809690475463867 -0.22573900222778320312 -0.4089132845401763916 -0.29143705964088439941 
1.0000373125076293945 -2.1732306480407714844 -1.3769022226333618164 -0.43564042448997497559 1.9051640033721923828 0.84520393610000610352 -1.7523779869079589844 -0.47340437769889831543 2.8104081153869628906 0.078731954097747802734 
-0.76827228069305419922 -0.24009086191654205322 0.15542021393775939941 -0.0040968353860080242157 0.33554229140281677246 0.58109694719314575195 0.64344960451126098633 1.0274395942687988281 0.38408115506172180176 0.78653317689895629883 
0.98845905065536499023 0.5319468379020690918 0.10080061852931976318 0.33939957618713378906 -0.058807838708162307739 0.31798821687698364258 0.13257713615894317627 1.2723031044006347656 -0.96712839603424072266 0.34491491317749023438 
bias:
0.88162875175476074219 
-0.27728098630905151367 
0.26005390286445617676 
0.6277599334716796875 
0.16191515326499938965 
0.26827308535575866699 
-0.46999755501747131348 
-0.066085726022720336914 
0.75927454233169555664 
0.5107911229133605957 
10 1 
weights:
2.0890755653381347656 0.086323499679565429688 1.527660369873046875 0.67743146419525146484 1.6107947826385498047 -2.1514835357666015625 0.56653314828872680664 -3.1164329051971435547 -0.96849304437637329102 0.56960320472717285156 
bias:
0.11836069077253341675 
