1 10 
weights:
-0.45475569367408752441 
0.52239024639129638672 
0.63732695579528808594 
1.446656346321105957 
-1.6723006963729858398 
0.58408528566360473633 
-0.4459005892276763916 
1.7193303108215332031 
0.69128441810607910156 
0.853271484375 
bias:
-0.15068504214286804199 
0.66993892192840576172 
1.3327368497848510742 
1.6192151308059692383 
1.5981751680374145508 
-1.4426159858703613281 
0.78521835803985595703 
-0.1061873510479927063 
1.6000152826309204102 
-2.0698728561401367188 
10 10 
weights:
0.81553691625595092773 1.221226811408996582 -0.71944457292556762695 0.27037969231605529785 0.37874990701675415039 0.93695360422134399414 0.46261179447174072266 0.84943991899490356445 0.074447408318519592285 0.89309114217758178711 
-0.68801647424697875977 -0.19106809794902801514 -0.42560949921607971191 -0.41259819269180297852 -0.81528902053833007812 -0.17711409926414489746 -0.96105152368545532227 0.52854943275451660156 -0.14765986800193786621 -0.060357812792062759399 
-0.27832373976707458496 -0.89801210165023803711 0.012558741495013237 -0.064387001097202301025 -1.2701590061187744141 -0.2118218541145324707 -0.23204350471496582031 0.99819785356521606445 -0.67566823959350585938 -0.19551309943199157715 
-0.64911937713623046875 -0.087761215865612030029 0.85797137022018432617 0.59523129463195800781 -1.413299560546875 -0.8384621739387512207 -0.13230788707733154297 -0.38817837834358215332 -0.79668343067169189453 0.21254234015941619873 
-0.4932912290096282959 -0.21483689546585083008 -0.25837674736976623535 -0.22910647094249725342 0.78560340404510498047 0.47057110071182250977 -0.65354013442993164062 -0.35551717877388000488 0.21101419627666473389 0.50711196660995483398 
-0.27199226617813110352 -0.10783882439136505127 0.3371028602123260498 -1.5253506898880004883 0.76732355356216430664 1.0513832569122314453 -1.1607657670974731445 -1.1871055364608764648 0.75028645992279052734 2.2319400310516357422 
1.1128288507461547852 -0.88138490915298461914 -0.9709689021110534668 1.430056452751159668 -1.1408745050430297852 -0.42200008034706115723 0.48790630698204040527 1.0503141880035400391 -0.62336742877960205078 -0.72263157367706298828 
-0.87944275140762329102 1.1783659458160400391 1.2553937435150146484 -2.16957855224609375 1.5100749731063842773 1.4586689472198486328 -1.4897029399871826172 -1.8972947597503662109 1.0096849203109741211 1.4701738357543945312 
0.50738948583602905273 0.39197632670402526855 0.27371624112129211426 -0.44206956028938293457 -0.23178426921367645264 0.60630011558532714844 -1.2721154689788818359 -0.0026956056244671344757 -0.13522423803806304932 0.17346297204494476318 
-0.54857456684112548828 1.2549375295639038086 1.2760003805160522461 1.3825612068176269531 -0.042982362210750579834 1.1399350166320800781 -0.15155273675918579102 -0.00065327982883900403976 1.8610426187515258789 0.67208176851272583008 
bias:
1.6478099822998046875 
-1.6846328973770141602 
-0.92447060346603393555 
-0.37806341052055358887 
-0.43347758054733276367 
-0.50043278932571411133 
-0.20685614645481109619 
-0.73727107048034667969 
-0.083618529140949249268 
-0.22648502886295318604 
10 1 
weights:
5.0837988853454589844 1.4754796028137207031 1.7867510318756103516 0.88618803024291992188 -0.70945501327514648438 -2.0127208232879638672 1.9532395601272583008 -3.0844142436981201172 -0.095887094736099243164 -2.4681718349456787109 
bias:
-1.6714392900466918945 
