1 10 
weights:
-1.5957157611846923828 
0.40403914451599121094 
-0.37728154659271240234 
0.91260647773742675781 
-0.98299366235733032227 
0.4369176328182220459 
0.48381531238555908203 
-1.5039752721786499023 
0.87259447574615478516 
0.39298978447914123535 
bias:
-0.99222010374069213867 
-0.19300559163093566895 
0.64987325668334960938 
1.654036402702331543 
2.5450837612152099609 
0.065125927329063415527 
0.33523592352867126465 
1.0301576852798461914 
1.8322168588638305664 
-0.20805470645427703857 
10 10 
weights:
-0.98946809768676757812 -0.63047909736633300781 1.0603958368301391602 0.21484069526195526123 1.819149017333984375 -0.59198439121246337891 -0.032870538532733917236 -1.8692125082015991211 -0.72476464509963989258 -0.21789802610874176025 
0.86690515279769897461 0.76838356256484985352 -0.56106168031692504883 -1.6256475448608398438 -0.96121507883071899414 -0.64984363317489624023 0.91927254199981689453 0.85240185260772705078 -0.038946337997913360596 0.21185965836048126221 
0.25277030467987060547 -0.31886628270149230957 -0.32251095771789550781 -0.65395838022232055664 -0.62918388843536376953 0.42024970054626464844 -0.82717549800872802734 -1.0529448986053466797 0.24661777913570404053 -1.1113443374633789062 
-0.011988863348960876465 0.53389561176300048828 -0.38129431009292602539 -0.2260875701904296875 -0.29942244291305541992 0.38922959566116333008 0.82284092903137207031 0.80558949708938598633 -0.094194233417510986328 -0.37084206938743591309 
-1.7703633308410644531 -0.42551526427268981934 -0.34569278359413146973 0.23674309253692626953 0.076656587421894073486 0.17325931787490844727 0.044560935348272323608 -0.39587771892547607422 0.38219478726387023926 -0.15528893470764160156 
0.54414904117584228516 -0.51826590299606323242 -0.32868614792823791504 0.11072199046611785889 -1.4291262626647949219 0.48998534679412841797 0.20395311713218688965 0.90422898530960083008 0.30441138148307800293 0.65649181604385375977 
-0.66144198179244995117 1.3320368528366088867 -0.44290006160736083984 2.3232281208038330078 -1.16641998291015625 1.1472593545913696289 1.5818755626678466797 0.45545807480812072754 2.4343206882476806641 0.75881707668304443359 
1.3402526378631591797 0.073269210755825042725 -0.062044024467468261719 -0.43755006790161132812 -1.1003890037536621094 0.20597325265407562256 0.27776381373405456543 1.2846485376358032227 -0.39313098788261413574 0.65756130218505859375 
0.90257912874221801758 0.54427731037139892578 -1.5692969560623168945 -0.09048251807689666748 -2.7479000091552734375 0.8121312260627746582 0.37186232209205627441 2.1959207057952880859 -0.25095969438552856445 1.1894643306732177734 
-0.84027379751205444336 0.4871043860912322998 1.0009263753890991211 0.56905180215835571289 -0.44308185577392578125 0.19141337275505065918 -0.59742194414138793945 -1.3617377281188964844 -0.084271743893623352051 -0.10108879208564758301 
bias:
0.77083551883697509766 
0.44352820515632629395 
0.011523955501616001129 
-1.4224199056625366211 
-0.49272933602333068848 
-1.0385127067565917969 
-0.041617579758167266846 
-0.5324427485466003418 
-0.75654172897338867188 
-0.80767428874969482422 
10 1 
weights:
2.4071164131164550781 -1.0102045536041259766 1.2264915704727172852 -0.58468711376190185547 0.99522536993026733398 -0.93366444110870361328 -2.8690934181213378906 -1.2595555782318115234 -2.2181718349456787109 1.2907196283340454102 
bias:
2.5837876796722412109 
