1 10 
weights:
1.3091609477996826172 
0.6902936100959777832 
0.4225540459156036377 
0.89544510841369628906 
1.3797249794006347656 
-0.68008470535278320312 
0.59993201494216918945 
-0.37776654958724975586 
1.7747718095779418945 
1.6788613796234130859 
bias:
0.26626417040824890137 
1.4674702882766723633 
-0.42012161016464233398 
-2.2494766712188720703 
1.690573573112487793 
-1.6546827554702758789 
-1.3032541275024414062 
-0.18263149261474609375 
0.22400811314582824707 
-1.6466972827911376953 
10 10 
weights:
0.56712585687637329102 -1.2932498455047607422 -2.2603757381439208984 -2.1358611583709716797 1.7549419403076171875 1.3891441822052001953 -1.8778837919235229492 1.0660123825073242188 1.2348533868789672852 2.6629476547241210938 
-0.30021035671234130859 -0.028448972851037979126 -0.74765241146087646484 -0.78310400247573852539 -0.15200342237949371338 0.0060725151561200618744 -0.46832716464996337891 -0.65098267793655395508 -0.075270265340805053711 0.50866091251373291016 
-1.0127263069152832031 0.23905760049819946289 -0.15936443209648132324 -0.35056570172309875488 -0.45669624209403991699 0.33542484045028686523 0.55090337991714477539 1.1040445566177368164 -0.67476421594619750977 -1.0657598972320556641 
0.84292787313461303711 -0.77114135026931762695 -0.28123074769973754883 -0.068850606679916381836 0.094754271209239959717 0.85323894023895263672 -1.0220406055450439453 -0.091901414096355438232 0.18937969207763671875 -0.18877266347408294678 
0.58231985569000244141 -0.72239226102828979492 -0.77217465639114379883 0.12150606513023376465 -0.039839398115873336792 0.99907988309860229492 -0.77046400308609008789 -0.10782568901777267456 -0.03100155852735042572 0.56399810314178466797 
0.66013222932815551758 -0.86728507280349731445 -0.42526122927665710449 0.009447010233998298645 -0.96133333444595336914 0.42194700241088867188 -0.11764396727085113525 0.57347273826599121094 -0.52237689495086669922 -0.82387292385101318359 
0.38167330622673034668 -0.28069487214088439941 -0.69044017791748046875 1.1508449316024780273 -1.4384825229644775391 0.17197272181510925293 0.52490603923797607422 0.049864914268255233765 -0.045589227229356765747 -0.25030383467674255371 
0.89912533760070800781 -0.27387341856956481934 -0.019745040684938430786 0.57850849628448486328 -0.057478189468383789062 0.85836875438690185547 0.72428709268569946289 -0.14304646849632263184 -0.044380735605955123901 0.1774450838565826416 
2.3816139698028564453 2.3750169277191162109 0.5105838775634765625 0.71763843297958374023 1.277203679084777832 -1.0001503229141235352 0.98305290937423706055 -0.22599953413009643555 1.3022996187210083008 1.5406831502914428711 
0.56003570556640625 -1.1049854755401611328 -1.1637119054794311523 -1.0148522853851318359 1.3263957500457763672 0.019041532650589942932 -0.92595404386520385742 0.94833952188491821289 0.42072060704231262207 1.2824888229370117188 
bias:
-0.77450007200241088867 
0.4246813356876373291 
-0.7284495234489440918 
-1.0037587881088256836 
-1.1499048471450805664 
-1.0086597204208374023 
-0.27358779311180114746 
-0.4742234647274017334 
0.95976126194000244141 
-0.39485144615173339844 
10 1 
weights:
3.4280705451965332031 0.26302635669708251953 -1.166278839111328125 0.90053462982177734375 0.83911263942718505859 0.047244220972061157227 -0.69594883918762207031 0.39867931604385375977 -3.3875622749328613281 1.9730064868927001953 
bias:
0.0084309289231896400452 
