1 10 
weights:
2.1855900287628173828 
1.9810622930526733398 
2.0197551250457763672 
0.68354260921478271484 
0.97098261117935180664 
1.9469294548034667969 
1.6186574697494506836 
0.88960552215576171875 
1.7825486660003662109 
2.2636196613311767578 
bias:
-0.72103357315063476562 
-0.48675525188446044922 
-2.9045658111572265625 
-1.580112457275390625 
2.5225708484649658203 
-0.51419371366500854492 
1.5668928623199462891 
-2.5769877433776855469 
-0.098964028060436248779 
-1.3267799615859985352 
10 10 
weights:
-0.14702717959880828857 0.32800689339637756348 -0.31004109978675842285 -0.28526571393013000488 -1.0409989356994628906 0.59449648857116699219 0.80481684207916259766 -1.2338966131210327148 0.14640595018863677979 0.24496577680110931396 
-0.15457920730113983154 0.84068655967712402344 1.1086823940277099609 -1.8336305618286132812 -2.5181555747985839844 0.76755660772323608398 1.4403034448623657227 -2.2504322528839111328 -0.38434696197509765625 0.82694530487060546875 
0.55290901660919189453 -0.11052963882684707642 -0.22057190537452697754 -1.5127388238906860352 -2.4265792369842529297 0.58839803934097290039 -0.41459026932716369629 -1.4907397031784057617 -0.93708449602127075195 -0.52087575197219848633 
0.33589193224906921387 -0.017852328717708587646 0.35741090774536132812 -0.56891834735870361328 -1.839306950569152832 0.32610401511192321777 -0.27642804384231567383 -0.50319701433181762695 -0.045501593500375747681 0.25754976272583007812 
-0.43467605113983154297 -0.41529065370559692383 -0.24082858860492706299 -0.28072869777679443359 -0.38653898239135742188 0.073604784905910491943 -0.23596864938735961914 -0.65752989053726196289 -0.068918973207473754883 -0.66770547628402709961 
0.10737699270248413086 0.11085064709186553955 0.95822393894195556641 -1.4979619979858398438 -1.8648571968078613281 0.15203437209129333496 1.0393177270889282227 -1.1708655357360839844 -0.12528075277805328369 -0.20263536274433135986 
-1.4987986087799072266 -0.87514925003051757812 0.49066972732543945312 0.37342756986618041992 1.0201202630996704102 0.22152334451675415039 -1.4724222421646118164 -0.41306528449058532715 -0.7848021388053894043 -1.1322572231292724609 
-0.59040904045104980469 -0.56595140695571899414 0.24434232711791992188 0.30149060487747192383 0.47373756766319274902 -0.55038607120513916016 0.64843481779098510742 -0.41205424070358276367 -0.4116834104061126709 -0.33478936553001403809 
0.10014181584119796753 -0.2128188014030456543 -0.3313140571117401123 1.4033181667327880859 0.55670094490051269531 0.58705931901931762695 -0.7987651824951171875 1.6054136753082275391 -0.54252988100051879883 0.016409546136856079102 
-0.063097171485424041748 0.51116728782653808594 0.49054062366485595703 -0.34032669663429260254 -1.5712258815765380859 0.27568614482879638672 -0.28155794739723205566 -0.55567175149917602539 -0.47304254770278930664 -0.23138180375099182129 
bias:
-0.88161069154739379883 
0.35905155539512634277 
-0.71979987621307373047 
-0.19211061298847198486 
-1.2308336496353149414 
-0.0058016944676637649536 
-0.60912585258483886719 
-0.94225770235061645508 
-1.0931094884872436523 
-1.9433400630950927734 
10 1 
weights:
0.93513309955596923828 2.8485295772552490234 2.251209259033203125 1.2366615533828735352 -0.44881528615951538086 2.1366651058197021484 -1.8836749792098999023 -0.21496284008026123047 -1.6376458406448364258 0.72705870866775512695 
bias:
-1.2403159141540527344 
