1 10 
weights:
-0.45186293125152587891 
-1.5637367963790893555 
-0.73152202367782592773 
0.61537408828735351562 
-0.45335489511489868164 
1.3084230422973632812 
-0.38164401054382324219 
1.3490092754364013672 
1.2300751209259033203 
-1.1699708700180053711 
bias:
0.35418409109115600586 
0.080702230334281921387 
1.6582963466644287109 
-1.268338322639465332 
0.26086586713790893555 
1.2486307621002197266 
-0.50754958391189575195 
-1.8633735179901123047 
0.8800341486930847168 
-3.6635222434997558594 
10 10 
weights:
0.032405570149421691895 0.015250516124069690704 0.55845266580581665039 -0.16246354579925537109 0.34488022327423095703 -0.3874123990535736084 0.40714791417121887207 0.16754853725433349609 0.44013875722885131836 0.96997559070587158203 
-0.48683726787567138672 -0.042708884924650192261 -0.5757897496223449707 0.38528344035148620605 0.14464411139488220215 -0.31900840997695922852 0.15345661342144012451 -0.38052141666412353516 -0.59491139650344848633 -0.39178353548049926758 
0.18512178957462310791 -0.4853235781192779541 0.67562270164489746094 -0.95957165956497192383 -0.066576443612575531006 0.44442632794380187988 0.8558177947998046875 0.3569348752498626709 0.71391373872756958008 1.4213844537734985352 
-0.72534954547882080078 1.0850797891616821289 -1.2344863414764404297 0.9456221461296081543 -1.0475353002548217773 0.074269965291023254395 -1.6722162961959838867 -0.11897081881761550903 -0.44414347410202026367 -0.0015363345155492424965 
0.82635003328323364258 -1.2017178535461425781 1.7759726047515869141 -1.2279157638549804688 0.46834132075309753418 1.0103858709335327148 0.5367940068244934082 0.02346389181911945343 0.59276288747787475586 1.2585541009902954102 
-0.94674652814865112305 0.58417880535125732422 -0.23648235201835632324 0.22719304263591766357 -0.77231961488723754883 -0.59486538171768188477 -0.80096662044525146484 0.53857260942459106445 -0.37835481762886047363 0.19480335712432861328 
-0.80878341197967529297 1.7112787961959838867 0.82287508249282836914 -0.086203046143054962158 0.90101361274719238281 -0.37147280573844909668 1.5923266410827636719 -1.8899323940277099609 -0.43008530139923095703 -0.46252265572547912598 
-0.11149969696998596191 1.3426872491836547852 -0.34390252828598022461 1.6212515830993652344 -0.97264277935028076172 -0.78092670440673828125 -0.99890166521072387695 -0.080816887319087982178 -0.75525832176208496094 -1.2139029502868652344 
-0.0097330277785658836365 0.48889848589897155762 -0.42910826206207275391 0.74778467416763305664 -1.0860346555709838867 -0.59036773443222045898 -0.10535789281129837036 0.090254284441471099854 -0.51092511415481567383 -0.53471904993057250977 
0.89986574649810791016 -1.8021352291107177734 0.057426940649747848511 -1.6335037946701049805 0.79578953981399536133 0.4547335505485534668 0.7407283782958984375 0.48382076621055603027 0.46888086199760437012 1.6458212137222290039 
bias:
-0.41209799051284790039 
-0.47977864742279052734 
-1.408573150634765625 
0.23706459999084472656 
-1.2475848197937011719 
-0.54039341211318969727 
0.4953041374683380127 
0.075114421546459197998 
-0.50687712430953979492 
-0.98233014345169067383 
10 1 
weights:
0.81961625814437866211 -0.57518273591995239258 1.5566740036010742188 -1.8037265539169311523 2.7620661258697509766 -0.83344447612762451172 -1.9165118932723999023 -2.1458239555358886719 -1.1136481761932373047 2.3132064342498779297 
bias:
-1.9893413782119750977 
