1 10 
weights:
0.6826317906379699707 
1.2473795413970947266 
0.59957426786422729492 
-1.556042790412902832 
-0.46668303012847900391 
1.5738176107406616211 
0.47317266464233398438 
0.77223342657089233398 
0.68013608455657958984 
1.2269595861434936523 
bias:
1.2479268312454223633 
1.113417506217956543 
0.95786583423614501953 
0.3385174870491027832 
0.53420883417129516602 
-1.3941060304641723633 
-0.25955852866172790527 
1.6853023767471313477 
1.1643407344818115234 
-3.4670338630676269531 
10 10 
weights:
0.039741318672895431519 1.5407308340072631836 0.086004331707954406738 -0.5573285222053527832 -1.3247203826904296875 0.91930299997329711914 0.83203178644180297852 0.35371440649032592773 0.75552833080291748047 -0.325839996337890625 
0.66604864597320556641 -0.4976476132869720459 0.65001374483108520508 0.20893639326095581055 -0.23807437717914581299 -0.99315589666366577148 0.31244477629661560059 0.3748112022876739502 -0.76548814773559570312 1.6700781583786010742 
-0.066085763275623321533 -1.7536208629608154297 1.1448854207992553711 0.5661773681640625 -1.4436199665069580078 -1.0313438177108764648 0.25710210204124450684 0.0086495140567421913147 0.77291852235794067383 2.4203581809997558594 
-0.11529346555471420288 0.090856440365314483643 -0.85946762561798095703 -0.34691980481147766113 -0.98123633861541748047 -0.078987441956996917725 -0.1382137984037399292 0.047693930566310882568 -0.71582305431365966797 1.5558639764785766602 
-0.16661794483661651611 0.57709896564483642578 -0.56111741065979003906 -0.79590284824371337891 0.93138712644577026367 1.3050377368927001953 0.10084784775972366333 -1.016425013542175293 -0.70893806219100952148 -1.0351321697235107422 
-0.28811281919479370117 -0.32106956839561462402 -0.099654518067836761475 -0.88775265216827392578 -0.40778109431266784668 -0.22306832671165466309 0.74465006589889526367 -0.57170528173446655273 0.47851452231407165527 1.2189524173736572266 
-0.5633296966552734375 0.52329385280609130859 -0.46108451485633850098 -0.60680848360061645508 -0.43277502059936523438 -0.342334747314453125 -0.11866742372512817383 -0.14095543324947357178 -0.10130689293146133423 0.30626592040061950684 
0.20636931061744689941 -0.67897272109985351562 -0.60143649578094482422 -0.01877424679696559906 -1.0235718488693237305 -0.35259622335433959961 0.4090938568115234375 -0.73189193010330200195 -0.59462916851043701172 -0.45481663942337036133 
1.1152139902114868164 -0.14826869964599609375 2.0498065948486328125 -0.3321857154369354248 -0.87742686271667480469 -0.15170679986476898193 0.58625024557113647461 1.4544274806976318359 2.0323803424835205078 -0.11599469184875488281 
0.99708259105682373047 -0.66536611318588256836 -0.19472144544124603271 0.22934335470199584961 -0.63571786880493164062 -0.43160647153854370117 1.1792583465576171875 1.3480548858642578125 0.42120188474655151367 0.58731454610824584961 
bias:
-0.92984789609909057617 
-0.88539946079254150391 
-0.53099781274795532227 
0.22081726789474487305 
0.20039820671081542969 
-1.1067868471145629883 
-0.78185576200485229492 
-0.82556056976318359375 
-0.35259461402893066406 
-0.095117732882499694824 
10 1 
weights:
2.6114170551300048828 -1.4240659475326538086 -2.4812576770782470703 -0.44154694676399230957 1.927739262580871582 -0.59357297420501708984 0.22215603291988372803 -0.16407117247581481934 -2.6344506740570068359 -1.9703963994979858398 
bias:
3.2724943161010742188 
