1 10 
weights:
0.78040975332260131836 
1.4297329187393188477 
0.68311774730682373047 
1.177510380744934082 
1.327771306037902832 
0.4930852055549621582 
0.48792180418968200684 
1.3163374662399291992 
0.53984844684600830078 
1.4281247854232788086 
bias:
1.7090171575546264648 
1.826932072639465332 
1.1448012590408325195 
-3.2872424125671386719 
0.12445171177387237549 
-0.48506426811218261719 
-0.32810840010643005371 
-1.126804351806640625 
0.21210087835788726807 
0.46881806850433349609 
10 10 
weights:
-0.45191150903701782227 0.18307855725288391113 -0.19910928606986999512 0.0020919477101415395737 1.3512313365936279297 -0.35197904706001281738 -0.32648891210556030273 0.38598522543907165527 -0.89581882953643798828 0.22655481100082397461 
0.4194342494010925293 -1.1421518325805664062 0.062585972249507904053 0.78138899803161621094 0.32758256793022155762 0.37602508068084716797 -0.34584686160087585449 -0.47062793374061584473 0.54632109403610229492 -0.78795284032821655273 
-0.75884616374969482422 1.7490378618240356445 -0.92405939102172851562 -2.1231496334075927734 0.86334115266799926758 -1.1555594205856323242 -1.3163380622863769531 1.4383442401885986328 0.2516180872917175293 0.72573417425155639648 
-0.83912038803100585938 -0.32856237888336181641 -0.45699325203895568848 -0.48493912816047668457 0.8492228388786315918 -0.41120895743370056152 -1.0968717336654663086 0.78171652555465698242 -0.89324921369552612305 0.43830212950706481934 
-0.50621736049652099609 -0.040960203856229782104 -0.21588398516178131104 -0.90389680862426757812 0.55549120903015136719 0.58318227529525756836 -0.41373357176780700684 0.7947680354118347168 -0.55609488487243652344 0.65999662876129150391 
1.3530858755111694336 0.62861424684524536133 1.7474433183670043945 0.13666538894176483154 0.076853543519973754883 1.2275108098983764648 0.85765254497528076172 0.13417020440101623535 1.1255396604537963867 0.49848213791847229004 
-0.035848140716552734375 -0.64730298519134521484 -0.68541115522384643555 -0.059753425419330596924 0.14645588397979736328 -0.11363051831722259521 0.85371363162994384766 0.03892552107572555542 0.37195742130279541016 -0.3022556304931640625 
-0.87276029586791992188 -0.2582963109016418457 0.20223404467105865479 0.45630869269371032715 -1.058073878288269043 -0.25445190072059631348 -0.45431113243103027344 -0.38933300971984863281 -0.46766158938407897949 0.33147358894348144531 
-2.0568587779998779297 0.1942472308874130249 -0.85713362693786621094 -1.4934749603271484375 1.3183633089065551758 -0.68408167362213134766 -0.93188494443893432617 1.430782318115234375 -0.55706185102462768555 1.6122506856918334961 
-1.1483970880508422852 -0.042097944766283035278 -1.3497643470764160156 -0.32568413019180297852 0.078455716371536254883 -0.4980939030647277832 -0.15773035585880279541 1.8625818490982055664 -0.29824170470237731934 0.54670190811157226562 
bias:
-0.99551552534103393555 
0.51052278280258178711 
0.39043095707893371582 
-0.33976384997367858887 
-1.0556145906448364258 
-0.38370192050933837891 
-0.55763375759124755859 
-0.62559866905212402344 
0.45737913250923156738 
-0.1492414325475692749 
10 1 
weights:
0.76062721014022827148 -0.83466094732284545898 3.0333132743835449219 1.8188289403915405273 0.90532547235488891602 -2.2821507453918457031 -0.22040133178234100342 0.35395181179046630859 2.4373414516448974609 1.4222763776779174805 
bias:
-1.1260391473770141602 
