1 10 
weights:
0.55966573953628540039 
-0.35963550209999084473 
1.9800943136215209961 
1.5832102298736572266 
-0.49287718534469604492 
1.7212407588958740234 
-0.94574338197708129883 
-0.76488357782363891602 
0.56526124477386474609 
0.58397728204727172852 
bias:
-1.2290977239608764648 
-0.60646486282348632812 
-0.16097848117351531982 
1.6083812713623046875 
-1.2360522747039794922 
-2.0339977741241455078 
-3.0048780441284179688 
1.3388861417770385742 
-1.3590596914291381836 
-1.3444128036499023438 
10 10 
weights:
-0.73702251911163330078 0.77825450897216796875 0.47362372279167175293 0.51413780450820922852 0.98983043432235717773 0.63688063621520996094 0.90120935440063476562 0.85834592580795288086 -0.3575713038444519043 -0.2521864473819732666 
-0.82405579090118408203 -0.30579867959022521973 1.0175735950469970703 1.1301670074462890625 1.2663564682006835938 0.93021512031555175781 1.8304274082183837891 -0.052639231085777282715 -2.0466053485870361328 -0.83096200227737426758 
-0.039291989058256149292 -0.1532062143087387085 -0.24518008530139923096 0.14363102614879608154 0.38161811232566833496 -0.2364676743745803833 -0.13531698286533355713 0.20459169149398803711 -0.96283674240112304688 -0.031059145927429199219 
0.14685425162315368652 -0.65362221002578735352 0.56140178442001342773 0.1290257573127746582 -0.3498019874095916748 0.50150024890899658203 0.77160173654556274414 0.22369788587093353271 -1.538334965705871582 -0.66696953773498535156 
0.73740386962890625 0.074911572039127349854 1.0667960643768310547 0.14302551746368408203 0.72953271865844726562 0.45438897609710693359 0.48799383640289306641 1.1774120330810546875 1.0551551580429077148 0.016197357326745986938 
-0.42377001047134399414 0.28308770060539245605 0.6641985774040222168 1.0240340232849121094 0.39255756139755249023 1.0858477354049682617 1.8025525808334350586 -1.2057160139083862305 0.045913703739643096924 -0.63947522640228271484 
-0.26361805200576782227 -0.065961830317974090576 0.6493695378303527832 0.99824202060699462891 -0.81712204217910766602 1.1407335996627807617 -0.64254367351531982422 -0.27423313260078430176 -0.02970831654965877533 -0.66887402534484863281 
0.20641228556632995605 0.078341357409954071045 -1.7214853763580322266 0.084399342536926269531 -0.0085989255458116531372 0.47580853104591369629 -0.36250501871109008789 -1.2206796407699584961 0.05708807334303855896 0.36269563436508178711 
-1.3870807886123657227 1.377310633659362793 1.0657489299774169922 1.7352082729339599609 1.1541670560836791992 1.365731358528137207 0.73945885896682739258 0.27304315567016601562 -1.3775732517242431641 -1.9936268329620361328 
1.0788652896881103516 -0.62097513675689697266 -0.13501513004302978516 -0.85189771652221679688 0.10535024106502532959 -0.41468292474746704102 -0.87596374750137329102 -0.33739542961120605469 0.5750904083251953125 0.48134174942970275879 
bias:
-1.5140123367309570312 
-1.2142299413681030273 
-1.272098541259765625 
-0.83808439970016479492 
0.80319827795028686523 
-0.0094177061691880226135 
-1.2601780891418457031 
-0.2574024200439453125 
-1.2951412200927734375 
-0.19100093841552734375 
10 1 
weights:
1.7126926183700561523 2.116405487060546875 0.070165172219276428223 0.75064861774444580078 -1.8529702425003051758 1.9255203008651733398 1.2019991874694824219 -0.53493440151214599609 2.7698955535888671875 -1.2974065542221069336 
bias:
-3.3428449630737304688 
