1 10 
weights:
0.77501547336578369141 
1.5023664236068725586 
1.4809319972991943359 
0.56422281265258789062 
0.63128983974456787109 
1.5296127796173095703 
0.74256253242492675781 
0.70897275209426879883 
1.7022684812545776367 
0.93830734491348266602 
bias:
-2.0580735206604003906 
-0.11892317980527877808 
0.84541714191436767578 
-1.0555909872055053711 
-1.5039494037628173828 
-1.7479118108749389648 
1.1416457891464233398 
-1.6861951351165771484 
-0.37864223122596740723 
1.9520285129547119141 
10 10 
weights:
-0.91063404083251953125 0.35570999979972839355 0.9375 -0.99679672718048095703 0.40414676070213317871 0.98409569263458251953 -1.1298646926879882812 -0.16201737523078918457 0.92175614833831787109 -0.3218745887279510498 
-0.52964836359024047852 -1.1126887798309326172 -1.1281186342239379883 -0.71763622760772705078 0.61246877908706665039 -0.69646912813186645508 -0.47289827466011047363 -1.007639765739440918 -0.12901073694229125977 0.16543744504451751709 
-0.65819376707077026367 -0.37204727530479431152 0.14080739021301269531 -0.21982663869857788086 -0.42482206225395202637 0.1876659393310546875 -0.56944918632507324219 -0.27518025040626525879 -0.12581905722618103027 -0.28907528519630432129 
1.2835955619812011719 -0.2248980402946472168 -0.61706244945526123047 0.52968120574951171875 1.1142591238021850586 -0.4569250941276550293 0.52535003423690795898 1.7233326435089111328 -0.62696170806884765625 -0.63074904680252075195 
-1.2330025434494018555 0.82320743799209594727 0.84516412019729614258 -1.4801144599914550781 -0.72703194618225097656 1.4901335239410400391 -0.52866727113723754883 -1.1019366979598999023 0.52103835344314575195 0.24797688424587249756 
0.59263455867767333984 0.76078712940216064453 1.5712960958480834961 1.0778834819793701172 1.5865558385848999023 0.69364094734191894531 2.0694789886474609375 1.1461950540542602539 0.18887373805046081543 2.9600770473480224609 
1.1504498720169067383 0.22782045602798461914 1.0576629638671875 0.77499586343765258789 -0.1132976040244102478 0.87571632862091064453 0.20934838056564331055 0.07088816910982131958 1.4046397209167480469 0.50785422325134277344 
-0.81724834442138671875 -0.040868073701858520508 0.48725712299346923828 -0.1035955771803855896 -1.7932184934616088867 1.257883906364440918 -0.020181568339467048645 -0.24670568108558654785 -0.2535012662410736084 0.73416352272033691406 
0.11145792156457901001 0.43934047222137451172 -0.46903368830680847168 0.25671723484992980957 0.092027753591537475586 0.1521170884370803833 -0.69887971878051757812 0.14103290438652038574 -0.80926203727722167969 0.37833541631698608398 
-0.98057186603546142578 0.079729318618774414062 0.50681507587432861328 -0.31037113070487976074 -1.5179499387741088867 0.98707032203674316406 -0.6545473933219909668 -0.20277632772922515869 1.0921972990036010742 0.14886194467544555664 
bias:
-1.0439629554748535156 
0.31140223145484924316 
-0.85767942667007446289 
-1.1620817184448242188 
-0.40651649236679077148 
-0.59769022464752197266 
0.033608730882406234741 
-0.59883439540863037109 
-0.84933525323867797852 
-0.53429692983627319336 
10 1 
weights:
1.6603094339370727539 -1.1109299659729003906 0.097371444106101989746 -2.0235817432403564453 2.0412299633026123047 -4.8875255584716796875 0.90384531021118164062 1.3340861797332763672 -0.18301224708557128906 1.4551566839218139648 
bias:
1.9896514415740966797 
