1 10 
weights:
1.2521740198135375977 
0.40295952558517456055 
0.47153055667877197266 
0.38228756189346313477 
0.90591275691986083984 
0.42379873991012573242 
0.81580728292465209961 
1.332672119140625 
0.78884136676788330078 
0.61073076725006103516 
bias:
0.80045604705810546875 
-0.2546902000904083252 
-0.96598553657531738281 
-0.37315291166305541992 
2.11884307861328125 
0.068277850747108459473 
1.5410611629486083984 
-0.98194038867950439453 
-2.165782928466796875 
-1.5431326627731323242 
10 10 
weights:
-1.2950400114059448242 -0.24993745982646942139 -0.47584939002990722656 -0.92578309774398803711 -1.9542533159255981445 -1.0351809263229370117 -0.6007849574089050293 0.57278901338577270508 0.18362218141555786133 -0.13228693604469299316 
1.6112892627716064453 -0.95309543609619140625 -0.50675952434539794922 -1.0466994047164916992 -0.62842530012130737305 -0.9401906132698059082 0.126743316650390625 2.3570563793182373047 -0.82029241323471069336 -0.84273940324783325195 
2.3667371273040771484 0.28101682662963867188 -1.2127687931060791016 -0.8350155949592590332 0.0094229122623801231384 -0.96046233177185058594 -0.17554344236850738525 1.3511739969253540039 -1.1869390010833740234 -1.0229471921920776367 
-0.63210964202880859375 -0.23702956736087799072 0.34157964587211608887 -0.21366991102695465088 0.13680160045623779297 -0.18962362408638000488 -0.44698360562324523926 0.61309140920639038086 -0.028641646727919578552 -0.40503466129302978516 
-0.78594058752059936523 -0.13837540149688720703 -0.55584496259689331055 0.25863590836524963379 -0.49790462851524353027 -0.17167517542839050293 0.34728890657424926758 -0.69955056905746459961 0.97630065679550170898 0.22064086794853210449 
1.1681084632873535156 -0.74938368797302246094 -0.22037701308727264404 -0.55362105369567871094 -1.3976539373397827148 0.16458471119403839111 -0.054210431873798370361 2.0898473262786865234 -0.83597028255462646484 -0.78709948062896728516 
0.7406158447265625 0.57741588354110717773 0.71116620302200317383 -0.072392553091049194336 1.7991459369659423828 0.56464439630508422852 1.3952457904815673828 -0.35250651836395263672 -0.023803835734724998474 0.76683062314987182617 
1.3089325428009033203 0.13686650991439819336 -0.75562441349029541016 -0.28486475348472595215 -0.893978118896484375 -0.11399482935667037964 -1.7047212123870849609 0.60087430477142333984 -0.29868534207344055176 0.14467102289199829102 
-1.8617128133773803711 0.500080108642578125 0.93426024913787841797 0.12881095707416534424 0.40811780095100402832 0.50294899940490722656 -0.45151594281196594238 -1.4180589914321899414 1.1563675403594970703 1.7959446907043457031 
-0.32210743427276611328 -0.30418226122856140137 -0.18584616482257843018 0.13475686311721801758 -0.74037462472915649414 -0.60669493675231933594 -0.48655498027801513672 0.064432479441165924072 -1.2222125530242919922 -0.68181562423706054688 
bias:
0.070205010473728179932 
0.35700067877769470215 
-0.023056397214531898499 
0.41000226140022277832 
-0.28405335545539855957 
-0.48039150238037109375 
0.086110956966876983643 
-0.39018982648849487305 
-0.3110395967960357666 
-0.84811234474182128906 
10 1 
weights:
1.9695781469345092773 2.2847158908843994141 2.7426354885101318359 0.1879094243049621582 -0.73090946674346923828 1.9085729122161865234 -2.9634616374969482422 1.4957458972930908203 -1.9360768795013427734 0.81557238101959228516 
bias:
0.059522081166505813599 
