1 10 
weights:
-0.49872493743896484375 
0.77610236406326293945 
0.48841470479965209961 
1.4652465581893920898 
1.5541914701461791992 
0.45983782410621643066 
-1.820956110954284668 
0.38561189174652099609 
0.69879800081253051758 
-0.39185315370559692383 
bias:
-0.91458994150161743164 
2.0502769947052001953 
-1.0521261692047119141 
-1.5105861425399780273 
1.4891664981842041016 
-0.91379886865615844727 
0.13710702955722808838 
-0.097771026194095611572 
-1.896016240119934082 
-0.059697687625885009766 
10 10 
weights:
0.88481730222702026367 -0.11527262628078460693 -0.25565820932388305664 -1.0867154598236083984 -1.4709073305130004883 0.091317646205425262451 0.33103576302528381348 0.67764568328857421875 0.036964707076549530029 -0.24816431105136871338 
1.6892862319946289062 -1.712666630744934082 -0.73806363344192504883 1.1856548786163330078 1.1228269338607788086 -0.80146199464797973633 -1.1703844070434570312 -0.12804876267910003662 -0.79374086856842041016 1.3041280508041381836 
-0.02244546450674533844 -0.9723828434944152832 1.3248208761215209961 0.75382524728775024414 -0.66108804941177368164 0.30555936694145202637 0.50291162729263305664 0.17415359616279602051 0.6220811009407043457 -1.2741740942001342773 
0.47354245185852050781 -1.5853399038314819336 -0.48023423552513122559 2.1173117160797119141 0.37804657220840454102 -0.43305382132530212402 -1.184429168701171875 -0.18673264980316162109 -0.0055424440652132034302 -0.069771029055118560791 
-0.29256543517112731934 0.70585882663726806641 0.44432687759399414062 -0.88092529773712158203 -0.46578922867774963379 -0.18595907092094421387 0.28409087657928466797 0.42013397812843322754 0.4759089350700378418 0.057416003197431564331 
-0.72082781791687011719 -0.36261275410652160645 0.51289087533950805664 -0.18763817846775054932 0.016715247184038162231 -0.050297569483518600464 0.70783799886703491211 -0.061008825898170471191 0.75848937034606933594 -1.0767852067947387695 
0.087152905762195587158 -0.41555202007293701172 -0.1576350778341293335 -0.59696084260940551758 -0.32838815450668334961 -0.62554877996444702148 -0.24971532821655273438 -0.14484520256519317627 0.1748867034912109375 0.33257755637168884277 
1.2825931310653686523 -1.3663437366485595703 -1.3834521770477294922 2.1312227249145507812 2.5314798355102539062 -1.6004122495651245117 -1.2419192790985107422 -1.5687699317932128906 -1.4980075359344482422 1.414776921272277832 
-0.15088921785354614258 -0.72504478693008422852 0.28554677963256835938 -0.51951056718826293945 -0.54794663190841674805 -0.523944854736328125 0.021490497514605522156 -0.06925763934850692749 0.37834113836288452148 -0.15120904147624969482 
-0.4217294156551361084 1.2473049163818359375 0.89658063650131225586 -0.9724273681640625 -0.65716832876205444336 0.094896145164966583252 0.21955072879791259766 0.46830856800079345703 1.0726430416107177734 0.0076591200195252895355 
bias:
-0.86757856607437133789 
-0.4965018928050994873 
-0.6635672450065612793 
-1.3059432506561279297 
-0.1670678555965423584 
-0.46064457297325134277 
-0.69452756643295288086 
0.27368906140327453613 
-0.29486471414566040039 
-0.25982961058616638184 
10 1 
weights:
-0.8373559117317199707 2.3488216400146484375 -0.59634935855865478516 1.6980984210968017578 -0.58643287420272827148 -0.68025559186935424805 0.077699705958366394043 3.3695497512817382812 -0.15705943107604980469 -2.0152685642242431641 
bias:
-0.41084718704223632812 
