1 10 
weights:
0.3855056464672088623 
1.2286617755889892578 
-0.48282614350318908691 
1.1411374807357788086 
0.72825503349304199219 
1.4633277654647827148 
1.5095742940902709961 
-0.51833575963973999023 
1.275553584098815918 
-0.37496656179428100586 
bias:
-0.79645168781280517578 
-0.9455592036247253418 
-0.91337788105010986328 
-2.962917327880859375 
2.0841195583343505859 
1.8216766119003295898 
0.16190637648105621338 
-1.0425614118576049805 
-1.1033189296722412109 
-0.0036675448063760995865 
10 10 
weights:
0.29929128289222717285 0.32162851095199584961 -0.20932780206203460693 0.36753106117248535156 -0.39470013976097106934 1.3967851400375366211 0.27531424164772033691 0.44920966029167175293 0.53909373283386230469 0.65214258432388305664 
1.5304166078567504883 -1.2466223239898681641 -0.80367964506149291992 0.11795427650213241577 1.9107663631439208984 -1.2724262475967407227 -1.1482125520706176758 -0.6487954258918762207 -0.43534171581268310547 -1.2420533895492553711 
0.67338806390762329102 -0.4523970186710357666 -0.54937708377838134766 1.5208570957183837891 1.5636487007141113281 -1.1021304130554199219 -0.85203897953033447266 -1.5715326070785522461 -1.1243200302124023438 -0.73638433218002319336 
0.2493829578161239624 -0.5647761225700378418 -1.0541526079177856445 0.37967720627784729004 0.34199935197830200195 -0.70084661245346069336 -0.39075627923011779785 -0.65092986822128295898 -0.12790971994400024414 -0.96089857816696166992 
-0.022656219080090522766 -0.24840405583381652832 -0.32224008440971374512 0.45539101958274841309 0.71714800596237182617 -0.41971749067306518555 -0.54974561929702758789 -1.0184645652770996094 -0.61821067333221435547 0.049039147794246673584 
0.24852427840232849121 0.55608278512954711914 -0.35846388339996337891 0.7547938227653503418 0.013430769555270671844 -1.0515890121459960938 -0.62758886814117431641 -0.8372485041618347168 0.57694834470748901367 -0.58231961727142333984 
-0.49873271584510803223 0.14967820048332214355 -0.23995816707611083984 -0.10473468899726867676 -0.078088276088237762451 0.57273995876312255859 -0.58204627037048339844 0.41388013958930969238 0.084716178476810455322 -0.83770549297332763672 
1.1962581872940063477 -0.95795476436614990234 -1.0913125276565551758 2.5122394561767578125 1.3519439697265625 -0.70310652256011962891 -0.88152325153350830078 -0.92539703845977783203 -0.98954892158508300781 -0.21783962845802307129 
0.013064068742096424103 0.62849098443984985352 -0.39757806062698364258 -0.26361948251724243164 -0.3201198279857635498 -0.58081543445587158203 1.1885228157043457031 -0.50879943370819091797 0.76619267463684082031 -0.57512706518173217773 
0.21342404186725616455 0.001134108053520321846 0.56901365518569946289 -0.06823695451021194458 -0.23843471705913543701 -0.44957399368286132812 -0.18781489133834838867 0.17873446643352508545 -0.27452248334884643555 -0.34586352109909057617 
bias:
0.22176705300807952881 
0.47110128402709960938 
0.62809836864471435547 
0.40077546238899230957 
-0.6922785639762878418 
-1.3276044130325317383 
-0.83719557523727416992 
-0.19826659560203552246 
-1.2239396572113037109 
-0.47749766707420349121 
10 1 
weights:
0.7344443202018737793 -2.7736716270446777344 -2.4968204498291015625 -1.1650941371917724609 -1.1520808935165405273 -0.82854217290878295898 0.38160550594329833984 -2.7958233356475830078 1.0011305809020996094 0.30172273516654968262 
bias:
2.4900200366973876953 
