1 10 
weights:
1.3390711545944213867 
1.3134330511093139648 
1.4909112453460693359 
-0.6754773259162902832 
0.46442934870719909668 
-1.1658337116241455078 
0.46302887797355651855 
0.42048195004463195801 
0.4200413823127746582 
1.0904974937438964844 
bias:
-0.90774714946746826172 
-0.4172343909740447998 
1.0221362113952636719 
1.484896540641784668 
0.061788354068994522095 
3.0132341384887695312 
-0.72777688503265380859 
-0.0029036283958703279495 
-0.35029172897338867188 
2.7947771549224853516 
10 10 
weights:
0.9679062962532043457 0.02634136006236076355 0.54036909341812133789 0.43754497170448303223 0.25336295366287231445 1.4247004985809326172 0.087429113686084747314 0.90174722671508789062 1.1391034126281738281 0.32968530058860778809 
0.66158509254455566406 0.64099597930908203125 1.0764575004577636719 0.61085915565490722656 -0.19815742969512939453 2.3280544281005859375 -0.65391105413436889648 -0.41627514362335205078 -0.77128660678863525391 -0.86221879720687866211 
-0.51653522253036499023 -0.69338512420654296875 -1.554011225700378418 -0.12038892507553100586 0.037430480122566223145 0.42007395625114440918 0.76460319757461547852 0.15541268885135650635 -0.032526556402444839478 -0.36353161931037902832 
1.5326657295227050781 1.2816010713577270508 1.232024073600769043 -0.19642120599746704102 0.34050250053405761719 0.40247768163681030273 -1.0718117952346801758 -0.59204339981079101562 -0.54027205705642700195 -1.1638951301574707031 
0.39749926328659057617 -0.50400513410568237305 0.19287385046482086182 -1.3251729011535644531 -0.16040401160717010498 -0.49384716153144836426 0.23487512767314910889 0.16467040777206420898 -0.28162905573844909668 -0.8228397369384765625 
-0.11198190599679946899 -0.36531221866607666016 0.18992571532726287842 0.010050891898572444916 0.017538405954837799072 -1.5405143499374389648 0.69869905710220336914 -0.32694363594055175781 0.10032409429550170898 0.070053249597549438477 
-0.79197132587432861328 -0.11465600132942199707 0.25502556562423706055 -0.11185126006603240967 0.52125972509384155273 0.70463162660598754883 -0.023704018443822860718 -0.97923678159713745117 0.27623581886291503906 -1.0166817903518676758 
0.085422828793525695801 1.3511350154876708984 0.12261396646499633789 -1.2024521827697753906 1.9968993663787841797 -0.069170631468296051025 1.5479835271835327148 1.1739073991775512695 0.63596820831298828125 2.7518253326416015625 
-0.50353616476058959961 0.42205160856246948242 -0.1715237349271774292 -0.96131527423858642578 -0.072636686265468597412 -1.0771750211715698242 -0.60662961006164550781 0.74682545661926269531 0.086735613644123077393 -0.2742099463939666748 
1.5363895893096923828 0.90173518657684326172 1.7570055723190307617 1.2335638999938964844 -1.1600918769836425781 1.0763045549392700195 -0.5209439396858215332 -0.88797551393508911133 -0.68461507558822631836 -0.72814577817916870117 
bias:
1.0115667581558227539 
-0.6098849177360534668 
-0.053339399397373199463 
-1.2780168056488037109 
0.18529681861400604248 
-0.84969657659530639648 
-1.1506766080856323242 
0.048092518001794815063 
0.04100628197193145752 
-1.3496326208114624023 
10 1 
weights:
-2.790210723876953125 2.235107421875 -1.3554502725601196289 2.6609027385711669922 -0.45584177970886230469 -0.78233546018600463867 0.0017482409020885825157 -2.8054239749908447266 -0.62954908609390258789 2.2625188827514648438 
bias:
1.9698014259338378906 
