1 10 
weights:
1.4597197771072387695 
1.522511601448059082 
0.98401987552642822266 
0.90682941675186157227 
0.76631432771682739258 
-0.70563989877700805664 
1.4340372085571289062 
1.6931781768798828125 
0.65138775110244750977 
1.4195297956466674805 
bias:
-1.2667574882507324219 
-0.064282543957233428955 
-2.9062504768371582031 
-0.31484395265579223633 
-1.9917149543762207031 
-1.8918106555938720703 
-1.5310356616973876953 
0.068900622427463531494 
1.6843707561492919922 
1.3566584587097167969 
10 10 
weights:
-0.81547152996063232422 -0.30921232700347900391 0.34924525022506713867 0.2788473665714263916 -0.93852764368057250977 -1.6612209081649780273 0.13403020799160003662 -0.10329419374465942383 -0.18223792314529418945 -0.4907372593879699707 
-0.71201097965240478516 -0.70510679483413696289 -0.62751233577728271484 -1.3246778249740600586 -0.70139962434768676758 -0.055647879838943481445 -0.7290134429931640625 -0.599925994873046875 -0.39074751734733581543 -1.3707865476608276367 
-0.07564048469066619873 -0.45746088027954101562 -0.16968004405498504639 -0.36563777923583984375 -0.22705487906932830811 -1.3941925764083862305 0.0096419602632522583008 -0.096452489495277404785 -0.44019821286201477051 -0.52804833650588989258 
0.69695734977722167969 -0.7480347752571105957 -0.31286945939064025879 -1.2040697336196899414 -1.2436296939849853516 -1.2633501291275024414 -0.04434307292103767395 -0.74577158689498901367 -1.0639166831970214844 -0.3038743138313293457 
-0.11671668291091918945 -1.1598441600799560547 0.37002721428871154785 -0.39284446835517883301 -0.15878608822822570801 -1.0658979415893554688 -0.50639688968658447266 -1.0379173755645751953 1.04070281982421875 -1.3683067560195922852 
-1.2910557985305786133 -0.2897669374942779541 -0.70827734470367431641 -0.88575410842895507812 -0.35376206040382385254 -1.0974351167678833008 -0.31412583589553833008 -0.70827156305313110352 0.5507138371467590332 -1.2741909027099609375 
-0.273586273193359375 -1.0707705020904541016 -0.79807823896408081055 -1.3331705331802368164 -1.1054856777191162109 -1.3105893135070800781 0.058197200298309326172 -0.25173690915107727051 -1.0340422391891479492 -1.116431117057800293 
0.13928014039993286133 -0.95909255743026733398 -0.1937223970890045166 -0.022549601271748542786 -0.37711796164512634277 -0.70721471309661865234 -0.30793073773384094238 -0.025209624320268630981 -0.57888066768646240234 -0.37244960665702819824 
0.8157062530517578125 -0.23645742237567901611 -0.010430935770273208618 -0.81866097450256347656 1.0790151357650756836 -0.86528360843658447266 -0.96336263418197631836 -0.18255288898944854736 0.39929974079132080078 -0.3742421567440032959 
-1.1379055976867675781 -0.3726603090763092041 2.4020047187805175781 0.45577019453048706055 2.3565804958343505859 -2.64841461181640625 -1.4473532438278198242 -1.0168575048446655273 2.7313475608825683594 -1.7082664966583251953 
bias:
-1.0151709318161010742 
0.28247752785682678223 
-1.049053192138671875 
-2.2428870201110839844 
-1.3128899335861206055 
-1.0423973798751831055 
-1.2403671741485595703 
-1.3403913974761962891 
-0.92568236589431762695 
0.22040434181690216064 
10 1 
weights:
-1.1323767900466918945 -0.21514821052551269531 -0.97116041183471679688 -0.047080408781766891479 -1.684970855712890625 -1.4660456180572509766 1.296709895133972168 -0.038428973406553268433 -0.87467706203460693359 -4.2439169883728027344 
bias:
2.8508400917053222656 
