1 10 
weights:
-1.2642810344696044922 
0.45835658907890319824 
1.3108210563659667969 
-1.1875162124633789062 
0.87667816877365112305 
1.3378198146820068359 
0.86121040582656860352 
0.40478041768074035645 
1.1141033172607421875 
1.2820336818695068359 
bias:
0.094233311712741851807 
-0.75643205642700195312 
0.62004196643829345703 
0.64562457799911499023 
-2.4590191841125488281 
3.6963026523590087891 
-2.5493016242980957031 
-0.13322648406028747559 
-0.37931939959526062012 
-1.0797772407531738281 
10 10 
weights:
-1.0188659429550170898 -0.4854825139045715332 0.062957823276519775391 -0.74302279949188232422 0.27252659201622009277 -0.18263570964336395264 -0.28058403730392456055 -0.38436716794967651367 0.11584639549255371094 -0.45874947309494018555 
-0.21058863401412963867 -0.066808760166168212891 1.2915743589401245117 -0.016405399888753890991 -0.076815091073513031006 -1.6918582916259765625 -0.37851187586784362793 -0.043236371129751205444 -0.017144305631518363953 0.76560771465301513672 
-1.1405626535415649414 0.33123692870140075684 -0.31369683146476745605 -0.500213623046875 -0.39662018418312072754 -0.21927829086780548096 1.4903702735900878906 -0.072717770934104919434 -0.12338357418775558472 -0.28187251091003417969 
0.38141208887100219727 0.79989576339721679688 -0.66383266448974609375 0.33385798335075378418 1.0255109071731567383 1.6036496162414550781 1.5898593664169311523 0.5870215296745300293 -0.70350235700607299805 -0.942829132080078125 
0.12361978739500045776 0.81544953584671020508 -2.0912628173828125 0.0028427527286112308502 2.2004768848419189453 0.83887141942977905273 0.70389080047607421875 0.25758856534957885742 -0.018417716026306152344 -0.52219688892364501953 
-0.18024784326553344727 -0.36417955160140991211 -0.33155310153961181641 -0.079370610415935516357 -0.12183172255754470825 -1.2157461643218994141 0.58168828487396240234 -0.64094150066375732422 -0.42604371905326843262 0.41512387990951538086 
-0.22010949254035949707 -0.49391937255859375 0.68538612127304077148 -0.43904727697372436523 -0.66017943620681762695 -1.2947361469268798828 0.45205345749855041504 -0.55229467153549194336 0.33957189321517944336 -0.21089020371437072754 
-0.80114799737930297852 -0.087027482688426971436 -0.77803593873977661133 -0.71601653099060058594 -0.078943841159343719482 -1.2206784486770629883 -0.22193294763565063477 0.061622317880392074585 -0.31887266039848327637 -0.19507987797260284424 
0.068344585597515106201 0.075502105057239532471 0.95907729864120483398 -1.3760313987731933594 -0.84683018922805786133 -0.94618636369705200195 -0.35325193405151367188 -0.21857139468193054199 0.034096762537956237793 0.67782831192016601562 
0.33122816681861877441 -0.43011927604675292969 0.97838449478149414062 -1.0222634077072143555 -0.45763769745826721191 -1.4159895181655883789 -0.93161183595657348633 -0.24242110550403594971 0.10131483525037765503 0.36825144290924072266 
bias:
-1.7081226110458374023 
0.17449611425399780273 
-0.33175668120384216309 
-1.413827061653137207 
-0.77405810356140136719 
-0.48653140664100646973 
0.26343059539794921875 
-1.1465886831283569336 
-0.5477542877197265625 
0.32229030132293701172 
10 1 
weights:
-0.51720291376113891602 1.488043665885925293 -0.54985201358795166016 -2.7111334800720214844 -2.6852509975433349609 0.54161345958709716797 0.9529660344123840332 0.039696317166090011597 1.1034297943115234375 1.7460614442825317383 
bias:
1.1818904876708984375 
