1 10 
weights:
-0.55260396003723144531 
0.75037276744842529297 
1.5025943517684936523 
0.47117018699645996094 
0.68961942195892333984 
1.5901284217834472656 
0.62167489528656005859 
1.4584528207778930664 
-0.86651885509490966797 
0.44529008865356445312 
bias:
1.32623291015625 
-1.7770446538925170898 
-1.3603718280792236328 
0.028475906699895858765 
1.58724212646484375 
0.25442588329315185547 
1.2019670009613037109 
1.8175549507141113281 
1.979618072509765625 
0.060399044305086135864 
10 10 
weights:
0.10187518596649169922 0.213848114013671875 -0.026890739798545837402 0.45005646347999572754 -0.37295690178871154785 -0.84096705913543701172 -0.7724030613899230957 -0.077188216149806976318 -0.4840958714485168457 0.41328290104866027832 
-0.26025509834289550781 0.24972307682037353516 -0.31736195087432861328 -0.94806021451950073242 -0.66601973772048950195 0.048830740153789520264 -0.29149147868156433105 0.47044199705123901367 0.50327503681182861328 0.42469057440757751465 
-0.38260954618453979492 1.0892485380172729492 0.625446319580078125 0.56754595041275024414 -0.4146728515625 1.0915281772613525391 0.26645940542221069336 0.82773768901824951172 -0.70357012748718261719 0.022625211626291275024 
0.67392766475677490234 -0.37036556005477905273 1.450865626335144043 -0.65237051248550415039 -0.97547918558120727539 1.6363927125930786133 -0.61575347185134887695 0.095831573009490966797 -0.14857538044452667236 -1.4220064878463745117 
-0.64179509878158569336 0.63276904821395874023 0.71291536092758178711 2.1748211383819580078 1.3563535213470458984 0.76037681102752685547 2.0644402503967285156 0.51676714420318603516 -0.10507071763277053833 1.1664670705795288086 
-1.8035846948623657227 -0.5955632328987121582 0.32674881815910339355 -0.021191926673054695129 -1.296609044075012207 -0.26258909702301025391 -0.34415799379348754883 -0.26836487650871276855 -1.6753963232040405273 -1.1832927465438842773 
-0.33204010128974914551 -0.5233287811279296875 -0.95128101110458374023 1.1492583751678466797 0.20995908975601196289 -0.1846129000186920166 0.5623595118522644043 -0.51778805255889892578 -0.62480950355529785156 -0.44792068004608154297 
1.1112500429153442383 -2.0581293106079101562 1.6953727006912231445 -0.82093656063079833984 -1.1624572277069091797 1.2464439868927001953 -1.0614359378814697266 2.1323363780975341797 1.60125732421875 -1.1080189943313598633 
0.95712649822235107422 -1.2367618083953857422 1.4756550788879394531 -0.079246707260608673096 -0.65190279483795166016 1.5036334991455078125 -1.1404536962509155273 0.53433281183242797852 0.63640391826629638672 -0.75162905454635620117 
-0.13138206303119659424 0.36426410079002380371 0.79241979122161865234 -0.33711224794387817383 -0.48468199372291564941 -0.23290880024433135986 -0.070241764187812805176 0.2814063727855682373 -0.080764837563037872314 0.16506347060203552246 
bias:
-0.59584158658981323242 
-1.0296553373336791992 
-0.88063478469848632812 
-0.62228792905807495117 
-0.43414479494094848633 
-2.1212587356567382812 
-0.060323659330606460571 
-0.80802285671234130859 
-0.60102581977844238281 
-0.81976997852325439453 
10 1 
weights:
-0.13179631531238555908 0.44354081153869628906 1.6335061788558959961 1.6122778654098510742 -2.7058014869689941406 3.3357572555541992188 -0.72079628705978393555 3.2915010452270507812 2.1282935142517089844 0.20403367280960083008 
bias:
-2.1573088169097900391 
