1 10 
weights:
0.50115996599197387695 
0.64537054300308227539 
0.99658036231994628906 
0.57100462913513183594 
0.60853475332260131836 
0.84797745943069458008 
-1.663682103157043457 
1.5455161333084106445 
1.4049050807952880859 
1.43570709228515625 
bias:
0.072484143078327178955 
0.8587214350700378418 
-3.0934324264526367188 
-0.90424293279647827148 
0.85866445302963256836 
1.8498750925064086914 
1.4602532386779785156 
0.071972966194152832031 
0.1945647895336151123 
1.744191288948059082 
10 10 
weights:
-0.48632857203483581543 -0.2702166438102722168 -2.1501190662384033203 -0.63096153736114501953 -1.4099062681198120117 -1.1749453544616699219 -0.32029756903648376465 1.4000395536422729492 1.9676165580749511719 0.82253092527389526367 
-0.21724553406238555908 0.1739368140697479248 0.77458620071411132812 0.80410486459732055664 0.59885096549987792969 0.46499481797218322754 0.75612020492553710938 0.61220854520797729492 0.26565325260162353516 -0.0493868999183177948 
0.1165250241756439209 0.16332031786441802979 -0.26582518219947814941 -0.41017460823059082031 -0.29344543814659118652 -0.73687493801116943359 -0.92386686801910400391 0.11447400599718093872 -0.12542539834976196289 -0.28373032808303833008 
0.42902356386184692383 -0.084469608962535858154 0.85816240310668945312 0.38446676731109619141 0.46892094612121582031 0.48100498318672180176 0.22875586152076721191 0.0038541026879101991653 -0.81397217512130737305 -0.60405272245407104492 
0.34035414457321166992 -0.65439867973327636719 -0.46079802513122558594 -0.77378958463668823242 -0.72120058536529541016 -0.88776373863220214844 -1.5742664337158203125 0.52714359760284423828 0.92947447299957275391 0.41571611166000366211 
0.88589322566986083984 0.63017904758453369141 1.7535414695739746094 1.3284654617309570312 1.2671705484390258789 0.059012971818447113037 -0.58754527568817138672 -1.1025542020797729492 -1.2729569673538208008 -1.5975698232650756836 
-0.95801949501037597656 0.37566432356834411621 1.0504192113876342773 0.11226237565279006958 -0.9667657017707824707 0.021616417914628982544 -0.94068312644958496094 0.22682265937328338623 -0.16413499414920806885 -0.4124507904052734375 
-0.029407735913991928101 0.20451472699642181396 -1.1396621465682983398 -0.52135312557220458984 0.013552763499319553375 -0.68879270553588867188 -1.6638622283935546875 0.34078079462051391602 1.2736837863922119141 -0.32401382923126220703 
1.6635918617248535156 1.8478748798370361328 0.27674132585525512695 1.0890543460845947266 1.7188757658004760742 1.7611539363861083984 -0.15754297375679016113 0.12583631277084350586 1.230023503303527832 1.2371857166290283203 
-0.039961028844118118286 -0.18826901912689208984 0.75930833816528320312 0.83772838115692138672 -0.22985707223415374756 -0.95544451475143432617 -0.20874294638633728027 0.18077144026756286621 -0.741710662841796875 -0.2308552861213684082 
bias:
0.46706292033195495605 
1.508080601692199707 
-0.40250149369239807129 
-0.69096261262893676758 
-0.025005104020237922668 
-0.89380192756652832031 
-0.56557750701904296875 
-0.58681786060333251953 
-1.1071174144744873047 
-0.072441436350345611572 
10 1 
weights:
2.4913103580474853516 2.2523963451385498047 0.6849187016487121582 -1.1005618572235107422 1.7305895090103149414 -2.1934230327606201172 -0.0074732578359544277191 1.5626208782196044922 -2.7683544158935546875 -0.17441526055335998535 
bias:
-0.33224985003471374512 
