1 10 
weights:
0.62212729454040527344 
1.9641972780227661133 
0.47793692350387573242 
0.76807367801666259766 
1.7188751697540283203 
0.49036881327629089355 
1.4426705837249755859 
0.49269977211952209473 
1.3206723928451538086 
0.51740473508834838867 
bias:
-1.4297778606414794922 
-0.43097716569900512695 
-0.36275520920753479004 
1.7829211950302124023 
-2.01003265380859375 
-0.53387349843978881836 
1.3123643398284912109 
-0.49530312418937683105 
1.428471684455871582 
-0.79553800821304321289 
10 10 
weights:
0.44741037487983703613 -0.33706629276275634766 0.57807624340057373047 0.20726405084133148193 -0.0639247894287109375 -0.57250183820724487305 0.56822979450225830078 -0.17933268845081329346 -0.6076691746711730957 -0.12647986412048339844 
0.52818500995635986328 -0.018290348351001739502 1.0239359140396118164 0.19191101193428039551 -0.85931158065795898438 -0.24631237983703613281 0.055998034775257110596 -0.071413166821002960205 -0.69079416990280151367 0.43982359766960144043 
0.17128352820873260498 0.23070733249187469482 -0.41098877787590026855 -0.79188054800033569336 0.89973306655883789062 -0.24574877321720123291 0.045126050710678100586 -0.2212969362735748291 0.023844147101044654846 -0.82158666849136352539 
0.17855070531368255615 -0.17814344167709350586 -0.60999548435211181641 0.32572063803672790527 -0.67769271135330200195 -0.45926681160926818848 -0.12664952874183654785 0.56439608335494995117 -0.29602965712547302246 0.1590194404125213623 
-2.1100075244903564453 1.728260040283203125 -0.72733694314956665039 -1.1695008277893066406 1.1335500478744506836 -1.0533077716827392578 1.8201595544815063477 -1.2258919477462768555 0.65062624216079711914 -1.539478302001953125 
-0.48674321174621582031 0.74057751893997192383 -1.400569915771484375 -0.44020876288414001465 1.0410734415054321289 -1.1737046241760253906 1.1200641393661499023 -0.50956183671951293945 1.2683624029159545898 -0.54272276163101196289 
1.1629557609558105469 -0.22556869685649871826 1.4551664590835571289 2.3964304924011230469 0.33905783295631408691 0.88478255271911621094 0.93123406171798706055 1.0514779090881347656 1.3037416934967041016 1.0496230125427246094 
0.44987478852272033691 -0.045105021446943283081 0.19423949718475341797 -0.96909338235855102539 0.33913257718086242676 0.78418189287185668945 -0.57711017131805419922 0.098560608923435211182 -0.63506931066513061523 0.65258884429931640625 
-0.32828134298324584961 0.90362077951431274414 -1.2795680761337280273 -1.5817316770553588867 2.1739106178283691406 -1.0426239967346191406 -0.030700985342264175415 -1.5618609189987182617 0.94336807727813720703 -0.36387017369270324707 
1.1969603300094604492 -1.4885779619216918945 -0.16778489947319030762 1.0327132940292358398 0.53896898031234741211 0.58751660585403442383 -1.0433917045593261719 1.0396416187286376953 -0.9506276249885559082 0.88740628957748413086 
bias:
-0.60104787349700927734 
-0.83375936746597290039 
-0.87874770164489746094 
-0.59815031290054321289 
0.80283683538436889648 
-0.66000264883041381836 
-0.57290375232696533203 
-0.28669798374176025391 
-0.0070597040466964244843 
-1.0664159059524536133 
10 1 
weights:
0.035714242607355117798 -0.72080922126770019531 0.90956747531890869141 -0.21050761640071868896 2.7373812198638916016 1.9155383110046386719 -2.8357074260711669922 -0.40456661581993103027 2.2830660343170166016 -1.5697365999221801758 
bias:
0.45235410332679748535 
