1 10 
weights:
1.0000008344650268555 
-1.3119900226593017578 
1.2856862545013427734 
0.41582906246185302734 
1.668120265007019043 
1.501697540283203125 
0.43990126252174377441 
0.64633357524871826172 
0.88425683975219726562 
0.92965149879455566406 
bias:
-2.8542673587799072266 
-1.4100737571716308594 
0.69636422395706176758 
-0.10396093875169754028 
0.084743060171604156494 
-1.1291155815124511719 
-0.47844415903091430664 
-1.4729672670364379883 
1.9738782644271850586 
2.1801702976226806641 
10 10 
weights:
-0.22418422996997833252 -0.30529266595840454102 0.28536090254783630371 -0.21375545859336853027 -0.44907030463218688965 -0.35774248838424682617 -0.45688346028327941895 -0.7285671234130859375 0.21866087615489959717 0.23890152573585510254 
0.64460241794586181641 -0.2547600865364074707 -0.79280591011047363281 0.64026015996932983398 -0.49624288082122802734 -1.860332489013671875 1.5154168605804443359 0.47752168774604797363 2.0553112030029296875 1.6838650703430175781 
-0.021909298375248908997 -0.51497447490692138672 0.89282172918319702148 -0.77530628442764282227 0.60584187507629394531 1.4945547580718994141 0.22845512628555297852 -0.52749335765838623047 -0.53201735019683837891 -1.1450830698013305664 
1.1611313819885253906 0.40251016616821289062 -1.4140088558197021484 1.0837749242782592773 -0.93992787599563598633 -0.62866741418838500977 0.040325511246919631958 0.4369265437126159668 0.55503302812576293945 0.96622538566589355469 
0.5550587773323059082 0.53754639625549316406 -0.49688982963562011719 -1.4852213859558105469 -0.58376896381378173828 -0.32068002223968505859 -0.92539101839065551758 -0.051838696002960205078 -1.0785422325134277344 -0.3576310276985168457 
-1.6335088014602661133 -1.1140936613082885742 0.16736353933811187744 0.04217175021767616272 -0.1374199986457824707 1.247446894645690918 -0.52291691303253173828 -0.052152577787637710571 -0.29060414433479309082 -0.23795430362224578857 
0.37011206150054931641 1.4852107763290405273 1.0985114574432373047 1.4410347938537597656 0.72480678558349609375 1.5381156206130981445 1.6043182611465454102 0.36148139834403991699 2.1347839832305908203 1.7228891849517822266 
0.14261351525783538818 0.54640221595764160156 0.13383404910564422607 0.40501970052719116211 0.093747355043888092041 -0.69698750972747802734 1.1508131027221679688 0.45581725239753723145 0.32963621616363525391 0.96149349212646484375 
2.4122436046600341797 0.66146981716156005859 -1.3836535215377807617 0.47315958142280578613 -0.96740877628326416016 -0.97655290365219116211 1.4413900375366210938 1.6565728187561035156 0.12473037838935852051 -0.15560853481292724609 
-0.45826959609985351562 0.003869131673127412796 -0.25306186079978942871 0.020295944064855575562 -0.7262604832649230957 0.52042752504348754883 -0.20568624138832092285 -0.024186557158827781677 -0.36593678593635559082 -0.4261220395565032959 
bias:
-0.3069203794002532959 
-0.58062952756881713867 
-0.20192091166973114014 
-0.93460547924041748047 
-1.0849267244338989258 
0.59798067808151245117 
1.8423823118209838867 
0.48849904537200927734 
-0.84243643283843994141 
-0.89021968841552734375 
10 1 
weights:
0.1180075034499168396 -3.3735361099243164062 1.5637338161468505859 -1.7198755741119384766 0.89728438854217529297 1.3419470787048339844 3.6681902408599853516 -2.7600824832916259766 -2.4778826236724853516 0.19977958500385284424 
bias:
2.0437543392181396484 
