1 10 
weights:
0.45433208346366882324 
0.47311681509017944336 
-0.48326268792152404785 
0.58083295822143554688 
1.0798032283782958984 
1.0787385702133178711 
1.5292438268661499023 
1.6395107507705688477 
1.5650689601898193359 
-1.5903367996215820312 
bias:
-0.23527343571186065674 
0.35636594891548156738 
-0.52373528480529785156 
-1.1227793693542480469 
2.7128887176513671875 
-3.1669256687164306641 
1.2363327741622924805 
-1.6985701322555541992 
0.31124287843704223633 
0.56585180759429931641 
10 10 
weights:
-0.035384442657232284546 -0.74473041296005249023 0.72656476497650146484 -0.43098840117454528809 -0.64367908239364624023 0.098721362650394439697 0.27065598964691162109 0.26655432581901550293 -0.41656944155693054199 0.49563848972320556641 
0.30884432792663574219 0.50106155872344970703 0.58418494462966918945 0.78671276569366455078 -0.16277144849300384521 0.2888075709342956543 -0.77005237340927124023 -0.08614043891429901123 0.72959876060485839844 0.53447109460830688477 
1.2524634599685668945 0.82759171724319458008 -1.2350850105285644531 0.21281160414218902588 2.9068472385406494141 0.81097638607025146484 0.88577383756637573242 0.066974379122257232666 0.39819699525833129883 0.045633006840944290161 
-0.94134104251861572266 -0.38862961530685424805 0.85468655824661254883 -0.51992076635360717773 0.011849255301058292389 -1.6756980419158935547 0.21632900834083557129 1.2117570638656616211 0.82784110307693481445 -0.75859439373016357422 
-0.28434339165687561035 -0.18011456727981567383 0.30024424195289611816 -0.095903724431991577148 -0.22192603349685668945 0.51061791181564331055 -1.5601859092712402344 -1.4781956672668457031 -1.1055771112442016602 0.46457794308662414551 
-1.0144948959350585938 -0.89755660295486450195 0.74631136655807495117 -1.351517796516418457 -0.50181293487548828125 -2.6034753322601318359 1.642760157585144043 1.7254644632339477539 1.2108021974563598633 -0.70329964160919189453 
0.65712952613830566406 -1.1266565322875976562 -0.15643471479415893555 -0.07867517322301864624 0.36460182070732116699 0.57532507181167602539 1.1219795942306518555 0.58526885509490966797 -0.074497535824775695801 -0.99027156829833984375 
-0.2741400599479675293 -0.82226955890655517578 0.70671135187149047852 0.087671890854835510254 -0.10420131683349609375 -0.86700880527496337891 0.31441086530685424805 0.14713554084300994873 0.30209401249885559082 0.044937185943126678467 
0.55311238765716552734 0.0035412011202424764633 -0.11296208202838897705 -0.49585962295532226562 -0.29120683670043945312 0.23125590384006500244 0.27163290977478027344 0.30631044507026672363 -0.37358099222183227539 -0.87190622091293334961 
0.3237883150577545166 0.65991216897964477539 0.60275942087173461914 0.60777550935745239258 0.92252570390701293945 0.58257907629013061523 0.27744069695472717285 0.22007831931114196777 0.78416728973388671875 0.82413655519485473633 
bias:
-0.32203331589698791504 
-0.21266627311706542969 
-0.076853543519973754883 
-0.44584631919860839844 
-0.39678806066513061523 
-0.26504358649253845215 
-0.72458624839782714844 
-0.33979725837707519531 
-0.63679713010787963867 
0.63860189914703369141 
10 1 
weights:
0.52548289299011230469 -0.12530262768268585205 -3.1278710365295410156 1.7451664209365844727 -1.4456565380096435547 2.9683353900909423828 0.29663002490997314453 0.87963140010833740234 -0.073140949010848999023 -1.0656474828720092773 
bias:
1.6569547653198242188 
