1 10 
weights:
1.3623776435852050781 
0.42136085033416748047 
1.3642631769180297852 
0.37628802657127380371 
1.0828230381011962891 
0.84966969490051269531 
0.62578767538070678711 
-1.7335276603698730469 
-1.5903346538543701172 
-0.48926869034767150879 
bias:
0.95503383874893188477 
-0.46406736969947814941 
0.92331171035766601562 
0.07001475989818572998 
2.9903194904327392578 
-2.6271049976348876953 
-1.6325269937515258789 
0.59541624784469604492 
1.9469686746597290039 
-0.67541331052780151367 
10 10 
weights:
-1.2984997034072875977 -0.4723549187183380127 -1.0849080085754394531 -0.84428983926773071289 -0.24134744703769683838 0.66368544101715087891 0.2742348015308380127 0.3957265019416809082 0.80153942108154296875 0.24174004793167114258 
-1.1660879850387573242 -0.011243790388107299805 -0.11389639228582382202 -0.2427025139331817627 0.16078245639801025391 0.2980244755744934082 0.74676972627639770508 -0.075533583760261535645 0.67889004945755004883 -0.53878253698348999023 
-0.29331693053245544434 0.12213763594627380371 -0.2824052274227142334 -0.26282125711441040039 -0.70569700002670288086 -0.8264560699462890625 1.1569255590438842773 -0.2685336768627166748 -0.21540808677673339844 0.20389783382415771484 
0.18416091799736022949 0.79394072294235229492 -0.39149162173271179199 -0.36241626739501953125 -0.067060641944408416748 -0.86728841066360473633 -0.43050181865692138672 0.19609531760215759277 -0.86418485641479492188 -0.073807276785373687744 
0.33956518769264221191 -0.44631499052047729492 0.19514128565788269043 -0.43049022555351257324 0.17533099651336669922 -0.90007120370864868164 -0.55046117305755615234 -0.16203345358371734619 -1.5503827333450317383 1.0180236101150512695 
-0.49433913826942443848 -1.0719226598739624023 -0.73555040359497070312 -0.12950238585472106934 -1.2740390300750732422 -0.018882296979427337646 -0.98950910568237304688 -0.47631511092185974121 -0.39403769373893737793 0.78443068265914916992 
-0.11001247912645339966 -0.52297168970108032227 -0.75986784696578979492 -0.6068465113639831543 0.57926809787750244141 -0.037662032991647720337 0.49836680293083190918 -0.054012637585401535034 -0.51098406314849853516 0.14695404469966888428 
-0.2529487907886505127 -0.47978377342224121094 0.85092306137084960938 -0.39443045854568481445 -0.39530891180038452148 -0.81994664669036865234 -0.62172108888626098633 -0.7090689539909362793 -0.36398017406463623047 -0.33767223358154296875 
0.066057860851287841797 -0.65127468109130859375 -0.26423802971839904785 -0.097384437918663024902 -0.4403858184814453125 -0.53924423456192016602 -0.9979457855224609375 -0.71041005849838256836 -0.99659055471420288086 0.86130321025848388672 
-1.6820610761642456055 1.1837260723114013672 -1.0055654048919677734 0.94243514537811279297 1.9887132644653320312 1.6185821294784545898 1.7239923477172851562 1.2355225086212158203 0.86224883794784545898 -1.3687701225280761719 
bias:
-0.67051279544830322266 
-0.020154949277639389038 
-1.2061111927032470703 
-0.76223450899124145508 
-0.73952901363372802734 
0.49708893895149230957 
-0.53733676671981811523 
-0.13499401509761810303 
0.19319586455821990967 
-2.3072807788848876953 
10 1 
weights:
-1.4497836828231811523 -0.82315683364868164062 0.40820863842964172363 0.41786226630210876465 1.3827815055847167969 1.763769984245300293 -0.037812698632478713989 0.89126288890838623047 1.6720186471939086914 -4.3235974311828613281 
bias:
1.9563645124435424805 
