1 10 
weights:
1.5706300735473632812 
0.41312056779861450195 
-0.67418467998504638672 
1.9947004318237304688 
0.39140367507934570312 
0.45036038756370544434 
-0.43182373046875 
-0.38832241296768188477 
0.44032680988311767578 
-1.6440600156784057617 
bias:
1.6803672313690185547 
-0.32050487399101257324 
-1.9020037651062011719 
-0.17087772488594055176 
-0.12707537412643432617 
-0.64284914731979370117 
0.48157316446304321289 
-0.25169843435287475586 
-0.57876431941986083984 
1.828734278678894043 
10 10 
weights:
0.099292218685150146484 -0.18456201255321502686 0.34468865394592285156 -0.73047077655792236328 -0.51448148488998413086 -0.46369710564613342285 -0.25533351302146911621 -1.0016415119171142578 0.25452464818954467773 -0.59898734092712402344 
-0.98910963535308837891 0.70978182554244995117 -0.986980438232421875 -0.34918463230133056641 0.1257175058126449585 1.1433913707733154297 -0.93713659048080444336 -0.33206334710121154785 0.90116703510284423828 1.4042731523513793945 
1.0055459737777709961 -1.1628829240798950195 0.64459550380706787109 -0.57429897785186767578 -0.96185326576232910156 -0.23669062554836273193 0.23122541606426239014 0.18854837119579315186 -0.16933038830757141113 -0.84242588281631469727 
2.2065730094909667969 -1.0364534854888916016 0.79531520605087280273 1.0794041156768798828 -0.88186210393905639648 -1.3443304300308227539 1.4704577922821044922 1.3170434236526489258 -1.0706554651260375977 -0.95313984155654907227 
0.16704869270324707031 0.80644297599792480469 -0.25666463375091552734 0.55196344852447509766 0.75908982753753662109 0.25813120603561401367 -0.012009887024760246277 -0.12961977720260620117 0.59421116113662719727 -0.6436316370964050293 
-0.64559483528137207031 -0.62882751226425170898 -0.11117821931838989258 0.12394181638956069946 -0.3720366060733795166 -0.88389045000076293945 0.20116128027439117432 0.17081999778747558594 -0.2813911139965057373 -1.2066711187362670898 
-1.2369275093078613281 -0.31300389766693115234 -0.037092179059982299805 -1.1956946849822998047 0.66068673133850097656 0.40860784053802490234 -0.38761758804321289062 1.3150762319564819336 -1.2689574956893920898 1.3080042600631713867 
0.65698021650314331055 -1.1912369728088378906 1.3796037435531616211 0.58254331350326538086 -0.3760299384593963623 -0.76065272092819213867 1.1420556306838989258 0.4909394681453704834 -1.5480989217758178711 -2.2023708820343017578 
-0.37514662742614746094 0.71612060070037841797 0.19331961870193481445 -0.28141415119171142578 0.0011597974225878715515 -0.33379849791526794434 -0.6069418787956237793 -0.49805793166160583496 -0.14868654310703277588 -0.22289317846298217773 
1.4722154140472412109 -0.70404225587844848633 1.1630954742431640625 1.469452977180480957 -1.0180402994155883789 -1.3993856906890869141 0.60172468423843383789 0.80517399311065673828 -1.2907385826110839844 -1.0373793840408325195 
bias:
0.15218313038349151611 
-0.24446465075016021729 
-0.054125722497701644897 
-0.69747930765151977539 
0.13353802263736724854 
-0.25337526202201843262 
-0.18123638629913330078 
0.13670572638511657715 
-0.50299936532974243164 
-0.23714341223239898682 
10 1 
weights:
-0.020033007487654685974 -1.8219659328460693359 0.8592688441276550293 2.9869070053100585938 -0.93062001466751098633 1.2317979335784912109 -1.6398363113403320312 2.1132414340972900391 -0.42468398809432983398 2.1835930347442626953 
bias:
-1.4773410558700561523 
