1 10 
weights:
1.2478082180023193359 
0.31826776266098022461 
0.36228841543197631836 
1.0912586450576782227 
0.47229301929473876953 
-0.52232569456100463867 
0.42917162179946899414 
1.3430533409118652344 
0.76132375001907348633 
0.35281351208686828613 
bias:
0.93238312005996704102 
-0.23772642016410827637 
-0.63394111394882202148 
-3.3048186302185058594 
0.53071480989456176758 
-1.0192890167236328125 
0.18853804469108581543 
-1.0805760622024536133 
1.7023251056671142578 
-0.42978325486183166504 
10 10 
weights:
0.53042262792587280273 -0.10898836702108383179 -0.24272894859313964844 -0.72077548503875732422 -0.63951671123504638672 0.82847881317138671875 -0.010642219334840774536 0.24784895777702331543 -0.46766588091850280762 -0.42410117387771606445 
-0.35216116905212402344 0.33835574984550476074 -0.32211202383041381836 -0.066540151834487915039 0.5626824498176574707 -0.4426911771297454834 -0.034200709313154220581 -0.58355098962783813477 0.10748505592346191406 0.74421298503875732422 
0.65421056747436523438 -1.0638185739517211914 -0.59250730276107788086 -1.2251509428024291992 -0.02217238210141658783 0.97262609004974365234 0.49920836091041564941 1.5931850671768188477 -0.21829977631568908691 -0.82161724567413330078 
1.9585039615631103516 -0.1644992828369140625 -0.2666988074779510498 -0.65309911966323852539 -0.30144774913787841797 -1.2856727838516235352 0.20547701418399810791 1.8134582042694091797 -0.084845103323459625244 0.17875011265277862549 
0.55322086811065673828 0.013848027214407920837 -0.17565508186817169189 0.36763721704483032227 -1.3467552661895751953 -0.40108388662338256836 0.080401480197906494141 -0.11900932341814041138 -0.22421810030937194824 0.07990299910306930542 
2.0457291603088378906 -0.10964876413345336914 -0.98614495992660522461 -0.71016216278076171875 -0.23796661198139190674 1.1421471834182739258 -1.000820159912109375 0.98062944412231445312 -0.78722935914993286133 0.20897825062274932861 
-1.6213376522064208984 -0.84603965282440185547 0.71579122543334960938 2.2883684635162353516 0.35622927546501159668 0.092407137155532836914 0.58317846059799194336 -0.37298280000686645508 0.61627924442291259766 0.27757692337036132812 
0.64379400014877319336 -0.85910505056381225586 -0.83471637964248657227 -0.32328578829765319824 -0.82130229473114013672 1.5739092826843261719 -0.58464890718460083008 1.6642916202545166016 -0.66038072109222412109 -0.22764541208744049072 
-1.2615548372268676758 0.65471553802490234375 0.41858020424842834473 0.26447659730911254883 1.8524211645126342773 -0.56409382820129394531 1.0969538688659667969 -1.5263433456420898438 1.8647674322128295898 1.547428131103515625 
-0.65001058578491210938 0.49340569972991943359 1.1576859951019287109 1.4827743768692016602 0.20178353786468505859 -0.24916975200176239014 0.11172669380903244019 -1.2525515556335449219 -0.47448375821113586426 0.26976236701011657715 
bias:
-0.19964878261089324951 
-0.67888301610946655273 
-0.32357656955718994141 
-0.92821514606475830078 
-1.0775961875915527344 
-0.30715698003768920898 
-1.0238782167434692383 
-0.74036562442779541016 
-0.83882832527160644531 
-0.42066645622253417969 
10 1 
weights:
1.0571960210800170898 -0.52504110336303710938 1.8301897048950195312 2.3424444198608398438 0.19754563271999359131 1.9913223981857299805 -1.7348008155822753906 1.8486293554306030273 -3.5081644058227539062 -1.367197871208190918 
bias:
0.30919373035430908203 
