1 10 
weights:
1.9286711215972900391 
1.3283581733703613281 
0.60032713413238525391 
1.5108736753463745117 
0.53682005405426025391 
-1.3745921850204467773 
0.51877349615097045898 
-0.63618707656860351562 
0.44746288657188415527 
1.0634961128234863281 
bias:
-0.27603808045387268066 
0.68579280376434326172 
0.99873465299606323242 
-1.7910938262939453125 
0.83518993854522705078 
-0.93501120805740356445 
0.61505258083343505859 
-1.2817224264144897461 
-0.29916596412658691406 
-3.2936618328094482422 
10 10 
weights:
0.45957890152931213379 -0.20138944685459136963 0.70883429050445556641 0.54111379384994506836 -0.16894075274467468262 0.59401249885559082031 -0.48277428746223449707 0.42756950855255126953 0.34619453549385070801 0.21943062543869018555 
-1.1518455743789672852 -0.34446448087692260742 0.64472520351409912109 -1.1492631435394287109 0.69075530767440795898 0.50570982694625854492 0.31197017431259155273 -0.50058400630950927734 0.92059624195098876953 1.6353507041931152344 
0.13386562466621398926 0.47304815053939819336 -0.27129912376403808594 0.32962250709533691406 0.042017776519060134888 0.32380050420761108398 -0.56673651933670043945 -0.56273126602172851562 -0.75885337591171264648 -0.91207152605056762695 
-0.17923277616500854492 -1.4902563095092773438 0.48055556416511535645 -0.66901558637619018555 0.73673510551452636719 0.89632850885391235352 -0.11003357917070388794 -1.3372772932052612305 0.75861597061157226562 1.9269864559173583984 
1.1432027816772460938 1.2473065853118896484 1.8016542196273803711 1.2218875885009765625 0.41204094886779785156 -1.0163464546203613281 -0.08535811305046081543 -0.10798887163400650024 0.43645805120468139648 0.29076629877090454102 
0.077436007559299468994 -0.85709327459335327148 0.0027924499008804559708 0.63655441999435424805 -0.94224649667739868164 -0.25316974520683288574 -0.57723784446716308594 0.1684316098690032959 -0.22557650506496429443 0.40755182504653930664 
0.54088962078094482422 -0.034627299755811691284 -0.018387835472822189331 0.82318806648254394531 -0.8862323760986328125 -0.23400098085403442383 -0.21438099443912506104 0.042377676814794540405 -1.24184417724609375 -0.51528471708297729492 
1.134299159049987793 0.67251276969909667969 -1.4120070934295654297 1.2688300609588623047 -1.1132607460021972656 -0.7794806361198425293 -0.99387627840042114258 1.9525401592254638672 -0.94627815485000610352 -1.0724452733993530273 
0.90491336584091186523 0.27267816662788391113 -1.2996020317077636719 1.0744462013244628906 -1.3295943737030029297 -0.70330810546875 -1.1665750741958618164 1.7051187753677368164 -0.80357682704925537109 -0.81790411472320556641 
-0.15057855844497680664 -0.13557565212249755859 1.2071689367294311523 -0.69034993648529052734 0.56143617630004882812 0.75144904851913452148 -0.054877091199159622192 -0.26805552840232849121 0.45970520377159118652 1.197537541389465332 
bias:
0.18154422938823699951 
-0.32951828837394714355 
-0.5961901545524597168 
-0.27417826652526855469 
-0.39724233746528625488 
-0.36737275123596191406 
-0.46672978997230529785 
0.030704073607921600342 
0.073647581040859222412 
-0.61363202333450317383 
10 1 
weights:
0.1590725332498550415 -2.0314178466796875 0.60572153329849243164 -2.1634318828582763672 1.6960816383361816406 0.11043844372034072876 0.80063664913177490234 2.3189206123352050781 2.6475100517272949219 -1.9523482322692871094 
bias:
0.77543592453002929688 
