1 10 
weights:
-0.45001280307769775391 
-0.80331122875213623047 
0.4329306483268737793 
0.33873987197875976562 
-1.2772542238235473633 
0.36794716119766235352 
-0.3419710993766784668 
-0.62626111507415771484 
-0.33733060956001281738 
-1.334221959114074707 
bias:
-0.93329405784606933594 
2.399662017822265625 
0.74936282634735107422 
-0.11406733095645904541 
0.94357895851135253906 
-0.97389215230941772461 
-0.33515542745590209961 
-1.6568504571914672852 
-0.30010947585105895996 
-0.98721587657928466797 
10 10 
weights:
0.55508130788803100586 0.31647416949272155762 -0.56398552656173706055 -0.99673467874526977539 -0.86456733942031860352 0.38943317532539367676 0.19369679689407348633 0.50320237874984741211 0.24507878720760345459 -0.46340337395668029785 
-0.49961182475090026855 -0.15149658918380737305 -0.393768310546875 0.4127705991268157959 -0.51224571466445922852 0.2978636622428894043 -0.96531194448471069336 -0.69899785518646240234 -0.23204053938388824463 -0.95774644613265991211 
0.58845895528793334961 1.0990413427352905273 -0.38028159737586975098 -0.51959836483001708984 -1.1388829946517944336 -0.40112778544425964355 0.66306042671203613281 -0.29174897074699401855 -0.21263790130615234375 -1.6975624561309814453 
-1.3858116865158081055 -1.4580529928207397461 -0.055327348411083221436 0.25744831562042236328 0.43620091676712036133 -0.12370197474956512451 -0.17086192965507507324 -0.018874021247029304504 -0.22574318945407867432 0.15145869553089141846 
-0.40819525718688964844 -1.6331785917282104492 0.50148260593414306641 0.38081791996955871582 1.2023731470108032227 0.74134087562561035156 -0.94199734926223754883 -1.4551120996475219727 -1.2820137739181518555 2.1748003959655761719 
-0.051872689276933670044 0.1286843717098236084 -1.476605534553527832 -0.72889691591262817383 -1.3143746852874755859 0.5761712193489074707 0.31903064250946044922 0.0046955952420830726624 0.89730548858642578125 -0.0057602860033512115479 
-0.1557725369930267334 -0.1218563467264175415 0.25080776214599609375 -0.57595360279083251953 0.31117448210716247559 0.50187915563583374023 -0.8558177947998046875 1.0633658170700073242 -0.46082246303558349609 0.4339777529239654541 
-2.0869982242584228516 -1.4398159980773925781 0.87045013904571533203 0.69346463680267333984 3.2163815498352050781 1.4728527069091796875 -1.595610499382019043 -1.9872920513153076172 -1.5121488571166992188 2.7325909137725830078 
0.35876181721687316895 -0.54193234443664550781 -0.49150922894477844238 -0.83987993001937866211 0.87979662418365478516 -1.2845864295959472656 0.78640925884246826172 0.65532571077346801758 -0.15411163866519927979 1.1618231534957885742 
1.0697039365768432617 0.82274764776229858398 0.027321903035044670105 0.091666437685489654541 -0.08128426969051361084 1.2774398326873779297 -0.67876648902893066406 0.77161812782287597656 0.1083625108003616333 -0.32445865869522094727 
bias:
-0.63308674097061157227 
0.40788349509239196777 
-0.20698301494121551514 
0.20104943215847015381 
-0.097960770130157470703 
0.063182212412357330322 
-0.59342175722122192383 
-0.49455863237380981445 
-0.65681469440460205078 
0.4868666231632232666 
10 1 
weights:
1.0763260126113891602 0.10503426939249038696 1.5287287235260009766 -0.83124536275863647461 -2.3263339996337890625 0.96033865213394165039 -0.35518759489059448242 -3.6707835197448730469 -0.54453694820404052734 1.1142417192459106445 
bias:
1.5439276695251464844 
