1 10 
weights:
-0.48397374153137207031 
-2.1231515407562255859 
-1.5563802719116210938 
1.4137213230133056641 
0.43868970870971679688 
0.88987004756927490234 
0.90009206533432006836 
0.42909321188926696777 
-1.2723058462142944336 
0.43434107303619384766 
bias:
-0.50385457277297973633 
-0.71851038932800292969 
1.711954951286315918 
1.4090057611465454102 
-0.40973764657974243164 
2.3703026771545410156 
-2.5608844757080078125 
-0.36263537406921386719 
0.54523104429244995117 
-0.31127625703811645508 
10 10 
weights:
0.45393007993698120117 0.36369809508323669434 0.18388235569000244141 -0.045186281204223632812 -0.094015114009380340576 -1.6363089084625244141 0.037058912217617034912 -0.013677447102963924408 -0.94394481182098388672 -0.39431360363960266113 
1.2266604900360107422 -0.31981366872787475586 -0.97229331731796264648 0.42763236165046691895 -1.2393492460250854492 -1.9516984224319458008 -0.14866228401660919189 -0.93318641185760498047 0.21653631329536437988 -0.96877831220626831055 
-0.87114340066909790039 1.3746101856231689453 1.5266481637954711914 -0.65477830171585083008 0.74452692270278930664 -0.64714610576629638672 0.44322445988655090332 0.033988516777753829956 1.5681331157684326172 -0.13757686316967010498 
0.35006642341613769531 -0.95997381210327148438 -0.93071103096008300781 0.88403046131134033203 0.42051565647125244141 0.081129975616931915283 0.25554054975509643555 0.10152795165777206421 -0.89531666040420532227 -0.62033677101135253906 
0.83142256736755371094 0.78007376194000244141 0.76961207389831542969 0.80642169713973999023 -0.88868111371994018555 0.58036971092224121094 -0.44794785976409912109 0.0075338743627071380615 0.48243680596351623535 -0.11399506032466888428 
0.048983335494995117188 0.29459226131439208984 0.061251360923051834106 -0.84640938043594360352 -0.26689228415489196777 -0.99391257762908935547 -0.057060107588768005371 -0.45634829998016357422 -0.21985301375389099121 -1.0016484260559082031 
0.48218619823455810547 1.1934562921524047852 -1.3266711235046386719 -0.64980322122573852539 -0.13737289607524871826 -0.55848342180252075195 -0.60294932126998901367 -0.49855208396911621094 -0.41840860247611999512 0.25563579797744750977 
-1.4391608238220214844 1.1561520099639892578 0.18635249137878417969 -2.9891769886016845703 1.1775732040405273438 0.82163417339324951172 2.4811608791351318359 1.0509282350540161133 0.027063999325037002563 1.3574955463409423828 
-0.75322854518890380859 0.67154091596603393555 0.092892020940780639648 -0.43076285719871520996 -0.71233397722244262695 -1.3759300708770751953 -1.1732697486877441406 -0.65895134210586547852 -0.020269740372896194458 -1.1435000896453857422 
-0.250431060791015625 0.46739155054092407227 0.65332442522048950195 -0.97424322366714477539 0.32558572292327880859 0.25703862309455871582 0.66169488430023193359 0.83577656745910644531 -0.621490478515625 0.67544531822204589844 
bias:
-0.12567733228206634521 
0.81283652782440185547 
-0.62073075771331787109 
-0.16889880597591400146 
0.024388637393712997437 
-0.53795450925827026367 
-0.53123372793197631836 
-1.933926701545715332 
-0.62256413698196411133 
-1.0755519866943359375 
10 1 
weights:
0.92239910364151000977 3.2077603340148925781 -2.4751341342926025391 1.164324641227722168 0.65260493755340576172 1.0176286697387695312 0.50180459022521972656 -3.6716547012329101562 0.93326193094253540039 -1.3002895116806030273 
bias:
1.2649151086807250977 
