1 10 
weights:
1.4470624923706054688 
0.90870547294616699219 
1.2465790510177612305 
0.39071604609489440918 
0.37307369709014892578 
0.45859661698341369629 
-0.87146866321563720703 
1.3984884023666381836 
0.49190109968185424805 
0.52866882085800170898 
bias:
-0.3959802091121673584 
-2.7028052806854248047 
-1.3256869316101074219 
0.20913840830326080322 
-0.14971683919429779053 
0.74474203586578369141 
-2.3979074954986572266 
1.1012762784957885742 
-1.3602384328842163086 
-1.2157156467437744141 
10 10 
weights:
-0.55159437656402587891 -0.011159159243106842041 1.143664240837097168 -0.59032690525054931641 -0.50499367713928222656 -1.1953192949295043945 0.20161308348178863525 0.71190470457077026367 0.4853216707706451416 -1.5479656457901000977 
-0.50913989543914794922 1.5065058469772338867 -1.2265515327453613281 0.91600346565246582031 0.6649494171142578125 0.36528962850570678711 -0.16994488239288330078 -0.95238780975341796875 0.31251293420791625977 1.1961058378219604492 
0.33600470423698425293 0.19014364480972290039 0.59055173397064208984 -0.44548338651657104492 0.083988599479198455811 -0.33371999859809875488 -0.56158649921417236328 -0.82395464181900024414 0.67002016305923461914 0.34003669023513793945 
-0.82233834266662597656 -0.14013439416885375977 -0.36944019794464111328 0.023331061005592346191 -0.46260622143745422363 0.038062244653701782227 0.63555639982223510742 -0.13948635756969451904 -0.060375172644853591919 -0.089901134371757507324 
-0.63997054100036621094 -0.023605130612850189209 -0.82712787389755249023 -0.062502823770046234131 -0.067295245826244354248 1.3041200637817382812 -0.58295100927352905273 -0.68252503871917724609 0.54822695255279541016 -0.22911645472049713135 
0.2708110809326171875 0.85889995098114013672 0.50089305639266967773 -0.070895299315452575684 0.41907441616058349609 -0.45048698782920837402 0.41766357421875 0.12815676629543304443 -0.11979088187217712402 0.74183136224746704102 
-0.19188272953033447266 0.12806759774684906006 0.32212135195732116699 -0.23653395473957061768 -0.020219704136252403259 -0.59535562992095947266 -0.26829823851585388184 -0.22492463886737823486 -0.048220571130514144897 0.14793001115322113037 
-0.64563602209091186523 -0.16939589381217956543 -1.1826968193054199219 -0.055307630449533462524 -0.073504947125911712646 -0.053044658154249191284 -0.017811190336942672729 -1.4148904085159301758 1.1916320323944091797 0.46230736374855041504 
1.4974710941314697266 -1.5372241735458374023 1.6487830877304077148 -1.4872127771377563477 -1.5066617727279663086 -1.8094642162322998047 2.0138425827026367188 1.8779101371765136719 -0.3034134209156036377 -0.78717076778411865234 
0.71256488561630249023 -1.7041095495223999023 1.461964726448059082 -0.8868643641471862793 -0.99489432573318481445 -1.1931574344635009766 1.6299589872360229492 1.8397784233093261719 -0.12871207296848297119 -0.9166316986083984375 
bias:
-0.21362759172916412354 
-0.70788943767547607422 
-0.71720105409622192383 
-0.50830721855163574219 
-0.69936525821685791016 
-0.036645375192165374756 
-0.47199481725692749023 
-0.36325189471244812012 
0.022739620879292488098 
-0.23041447997093200684 
10 1 
weights:
1.0787423849105834961 -1.8860845565795898438 -0.23751525580883026123 -0.15399397909641265869 -1.0331078767776489258 0.20282346010208129883 -0.13073100149631500244 -1.3359749317169189453 2.9128780364990234375 2.4620790481567382812 
bias:
-1.1323761940002441406 
