1 10 
weights:
1.7275577783584594727 
0.43257451057434082031 
0.79190999269485473633 
0.46360483765602111816 
0.61159658432006835938 
0.46814110875129699707 
0.47876068949699401855 
1.6177470684051513672 
1.8171689510345458984 
0.65741968154907226562 
bias:
-2.0722301006317138672 
-0.40851581096649169922 
1.9188958406448364258 
-0.30903300642967224121 
-1.5688911676406860352 
-0.028137981891632080078 
-0.78558170795440673828 
1.8279225826263427734 
-0.11139483004808425903 
-1.7804615497589111328 
10 10 
weights:
-0.16815513372421264648 -1.1493594646453857422 0.8817628026008605957 -0.54848307371139526367 0.16613501310348510742 0.67751550674438476562 0.31169494986534118652 -0.59432017803192138672 -0.37787485122680664062 -0.12429525703191757202 
0.57779675722122192383 -0.80627065896987915039 -0.2893308103084564209 -1.0750024318695068359 -1.0383288860321044922 -1.1194311380386352539 -0.59396076202392578125 1.3620634078979492188 1.4932607412338256836 -0.66624402999877929688 
-0.93487161397933959961 -0.31785616278648376465 0.71398377418518066406 0.99904155731201171875 0.28398916125297546387 0.41899263858795166016 0.41185310482978820801 -0.83585375547409057617 -0.61313915252685546875 1.4619228839874267578 
0.078002542257308959961 0.69227570295333862305 -1.1657379865646362305 -0.60078400373458862305 -0.57055586576461791992 -0.28585529327392578125 -0.46833583712577819824 1.1325715780258178711 1.034918665885925293 -0.059392519295215606689 
-0.36593738198280334473 0.26652988791465759277 0.550380706787109375 -0.03658582642674446106 0.12508176267147064209 -0.37579146027565002441 0.77109557390213012695 -1.6342895030975341797 -1.4632767438888549805 -0.030372433364391326904 
2.1238520145416259766 -1.6725789308547973633 -1.1816276311874389648 -0.97870576381683349609 -0.87544918060302734375 -0.98600506782531738281 -0.92728024721145629883 1.4081186056137084961 1.8664143085479736328 -1.6761890649795532227 
-0.48829561471939086914 0.33326393365859985352 -0.12922818958759307861 0.89142251014709472656 -0.076300069689750671387 -0.014193892478942871094 -1.0528461933135986328 -0.77879476547241210938 -0.05197057873010635376 0.64442664384841918945 
0.6016800999641418457 1.1621937751770019531 1.4829062223434448242 1.3529452085494995117 0.50280249118804931641 2.1868607997894287109 0.057185471057891845703 0.03883455321192741394 -0.16437390446662902832 0.82428562641143798828 
1.4715814590454101562 -1.3367753028869628906 -1.419009089469909668 -0.57990968227386474609 -0.60626608133316040039 -0.20387899875640869141 -1.0180016756057739258 0.33902430534362792969 0.78534156084060668945 -0.94867438077926635742 
0.48854807019233703613 0.16163989901542663574 -0.37101370096206665039 -0.056135822087526321411 1.2156560420989990234 0.177717551589012146 0.81854987144470214844 0.32899102568626403809 0.75265139341354370117 -0.45690247416496276855 
bias:
-0.69481110572814941406 
0.31007021665573120117 
-0.72438925504684448242 
-0.066679127514362335205 
-0.18619705736637115479 
0.74446237087249755859 
-0.81465381383895874023 
-0.79415476322174072266 
0.27833309769630432129 
-0.34227567911148071289 
10 1 
weights:
-0.26394662261009216309 1.8183202743530273438 -1.2015948295593261719 1.2152724266052246094 -1.3148673772811889648 2.8044593334197998047 -0.30685266852378845215 -2.2514803409576416016 2.0247178077697753906 0.10361845791339874268 
bias:
-0.31427520513534545898 
