1 10 
weights:
0.47782373428344726562 
0.51110404729843139648 
-1.5717198848724365234 
-0.75463074445724487305 
1.5631040334701538086 
0.57411843538284301758 
1.9334656000137329102 
0.86880552768707275391 
0.63088786602020263672 
0.43341675400733947754 
bias:
-0.79213917255401611328 
0.51365900039672851562 
-1.5985740423202514648 
-1.8754801750183105469 
-1.5427004098892211914 
0.96881639957427978516 
-0.020911270752549171448 
-2.4103338718414306641 
-1.5158652067184448242 
-0.52503824234008789062 
10 10 
weights:
0.57343965768814086914 0.68980669975280761719 1.2347737550735473633 -0.34954118728637695312 0.79539197683334350586 0.51976376771926879883 -0.27317479252815246582 -0.18464152514934539795 0.23537102341651916504 1.3140071630477905273 
-0.34765255451202392578 -0.30763262510299682617 -0.48113048076629638672 -0.012057912535965442657 0.79181420803070068359 -0.31102147698402404785 0.65772044658660888672 -1.0690978765487670898 0.042952876538038253784 -0.30267253518104553223 
-0.78361189365386962891 -0.62586927413940429688 -1.468448638916015625 1.0597077608108520508 0.83545953035354614258 -0.34109720587730407715 0.43513855338096618652 -0.34018251299858093262 -0.68690013885498046875 -0.18197403848171234131 
0.45891702175140380859 -0.54745525121688842773 1.0504108667373657227 -0.54790550470352172852 -0.7774340510368347168 0.22495958209037780762 -0.22176668047904968262 1.2681345939636230469 0.9380035400390625 0.030113529413938522339 
1.1015324592590332031 0.14650987088680267334 1.3360624313354492188 -1.2211067676544189453 -2.3436987400054931641 0.62378686666488647461 -1.1308155059814453125 1.9705106019973754883 1.3125309944152832031 1.1005045175552368164 
-0.1907640993595123291 -1.177294611930847168 -0.89955490827560424805 2.0051865577697753906 2.0195980072021484375 -1.6882503032684326172 0.38488340377807617188 -0.02836457081139087677 -1.0369526147842407227 -0.78401470184326171875 
-0.00037096155574545264244 0.13902108371257781982 -1.0285412073135375977 0.40966644883155822754 1.2336744070053100586 -0.77633368968963623047 0.34362009167671203613 0.25254192948341369629 1.1741729974746704102 0.29419839382171630859 
-0.21875931322574615479 -0.12804949283599853516 -0.91454493999481201172 0.11800085008144378662 0.44075661897659301758 -0.80694502592086791992 -0.32299354672431945801 -0.24480196833610534668 -0.88312792778015136719 -0.42835667729377746582 
0.76765424013137817383 -0.027869408950209617615 0.98433870077133178711 0.78950482606887817383 0.52185988426208496094 0.90021026134490966797 0.79321402311325073242 1.2683246135711669922 0.50601953268051147461 0.98797708749771118164 
0.0087240654975175857544 -1.221088409423828125 -0.67856323719024658203 0.98388522863388061523 1.0182250738143920898 -1.3528501987457275391 -0.26434719562530517578 -0.56965559720993041992 0.11078274995088577271 -0.64167445898056030273 
bias:
-0.46276018023490905762 
-0.94470435380935668945 
-0.42085158824920654297 
-0.92808300256729125977 
-0.96533298492431640625 
-0.039414413273334503174 
0.0047536208294332027435 
0.15591087937355041504 
1.2841743230819702148 
0.096467450261116027832 
10 1 
weights:
-2.5266242027282714844 0.97284525632858276367 1.5675537586212158203 -1.3027578592300415039 -3.3534705638885498047 2.2528960704803466797 1.1503026485443115234 0.90748047828674316406 4.2003893852233886719 1.4107643365859985352 
bias:
-2.0891101360321044922 
