1 10 
weights:
2.0114622116088867188 
1.7367159128189086914 
0.62803804874420166016 
1.5313117504119873047 
0.46563535928726196289 
0.73529911041259765625 
0.52997171878814697266 
0.63678574562072753906 
-1.5532270669937133789 
0.56303071975708007812 
bias:
0.16492497920989990234 
-0.92477643489837646484 
-1.4956381320953369141 
1.8574635982513427734 
-0.085050605237483978271 
1.5374009609222412109 
-1.0201795101165771484 
1.0773622989654541016 
2.1526217460632324219 
-1.3423224687576293945 
10 10 
weights:
0.72289007902145385742 0.24377179145812988281 -0.40618091821670532227 0.3487116396427154541 -0.54171335697174072266 -0.61643105745315551758 -0.45687267184257507324 -0.57748526334762573242 -0.5608584284782409668 -0.38893413543701171875 
-0.02449559234082698822 1.3357629776000976562 -0.88687115907669067383 0.71682298183441162109 -0.15022476017475128174 -0.39948287606239318848 -0.21385714411735534668 -1.0284645557403564453 -0.70940834283828735352 -0.76998919248580932617 
-1.0783420801162719727 -0.10104865580797195435 0.80279082059860229492 -1.1355743408203125 0.25581896305084228516 0.54585862159729003906 0.31818887591361999512 -0.021621614694595336914 -0.23402479290962219238 -0.079719632863998413086 
-0.11885270476341247559 -0.42312845587730407715 0.061302416026592254639 -0.68163895606994628906 0.5664914250373840332 1.5207854509353637695 0.4171810150146484375 0.98940980434417724609 0.84414756298065185547 0.89567780494689941406 
-0.16388729214668273926 0.06066485866904258728 0.41071406006813049316 -0.33302068710327148438 -0.3178310394287109375 -1.2462086677551269531 -1.1052538156509399414 0.093863956630229949951 -0.57478708028793334961 -0.015331058762967586517 
0.51399463415145874023 0.55873894691467285156 -0.63067805767059326172 0.39648395776748657227 -0.43000689148902893066 -1.0651140213012695312 0.11642757803201675415 -0.38615900278091430664 -1.168544769287109375 -0.74962985515594482422 
1.6967908143997192383 1.3619855642318725586 -2.1039006710052490234 2.4454333782196044922 -1.1835466623306274414 -0.73764699697494506836 -1.5718206167221069336 -1.1877690553665161133 0.25165063142776489258 -1.1807056665420532227 
0.75138533115386962891 1.7014312744140625 -0.57647305727005004883 1.2313462495803833008 -1.3773425817489624023 -0.78821533918380737305 -0.90853232145309448242 -0.71782821416854858398 -1.0527216196060180664 -1.4968887567520141602 
-0.81648218631744384766 -0.76412546634674072266 -1.2213774919509887695 -1.4843504428863525391 -1.0782716274261474609 -1.5265524387359619141 -1.2049146890640258789 -0.44440138339996337891 -1.8305684328079223633 -1.2346143722534179688 
0.6200307011604309082 1.4556000232696533203 1.4845468997955322266 1.2387841939926147461 1.7318133115768432617 1.8469569683074951172 0.84638833999633789062 1.2341334819793701172 -0.035003218799829483032 1.0415691137313842773 
bias:
-0.30319267511367797852 
-0.53295302391052246094 
-0.2201042473316192627 
-0.87348026037216186523 
-1.1704863309860229492 
-0.023431837558746337891 
0.7067483067512512207 
0.37080389261245727539 
-1.5775605440139770508 
-0.6920185089111328125 
10 1 
weights:
1.149588465690612793 1.4650883674621582031 -0.93415242433547973633 -2.2951478958129882812 0.30636993050575256348 1.2452335357666015625 3.0508584976196289062 2.3379709720611572266 1.0211511850357055664 -2.1655120849609375 
bias:
0.74816209077835083008 
