1 10 
weights:
0.49648967385292053223 
1.598624110221862793 
0.44344097375869750977 
1.7884840965270996094 
0.75762504339218139648 
-1.5026973485946655273 
1.3518148660659790039 
1.6482071876525878906 
0.68563389778137207031 
-0.95449548959732055664 
bias:
0.74660360813140869141 
-1.9711084365844726562 
-0.31598213315010070801 
0.22250823676586151123 
-1.9866787195205688477 
-0.24279880523681640625 
1.1329084634780883789 
-0.51606738567352294922 
-1.6724435091018676758 
-2.7298657894134521484 
10 10 
weights:
-1.0858166217803955078 -0.64222991466522216797 -0.72671282291412353516 -1.1397060155868530273 -2.0218167304992675781 1.4811559915542602539 -1.5953758955001831055 -0.3306566774845123291 -0.40104123950004577637 0.94285279512405395508 
-0.54037135839462280273 0.30848401784896850586 -1.1475898027420043945 0.55091446638107299805 -0.67509436607360839844 -0.35675755143165588379 0.47556787729263305664 0.41970020532608032227 -0.99940085411071777344 -0.015865486115217208862 
0.60239464044570922852 -0.33490556478500366211 0.69437950849533081055 -1.1398947238922119141 2.4033374786376953125 0.3234335780143737793 -1.383562922477722168 0.09228525310754776001 1.2760461568832397461 -0.86629450321197509766 
0.094888508319854736328 -0.75702416896820068359 -0.035078279674053192139 -0.23655787110328674316 0.053425878286361694336 0.38038480281829833984 -0.32502958178520202637 0.46342948079109191895 0.022642161697149276733 -0.47099649906158447266 
-1.51355743408203125 1.6686081886291503906 -1.1326355934143066406 1.0258804559707641602 -1.7866321802139282227 -0.55717408657073974609 0.7251873016357421875 0.5673847198486328125 -1.0563920736312866211 2.1326146125793457031 
0.97107112407684326172 -0.10007281601428985596 0.29968163371086120605 -0.34493428468704223633 0.70035225152969360352 0.47763502597808837891 -0.28686091303825378418 0.36390420794486999512 0.043756082653999328613 -0.47766616940498352051 
1.4541385173797607422 1.0883833169937133789 0.41101861000061035156 -0.17230074107646942139 0.55583435297012329102 0.18227481842041015625 0.55509436130523681641 0.16200710833072662354 1.3041172027587890625 -0.93882715702056884766 
-0.97333568334579467773 1.0604828596115112305 -0.69856321811676025391 0.52770388126373291016 -0.78508228063583374023 -0.3043250739574432373 0.26533472537994384766 1.0167151689529418945 -0.71250116825103759766 1.8734067678451538086 
-0.23286752402782440186 -0.80658143758773803711 -0.16026864945888519287 0.089238949120044708252 -0.80139249563217163086 0.041567202657461166382 0.77290880680084228516 0.43306633830070495605 -0.38406196236610412598 0.45824357867240905762 
-0.52531152963638305664 1.1229491233825683594 -1.1515803337097167969 0.69417351484298706055 0.17066393792629241943 -0.87500679492950439453 -0.35188502073287963867 0.38135316967964172363 -0.83137422800064086914 0.35408490896224975586 
bias:
-0.61203104257583618164 
-0.081871256232261657715 
-1.0543291568756103516 
-0.61214524507522583008 
-0.30522316694259643555 
0.43549332022666931152 
-0.12280306965112686157 
-0.58881276845932006836 
-0.90933024883270263672 
-1.1297758817672729492 
10 1 
weights:
-1.176838994026184082 1.0897825956344604492 -2.133762359619140625 -0.34034496545791625977 2.6086442470550537109 -1.5492035150527954102 -1.4000912904739379883 2.1532273292541503906 0.50835824012756347656 1.005812525749206543 
bias:
0.73109984397888183594 
