1 10 
weights:
1.4901708364486694336 
0.44278597831726074219 
1.2686945199966430664 
0.43698051571846008301 
1.0201714038848876953 
1.4706515073776245117 
0.62603789567947387695 
0.56171113252639770508 
0.44804015755653381348 
0.75142943859100341797 
bias:
-1.3723306655883789062 
-0.13475346565246582031 
1.5111777782440185547 
-0.32141104340553283691 
2.51683807373046875 
0.026504475623369216919 
-1.4512833356857299805 
-1.1808822154998779297 
-0.55702203512191772461 
-1.9137078523635864258 
10 10 
weights:
0.097259081900119781494 1.6531814336776733398 1.3060781955718994141 0.71241599321365356445 2.0976912975311279297 -0.13929286599159240723 0.84801590442657470703 1.3429733514785766602 1.1905456781387329102 0.52916765213012695312 
1.0077724456787109375 -0.28320345282554626465 -0.0272586774080991745 -0.075329378247261047363 -0.68616300821304321289 0.30927354097366333008 -1.0205596685409545898 -0.18431696295738220215 -0.6697152256965637207 -0.10456082969903945923 
0.62567621469497680664 -0.37789398431777954102 0.48286452889442443848 -0.36116126179695129395 -0.13674347102642059326 0.85850614309310913086 -0.51358431577682495117 0.12260755151510238647 0.577579498291015625 -0.53620725870132446289 
-1.3617242574691772461 1.2325899600982666016 -1.3507189750671386719 1.1809010505676269531 -0.25217980146408081055 -1.7423917055130004883 1.6455414295196533203 1.1958631277084350586 0.87690013647079467773 1.6811383962631225586 
1.9079877138137817383 0.029842732474207878113 0.16057986021041870117 -0.74303269386291503906 -0.82577598094940185547 0.56996196508407592773 -0.32699653506278991699 -0.7681820988655090332 -0.95959460735321044922 -0.91283196210861206055 
-0.1314865797758102417 0.025484424084424972534 0.54539847373962402344 -0.074610546231269836426 -0.54172676801681518555 -0.73841059207916259766 -0.067393817007541656494 -0.32198148965835571289 0.092883385717868804932 -0.51793235540390014648 
1.1490108966827392578 0.40634992718696594238 0.94782644510269165039 0.89415228366851806641 -0.46437111496925354004 1.7124379873275756836 0.083150185644626617432 -0.96054983139038085938 -0.13355815410614013672 -0.38387989997863769531 
-0.22513911128044128418 1.2984102964401245117 -0.96029144525527954102 0.12973450124263763428 -0.022622073069214820862 -0.11788372695446014404 -0.034057863056659698486 0.22460947930812835693 0.68368947505950927734 0.48351356387138366699 
-0.68267840147018432617 0.26800945401191711426 -0.64880299568176269531 -0.36331069469451904297 -0.45659756660461425781 0.41530954837799072266 -0.39788025617599487305 -0.089803986251354217529 -0.12671078741550445557 0.0060680322349071502686 
1.3579173088073730469 -0.76818573474884033203 0.6410458683967590332 0.17113320529460906982 -2.2782585620880126953 1.1623342037200927734 -1.0659232139587402344 -0.80120348930358886719 -1.041774749755859375 -0.05251452326774597168 
bias:
-0.6106726527214050293 
-0.13049554824829101562 
-0.63565897941589355469 
-0.98311102390289306641 
0.082326568663120269775 
-0.11031143367290496826 
-0.69208347797393798828 
-1.0445922613143920898 
-0.065646544098854064941 
0.56224495172500610352 
10 1 
weights:
-2.8114795684814453125 1.0930883884429931641 1.1611906290054321289 -2.8092901706695556641 1.7321345806121826172 0.29030200839042663574 2.2867937088012695312 -0.89952558279037475586 0.20207731425762176514 2.0680902004241943359 
bias:
0.0018512463429942727089 
