1 10 
weights:
0.44419464468955993652 
1.104155421257019043 
0.83974146842956542969 
0.84190005064010620117 
-0.78572559356689453125 
-1.2320263385772705078 
-1.8067940473556518555 
0.85231447219848632812 
0.70829057693481445312 
0.77816891670227050781 
bias:
-0.059919808059930801392 
-3.0895438194274902344 
1.6610542535781860352 
0.99064618349075317383 
-0.39138242602348327637 
0.8135039210319519043 
-1.1531379222869873047 
1.9363669157028198242 
-2.1286993026733398438 
-0.3542754054069519043 
10 10 
weights:
-1.5253757238388061523 0.48463594913482666016 -1.7891638278961181641 -1.4520353078842163086 0.1084756702184677124 0.61506265401840209961 1.6487134695053100586 -2.7122185230255126953 -0.84403371810913085938 -1.1836560964584350586 
0.38401040434837341309 0.022797646000981330872 -0.8323218226432800293 -0.98308444023132324219 0.34540784358978271484 -0.19617988169193267822 -0.23048862814903259277 -0.62576133012771606445 0.55710905790328979492 -0.91482704877853393555 
-0.27574637532234191895 -0.2499799877405166626 0.30144229531288146973 0.61720424890518188477 -0.41781222820281982422 -0.85949879884719848633 -0.85993981361389160156 0.093931525945663452148 -1.360453486442565918 -0.082798078656196594238 
-0.43508979678153991699 -0.6776485443115234375 -0.92592638731002807617 -0.3849277794361114502 0.54241335391998291016 -0.18172128498554229736 0.22953079640865325928 -1.6718851327896118164 -0.16380280256271362305 -0.44623008370399475098 
0.64967894554138183594 1.7565873861312866211 -0.27505278587341308594 -0.3477039337158203125 -0.26624739170074462891 0.71285378932952880859 0.20756900310516357422 -0.9822394251823425293 0.30989810824394226074 0.39740064740180969238 
-0.35515412688255310059 -0.3641783297061920166 -0.13961786031723022461 -0.66310858726501464844 0.11048948019742965698 0.87468886375427246094 -0.030084462836384773254 0.23251050710678100586 0.03941804543137550354 0.53072947263717651367 
0.0093105342239141464233 1.5722740888595581055 -0.5146884918212890625 -0.3675880134105682373 0.99007248878479003906 2.1673767566680908203 1.1138770580291748047 -0.11725626885890960693 0.9188778996467590332 -0.66756677627563476562 
0.024538367986679077148 0.88882899284362792969 -0.58985483646392822266 0.11501109600067138672 0.67222261428833007812 0.23690553009510040283 1.0904439687728881836 -0.27136823534965515137 0.41504448652267456055 -0.20431630313396453857 
0.69520425796508789062 0.50851708650588989258 1.2888176441192626953 -0.49936699867248535156 -0.33712264895439147949 0.39664441347122192383 -0.19164097309112548828 1.6099113225936889648 0.38003012537956237793 0.3606001734733581543 
-0.61355727910995483398 -1.6123387813568115234 -0.14379787445068359375 0.28201082348823547363 0.65826421976089477539 -0.50764757394790649414 -0.83799749612808227539 0.81398493051528930664 -1.3713729381561279297 0.31322118639945983887 
bias:
-0.75409042835235595703 
-0.35035097599029541016 
-0.17322148382663726807 
-0.57960081100463867188 
-0.54240858554840087891 
-0.88545119762420654297 
-0.047330282628536224365 
-0.42557376623153686523 
0.2563571929931640625 
0.93533420562744140625 
10 1 
weights:
3.1297280788421630859 0.63577449321746826172 1.408076167106628418 1.5173331499099731445 -1.6189185380935668945 -0.006577915046364068985 -2.8506023883819580078 -0.80724769830703735352 -0.45677289366722106934 2.2614686489105224609 
bias:
1.1903036832809448242 
