1 10 
weights:
0.42419087886810302734 
-0.45026952028274536133 
0.44381389021873474121 
-0.67653518915176391602 
1.9123858213424682617 
0.4187831580638885498 
0.92224544286727905273 
1.0842163562774658203 
-1.6620821952819824219 
0.64479041099548339844 
bias:
-0.5793361663818359375 
0.50897657871246337891 
0.31692454218864440918 
-1.7637212276458740234 
-0.074814237654209136963 
-0.39991962909698486328 
-2.7935609817504882812 
1.3119409084320068359 
1.7062507867813110352 
1.488526463508605957 
10 10 
weights:
-1.464969635009765625 0.13670709729194641113 -0.54831236600875854492 1.3052610158920288086 1.1656482219696044922 -0.7796154022216796875 -1.4659230709075927734 0.41619768738746643066 -1.5941319465637207031 -0.78900569677352905273 
1.1303198337554931641 -0.52844470739364624023 1.1208658218383789062 -1.3803868293762207031 0.11648992449045181274 0.78294837474822998047 0.52273362874984741211 0.21089950203895568848 0.1909634023904800415 2.0788075923919677734 
0.78034347295761108398 -1.3200680017471313477 0.85713618993759155273 -1.2358477115631103516 -1.8415341377258300781 1.4812351465225219727 1.412634730339050293 -0.88057553768157958984 1.1322972774505615234 0.39004844427108764648 
1.1259799003601074219 -0.79309511184692382812 1.1530340909957885742 -1.0088610649108886719 0.99947172403335571289 0.32247683405876159668 0.34561502933502197266 2.7334721088409423828 -0.65163481235504150391 0.5879198908805847168 
-0.33067327737808227539 0.20893917977809906006 -0.085924729704856872559 0.82325756549835205078 0.12789031863212585449 -0.57073330879211425781 -0.69891893863677978516 -0.13382369279861450195 -0.70150113105773925781 -0.23232358694076538086 
0.35769441723823547363 -0.12426088005304336548 -1.1490026712417602539 0.051981490105390548706 -0.34870442748069763184 -0.90601998567581176758 0.065957911312580108643 -0.37464606761932373047 -1.1368166208267211914 -0.040032304823398590088 
0.55929851531982421875 -0.27830865979194641113 -0.17056891322135925293 -0.72009098529815673828 0.6284027099609375 -0.38616806268692016602 -0.60855847597122192383 0.2715130150318145752 -0.30082818865776062012 -0.30033859610557556152 
0.43896821141242980957 0.25904682278633117676 0.04584684222936630249 0.28069058060646057129 0.36065661907196044922 1.0371797084808349609 -0.27847349643707275391 0.41707366704940795898 -0.45022061467170715332 0.17755597829818725586 
-0.19499565660953521729 0.13314493000507354736 -0.19266167283058166504 0.32897812128067016602 0.44580388069152832031 0.1582663804292678833 -0.62476152181625366211 0.019352333620190620422 -1.328970789909362793 -0.36145937442779541016 
1.0119720697402954102 -1.3440432548522949219 0.062852896749973297119 -0.080559365451335906982 -0.31303513050079345703 0.25288280844688415527 1.4183441400527954102 -0.018064633011817932129 0.89951097965240478516 0.43211206793785095215 
bias:
1.4248119592666625977 
0.1893291771411895752 
-0.57461076974868774414 
-1.1893950700759887695 
-0.220400199294090271 
-0.97646498680114746094 
-1.1672050952911376953 
-0.15949638187885284424 
-0.54021626710891723633 
-1.6871674060821533203 
10 1 
weights:
2.3901669979095458984 -2.8969686031341552734 -2.6296010017395019531 2.4988455772399902344 1.0799686908721923828 1.5823192596435546875 0.35854938626289367676 0.1417001187801361084 0.88004320859909057617 -1.6272537708282470703 
bias:
0.64680272340774536133 
