1 10 
weights:
0.5870698094367980957 
-1.4638222455978393555 
0.51794010400772094727 
1.2077653408050537109 
1.3131995201110839844 
1.0763999223709106445 
0.84552586078643798828 
0.68034541606903076172 
0.64675348997116088867 
1.5187751054763793945 
bias:
0.1814146190881729126 
1.3023424148559570312 
-0.58402276039123535156 
0.56480211019515991211 
-0.094818413257598876953 
2.8223264217376708984 
-2.3002798557281494141 
-1.5724766254425048828 
-1.434054255485534668 
-0.58654165267944335938 
10 10 
weights:
-0.58480179309844970703 -0.11212194710969924927 -0.85720062255859375 0.96876090764999389648 1.4073251485824584961 -1.2358403205871582031 -1.3844425678253173828 -0.71048599481582641602 -0.83794748783111572266 1.3073700666427612305 
0.093368008732795715332 -1.3419355154037475586 -0.15891037881374359131 0.71000850200653076172 0.12689641118049621582 -0.2281176149845123291 -1.0569608211517333984 -0.47957143187522888184 -0.10461700707674026489 -0.48802286386489868164 
-0.074495591223239898682 -1.835974574089050293 -0.11048772931098937988 -0.43279936909675598145 -0.76320743560791015625 -0.92574506998062133789 -0.81200385093688964844 -0.46892756223678588867 -0.14286585152149200439 0.65659666061401367188 
0.47846990823745727539 -1.1958632469177246094 0.54579693078994750977 0.28197661042213439941 0.73661720752716064453 -1.2010768651962280273 0.56416851282119750977 0.87790906429290771484 0.21624775230884552002 -0.052716579288244247437 
0.55907392501831054688 0.28488591313362121582 1.1555167436599731445 -1.1332499980926513672 -1.2489427328109741211 0.24859583377838134766 2.2700185775756835938 1.6689836978912353516 1.2764031887054443359 -0.88363540172576904297 
1.4040122032165527344 0.68004721403121948242 1.147107243537902832 0.51623582839965820312 0.36872559785842895508 1.2917513847351074219 0.72801071405410766602 0.79728794097900390625 0.1986287236213684082 0.21332313120365142822 
-0.13434383273124694824 -0.089876614511013031006 -0.14690078794956207275 0.64286696910858154297 0.31533890962600708008 -0.080558262765407562256 -0.93607515096664428711 -0.28595483303070068359 -0.11432985961437225342 -0.37258726358413696289 
1.0285054445266723633 -0.075037963688373565674 1.263987421989440918 0.97019618749618530273 0.88660770654678344727 2.6673929691314697266 0.51632863283157348633 0.6141999363899230957 0.11148951202630996704 0.29376387596130371094 
1.5476372241973876953 -0.75856095552444458008 -0.19273898005485534668 1.8799591064453125 0.57083415985107421875 0.98641526699066162109 0.19687567651271820068 0.92264437675476074219 0.21865850687026977539 0.70419049263000488281 
0.041942961513996124268 -0.56144607067108154297 -0.36513474583625793457 -0.29948884248733520508 -0.7281042933464050293 -0.20217028260231018066 0.39721006155014038086 -0.68184250593185424805 -0.1654246598482131958 0.42721590399742126465 
bias:
0.30281379818916320801 
-0.97253447771072387695 
-2.0821044445037841797 
-0.10305237025022506714 
-1.751675724983215332 
-0.95030057430267333984 
-1.0798411369323730469 
-0.6722157597541809082 
-0.98344963788986206055 
-0.3897444307804107666 
10 1 
weights:
2.2450377941131591797 2.0366313457489013672 3.2316167354583740234 1.409268498420715332 -2.7724401950836181641 -1.6833028793334960938 0.90090179443359375 -3.123687744140625 1.8342455625534057617 0.28724125027656555176 
bias:
1.6538584232330322266 
