1 10 
weights:
0.56684917211532592773 
1.6791329383850097656 
1.6431730985641479492 
1.5601240396499633789 
0.45226928591728210449 
0.64284741878509521484 
-1.3859088420867919922 
0.86234551668167114258 
1.6975240707397460938 
0.47480186820030212402 
bias:
0.81350398063659667969 
2.1619739532470703125 
0.16207678616046905518 
-0.28229549527168273926 
-0.50692290067672729492 
1.2596760988235473633 
0.45457929372787475586 
-2.3212516307830810547 
-1.6579465866088867188 
-0.094270668923854827881 
10 10 
weights:
-0.21162997186183929443 0.55908757448196411133 -0.73996633291244506836 -0.67325490713119506836 0.02758962288498878479 -0.85782933235168457031 -0.30068057775497436523 -0.35487183928489685059 -0.71916180849075317383 -0.47334775328636169434 
-0.53157055377960205078 -1.4379335641860961914 0.00038561876863241195679 -0.55118536949157714844 -0.13630396127700805664 0.45403167605400085449 -0.90804719924926757812 -0.49861362576484680176 -0.18124119937419891357 -1.0705721378326416016 
-2.1324491500854492188 2.1250357627868652344 1.8866713047027587891 1.5313305854797363281 -1.9396500587463378906 -2.1228592395782470703 -0.15376672148704528809 -2.2201406955718994141 1.0046037435531616211 -1.5777696371078491211 
0.44550716876983642578 -0.070713475346565246582 -0.68761360645294189453 -1.1753772497177124023 0.36158618330955505371 0.85385024547576904297 0.20693154633045196533 0.51970201730728149414 0.19694763422012329102 0.026613755151629447937 
-0.583957672119140625 0.10127529501914978027 1.0486454963684082031 0.61823916435241699219 -0.79127091169357299805 -0.54204863309860229492 -0.94629615545272827148 -0.75574004650115966797 0.82718074321746826172 -0.89627110958099365234 
1.6309082508087158203 0.23830808699131011963 0.54888701438903808594 0.4077536463737487793 1.3904013633728027344 0.73579466342926025391 -0.53003889322280883789 -0.015100755728781223297 0.48739388585090637207 0.2837390899658203125 
-0.60684496164321899414 -0.44071474671363830566 1.2084574699401855469 0.10684344172477722168 -0.70987010002136230469 -1.1072113513946533203 -0.3379783332347869873 -0.45003589987754821777 1.4278657436370849609 -0.69432288408279418945 
-0.02334421500563621521 0.10350567847490310669 -0.55127829313278198242 -0.34642234444618225098 0.15876711905002593994 -1.2362906932830810547 -0.43582639098167419434 0.075710430741310119629 -1.1163719892501831055 -1.1653953790664672852 
0.58754438161849975586 -1.3835124969482421875 -0.31938764452934265137 0.15872159600257873535 0.43562820553779602051 1.1110072135925292969 0.12665584683418273926 0.52361088991165161133 -1.1678479909896850586 1.292021632194519043 
-0.8180077672004699707 -0.70100933313369750977 -0.80711227655410766602 -0.074258498847484588623 -0.50434583425521850586 -1.0782893896102905273 -0.51737570762634277344 0.04199045524001121521 -0.46183416247367858887 -0.19451081752777099609 
bias:
-0.54213976860046386719 
-0.7883866429328918457 
1.8800863027572631836 
-0.76839578151702880859 
-1.0179866552352905273 
0.080429159104824066162 
-0.45728263258934020996 
-1.4486669301986694336 
-1.2591516971588134766 
-1.2710326910018920898 
10 1 
weights:
0.59716641902923583984 0.12730400264263153076 3.91281890869140625 -0.70798689126968383789 1.733607172966003418 -1.4971373081207275391 1.6024501323699951172 0.64516562223434448242 -1.6531656980514526367 1.4113521575927734375 
bias:
-0.80887997150421142578 
