1 10 
weights:
0.63594049215316772461 
-0.69793456792831420898 
0.33960270881652832031 
0.64415240287780761719 
-0.31816053390502929688 
1.2951097488403320312 
0.36214819550514221191 
1.2078633308410644531 
-0.47662335634231567383 
0.36390420794486999512 
bias:
-1.7325326204299926758 
-2.0225312709808349609 
-0.43494421243667602539 
-1.7750952243804931641 
0.25373515486717224121 
-1.0660226345062255859 
0.52666270732879638672 
0.68285340070724487305 
-1.2202222347259521484 
0.59562540054321289062 
10 10 
weights:
-0.99941807985305786133 1.0153983831405639648 -0.89727103710174560547 -0.83826273679733276367 0.85457581281661987305 2.0834786891937255859 -1.312213897705078125 1.9686558246612548828 0.95255148410797119141 -0.98469144105911254883 
-0.19269266724586486816 0.23736168444156646729 -0.73775064945220947266 -0.56348967552185058594 -0.017802607268095016479 0.67365097999572753906 -0.67025047540664672852 0.88827687501907348633 0.40828412771224975586 -0.89318072795867919922 
-0.72377073764801025391 1.1771634817123413086 -1.4133361577987670898 -0.65651166439056396484 0.35541108250617980957 2.2140574455261230469 -1.4641262292861938477 1.8004660606384277344 0.63826298713684082031 -1.6499965190887451172 
1.4569590091705322266 -0.64876085519790649414 -1.0258829593658447266 -0.34266328811645507812 -0.13965067267417907715 0.38549458980560302734 -0.045384742319583892822 -0.32870829105377197266 -0.53676241636276245117 0.52816110849380493164 
0.50458437204360961914 -1.022192835807800293 0.75648206472396850586 1.1027288436889648438 -1.0019272565841674805 -0.83471626043319702148 -0.035062275826930999756 -1.8119400739669799805 -0.12071409076452255249 1.301253199577331543 
1.4993333816528320312 -0.31412899494171142578 1.2282236814498901367 0.99939632415771484375 -0.61303508281707763672 -0.82836651802062988281 0.61766606569290161133 -1.5775338411331176758 -0.70126378536224365234 -0.15739676356315612793 
-0.49168306589126586914 -0.11372591555118560791 0.59856939315795898438 0.4840653836727142334 0.041502140462398529053 -0.089825443923473358154 -0.25060155987739562988 -1.3955281972885131836 -0.58620268106460571289 -0.23353134095668792725 
-0.15813852846622467041 0.85485565662384033203 -0.36708360910415649414 -0.40477842092514038086 0.27849817276000976562 -0.14323700964450836182 -0.24789485335350036621 0.54097652435302734375 0.47846546769142150879 -0.089203089475631713867 
-0.17374691367149353027 0.49247899651527404785 0.067039810121059417725 0.50144296884536743164 -0.44822421669960021973 1.1383347511291503906 -0.93460178375244140625 0.47818809747695922852 1.1515951156616210938 -0.83080345392227172852 
-0.44633796811103820801 0.043692298233509063721 0.24117994308471679688 0.22181433439254760742 0.51962590217590332031 -1.4423396587371826172 0.24595266580581665039 -2.0364522933959960938 0.26645606756210327148 0.47811904549598693848 
bias:
-0.89065188169479370117 
0.11290676891803741455 
-0.17265281081199645996 
-0.044974051415920257568 
0.2831929624080657959 
-0.2918745875358581543 
-0.56756323575973510742 
-0.51002496480941772461 
-0.70508611202239990234 
-0.47281718254089355469 
10 1 
weights:
2.5623471736907958984 1.1592385768890380859 2.6030580997467041016 -0.62082642316818237305 -2.1276991367340087891 -2.0089755058288574219 -0.94416904449462890625 0.51019054651260375977 0.97953063249588012695 -1.7402408123016357422 
bias:
-0.76282995939254760742 
