1 10 
weights:
1.0493413209915161133 
0.70661449432373046875 
1.5515037775039672852 
0.5650412440299987793 
1.4523435831069946289 
0.72875547409057617188 
-0.8807093501091003418 
1.7214472293853759766 
1.7452901601791381836 
0.47336927056312561035 
bias:
-3.1462213993072509766 
1.4971690177917480469 
0.82943338155746459961 
-1.0523525476455688477 
0.81816077232360839844 
1.5755703449249267578 
-0.83927857875823974609 
-1.6793981790542602539 
0.36862814426422119141 
-0.061894390732049942017 
10 10 
weights:
0.48232299089431762695 0.42814660072326660156 0.49159225821495056152 0.43437179923057556152 0.049879673868417739868 -0.34779638051986694336 0.010115133598446846008 -0.17991648614406585693 0.25699770450592041016 0.36196640133857727051 
-0.99358642101287841797 -0.28375670313835144043 0.2468150407075881958 -0.88528800010681152344 0.0099142007529735565186 -0.3833993375301361084 -1.1248033046722412109 0.91090166568756103516 0.88194322586059570312 -0.79397058486938476562 
-0.50407415628433227539 -2.3267381191253662109 1.2550634145736694336 -0.77813607454299926758 0.20213116705417633057 -1.6170791387557983398 0.95987457036972045898 0.76007115840911865234 0.33280709385871887207 -0.9967295527458190918 
-2.8174564838409423828 -1.4756885766983032227 1.4754244089126586914 -1.1172404289245605469 0.70225960016250610352 -0.95308566093444824219 0.075261995196342468262 1.9913469552993774414 1.3314378261566162109 -1.4265311956405639648 
0.011930111795663833618 0.76909208297729492188 -0.29413518309593200684 0.87101209163665771484 -0.16536676883697509766 0.001018454437144100666 -0.20890647172927856445 -0.85397309064865112305 -0.53610849380493164062 -0.11595176905393600464 
0.10820090025663375854 0.38114520907402038574 1.9529016017913818359 0.021191831678152084351 1.4126462936401367188 -0.56330931186676025391 -1.2847545146942138672 0.69258654117584228516 1.3877804279327392578 0.50810670852661132812 
-1.4562482833862304688 -0.45431742072105407715 0.57954812049865722656 -1.2411957979202270508 0.20771872997283935547 0.5799573063850402832 0.078754574060440063477 1.2195883989334106445 0.48000389337539672852 -0.79671704769134521484 
0.46769669651985168457 -0.24657240509986877441 -0.70229768753051757812 -0.48372453451156616211 -0.091172926127910614014 -0.20336180925369262695 -0.49088004231452941895 0.29177150130271911621 0.25884604454040527344 -0.032455980777740478516 
0.84365373849868774414 0.84815579652786254883 0.43124699592590332031 1.1397672891616821289 -0.17335741221904754639 1.2007119655609130859 -0.47229087352752685547 -0.17702592909336090088 0.93292319774627685547 0.90480148792266845703 
-0.5776532292366027832 -0.9073136448860168457 0.36031052470207214355 -0.37692749500274658203 -0.26894485950469970703 -0.3299764096736907959 0.49209490418434143066 0.94923323392868041992 0.74567967653274536133 -0.66646897792816162109 
bias:
1.3991634845733642578 
-0.887241363525390625 
-0.16443563997745513916 
0.49764418601989746094 
-0.37655496597290039062 
0.90245032310485839844 
-0.81025427579879760742 
-0.21809135377407073975 
0.30342540144920349121 
-1.1469880342483520508 
10 1 
weights:
-1.1281286478042602539 1.2425338029861450195 3.0379903316497802734 2.8175446987152099609 -0.55815517902374267578 1.6383424997329711914 1.3586902618408203125 -0.2287534177303314209 -2.1774783134460449219 0.94970315694808959961 
bias:
-0.75992643833160400391 
