1 10 
weights:
-0.72460234165191650391 
-0.39791119098663330078 
0.45012691617012023926 
-0.51140356063842773438 
0.3252620995044708252 
0.78183346986770629883 
0.43176376819610595703 
1.3151973485946655273 
1.2615077495574951172 
0.48517626523971557617 
bias:
-2.0493650436401367188 
-0.77914726734161376953 
1.0610587596893310547 
-1.3174685239791870117 
-0.58615690469741821289 
-2.2145414352416992188 
-0.95559209585189819336 
0.98545926809310913086 
-0.88955974578857421875 
-1.2218223810195922852 
10 10 
weights:
-0.1773920208215713501 -0.64260494709014892578 0.64326423406600952148 -0.0054725976660847663879 0.35872834920883178711 1.7076952457427978516 1.2473758459091186523 -1.17397308349609375 -1.6163227558135986328 1.0307353734970092773 
-0.25188744068145751953 -0.41250914335250854492 0.14148254692554473877 -0.43603977560997009277 0.15686753392219543457 1.114792943000793457 0.40944910049438476562 -0.88863486051559448242 -1.3793256282806396484 0.89708286523818969727 
-0.23624178767204284668 -0.36201244592666625977 -0.53549528121948242188 0.356719970703125 -0.067047521471977233887 -0.45025989413261413574 -0.85305798053741455078 0.30423319339752197266 0.71682530641555786133 -0.52441382408142089844 
0.71373802423477172852 0.63223278522491455078 -0.62795352935791015625 -0.34939086437225341797 -1.4494041204452514648 -0.81703537702560424805 -0.29699563980102539062 0.67617011070251464844 1.9009597301483154297 -0.26013240218162536621 
1.2061866521835327148 0.1197416260838508606 -1.6290376186370849609 -0.06496219336986541748 -0.7215659022331237793 0.063185982406139373779 -0.92680966854095458984 1.5755796432495117188 1.1241577863693237305 -0.44687429070472717285 
1.2168213129043579102 1.0191551446914672852 -1.3818025588989257812 1.7766561508178710938 -1.6223615407943725586 -0.61069941520690917969 -0.71574103832244873047 2.3789246082305908203 2.3962697982788085938 -1.0969039201736450195 
0.074965022504329681396 -0.52985566854476928711 0.38887920975685119629 0.35194477438926696777 -0.61942899227142333984 0.29051330685615539551 0.49759197235107421875 0.56873869895935058594 0.32949626445770263672 -0.024631148204207420349 
-0.10114419460296630859 0.23938465118408203125 -0.11958262324333190918 -0.73832434415817260742 -0.17304714024066925049 0.1478560715913772583 -0.5381495356559753418 -0.2433585822582244873 -1.2075742483139038086 -0.29683804512023925781 
-0.92558789253234863281 -0.20389489829540252686 0.6997610926628112793 -0.51062774658203125 0.56688106060028076172 0.86509871482849121094 0.064046502113342285156 -0.93062371015548706055 -0.84596097469329833984 0.10505732148885726929 
0.081981427967548370361 -1.4229843616485595703 0.093385078012943267822 0.061904944479465484619 -0.86660236120223999023 -0.16651181876659393311 0.1662915349006652832 -0.85681122541427612305 -0.94190829992294311523 0.36347305774688720703 
bias:
-0.59431111812591552734 
-0.15823222696781158447 
-0.77280575037002563477 
-1.3740239143371582031 
0.23119062185287475586 
-1.4788972139358520508 
-0.056364368647336959839 
-0.56682837009429931641 
0.30033552646636962891 
-0.066153883934020996094 
10 1 
weights:
-2.4732549190521240234 -1.5778366327285766602 0.67667776346206665039 1.4892489910125732422 1.9992239475250244141 2.9267077445983886719 0.28470280766487121582 -0.68075031042098999023 -1.5721436738967895508 -1.0225280523300170898 
bias:
-0.58696877956390380859 
