1 10 
weights:
0.46178132295608520508 
0.48707437515258789062 
-1.1559536457061767578 
0.48354446887969970703 
0.80328142642974853516 
1.3979437351226806641 
1.3384782075881958008 
1.1869213581085205078 
0.46591168642044067383 
0.73946821689605712891 
bias:
-0.52923727035522460938 
-0.082933627068996429443 
2.8569550514221191406 
-0.45968219637870788574 
1.8160530328750610352 
1.1938763856887817383 
-0.13421434164047241211 
-0.59769684076309204102 
-0.87781816720962524414 
1.4732067584991455078 
10 10 
weights:
-0.66427856683731079102 -0.61969149112701416016 0.99006563425064086914 -0.52024006843566894531 -0.49591815471649169922 0.97745233774185180664 0.72273814678192138672 1.1887342929840087891 -0.42139700055122375488 -0.53324568271636962891 
-0.016166264191269874573 0.30008053779602050781 0.047908395528793334961 0.24200491607189178467 -0.17183966934680938721 0.15601566433906555176 0.013514671474695205688 0.40357604622840881348 0.59095275402069091797 -0.76123976707458496094 
-0.2633896172046661377 -0.26503029465675354004 -0.81412237882614135742 -0.098887018859386444092 0.21331508457660675049 -0.44084560871124267578 -0.077350988984107971191 -0.66946136951446533203 0.86826562881469726562 0.39478692412376403809 
-0.76816630363464355469 -1.0898174047470092773 2.5715572834014892578 -0.85181242227554321289 -0.78295266628265380859 1.8957837820053100586 0.93392193317413330078 0.98373961448669433594 -1.4230536222457885742 -0.17351460456848144531 
0.21949677169322967529 -0.18599739670753479004 0.3234303593635559082 -0.13545288145542144775 -0.10228268802165985107 -0.95699089765548706055 -0.97703772783279418945 -1.298863530158996582 0.98446673154830932617 0.37653559446334838867 
-0.041438311338424682617 -0.19353933632373809814 -1.3435945510864257812 -0.089484900236129760742 0.76176905632019042969 0.41210758686065673828 1.1563643217086791992 1.6824375391006469727 -0.32688933610916137695 0.33114027976989746094 
0.091256365180015563965 -0.35247278213500976562 -0.19884546101093292236 -0.55628645420074462891 -0.010877632535994052887 0.55465793609619140625 -0.57714301347732543945 -0.54778623580932617188 -0.056280251592397689819 -0.57127493619918823242 
0.79878699779510498047 0.87331825494766235352 -0.53482115268707275391 0.77822655439376831055 2.2953178882598876953 1.3816248178482055664 0.48195213079452514648 0.66555625200271606445 0.64906901121139526367 2.1487662792205810547 
0.42976328730583190918 0.51821488142013549805 0.44435894489288330078 1.2731456756591796875 0.84184461832046508789 0.92087775468826293945 0.76720535755157470703 -0.35784971714019775391 0.07508328557014465332 0.73606687784194946289 
1.01161956787109375 0.76584005355834960938 -1.8957313299179077148 1.1114518642425537109 -0.7942231297492980957 -0.20577768981456756592 -0.25739622116088867188 -0.043176937848329544067 0.043546818196773529053 -0.55448263883590698242 
bias:
-0.60508775711059570312 
-0.35678526759147644043 
-0.17021387815475463867 
-0.51485109329223632812 
-0.19184409081935882568 
-1.541941523551940918 
-0.82603067159652709961 
-0.50110608339309692383 
-0.089277885854244232178 
-0.2864755094051361084 
10 1 
weights:
1.6284151077270507812 -0.2036380767822265625 -0.66198319196701049805 2.8712317943572998047 -1.2740334272384643555 2.4591810703277587891 0.17601791024208068848 -3.3468599319458007812 -1.7252631187438964844 -1.2853242158889770508 
bias:
1.5216548442840576172 
