1 10 
weights:
-0.39815631508827209473 
1.3101544380187988281 
0.99354594945907592773 
1.3418874740600585938 
-0.47381472587585449219 
1.4811054468154907227 
1.0143468379974365234 
0.531551361083984375 
1.426003575325012207 
0.43969255685806274414 
bias:
-0.028864795342087745667 
-0.20336261391639709473 
2.8317410945892333984 
-0.13126373291015625 
-0.66585016250610351562 
1.4989241361618041992 
-2.762542724609375 
-1.205620884895324707 
-1.5834511518478393555 
0.048019737005233764648 
10 10 
weights:
-0.17462086677551269531 0.81089270114898681641 2.1192920207977294922 0.15383966267108917236 -0.75135666131973266602 0.81495004892349243164 0.91008454561233520508 0.77549415826797485352 0.72385847568511962891 0.90275168418884277344 
-1.2421460151672363281 0.0022694820072501897812 0.16506244242191314697 -0.28672942519187927246 -0.41735732555389404297 -0.67489397525787353516 0.28117921948432922363 0.38459989428520202637 0.33665880560874938965 -0.2523695826530456543 
0.91028869152069091797 1.2312173843383789062 -1.0744683742523193359 0.31510347127914428711 0.26533085107803344727 1.6615948677062988281 -1.8043129444122314453 -0.78149431943893432617 0.40292760729789733887 -1.3768655061721801758 
-0.22305749356746673584 -0.19612590968608856201 -0.098268121480941772461 -1.0615260601043701172 0.08316256105899810791 -0.55329942703247070312 -0.35298702120780944824 -0.050719615072011947632 -0.45463761687278747559 0.077770143747329711914 
-0.6746870875358581543 -0.0096179107204079627991 -0.47599828243255615234 0.45608273148536682129 0.36639201641082763672 0.76297539472579956055 -0.50868690013885498047 -0.53541952371597290039 0.60085570812225341797 -1.1406165361404418945 
1.4587172269821166992 0.40704065561294555664 -1.1382169723510742188 2.0728662014007568359 0.63676524162292480469 0.90027713775634765625 -1.5263295173645019531 -1.4632861614227294922 1.1087479591369628906 -0.76541066169738769531 
0.67356669902801513672 -0.50042068958282470703 1.0623269081115722656 -0.58418178558349609375 -0.1510327458381652832 0.32603037357330322266 0.10114020109176635742 0.33225998282432556152 0.67429083585739135742 0.42880898714065551758 
0.26835912466049194336 -0.068091988563537597656 -0.84686183929443359375 0.60702335834503173828 0.11844450980424880981 0.046583719551563262939 -0.48254656791687011719 0.0040774629451334476471 0.45375174283981323242 -0.28255480527877807617 
0.27500566840171813965 0.81743752956390380859 -1.0906987190246582031 1.6045627593994140625 0.2375291287899017334 0.46783730387687683105 -1.2400541305541992188 -1.5085500478744506836 1.3063035011291503906 -1.062245488166809082 
0.2572085261344909668 0.089991994202136993408 -1.2685440778732299805 0.31441223621368408203 -0.16488768160343170166 0.7276020050048828125 -0.60719823837280273438 -0.19656284153461456299 0.2628847956657409668 -1.0496231317520141602 
bias:
0.23947131633758544922 
-0.76606470346450805664 
0.34894511103630065918 
-0.46535086631774902344 
-0.11821202188730239868 
-0.79532516002655029297 
0.32378438115119934082 
-0.93243902921676635742 
-1.2142945528030395508 
-0.078283719718456268311 
10 1 
weights:
-1.6529616117477416992 -0.28549602627754211426 2.0829150676727294922 -0.82733821868896484375 0.83903944492340087891 2.7553255558013916016 -1.1791288852691650391 0.68516820669174194336 2.0277423858642578125 0.77093064785003662109 
bias:
-1.4318079948425292969 
