1 10 
weights:
-1.4215821027755737305 
-0.44736829400062561035 
1.53285980224609375 
1.484818577766418457 
0.62690269947052001953 
1.7318238019943237305 
0.39787346124649047852 
-0.53929495811462402344 
0.63887798786163330078 
1.1317387819290161133 
bias:
-0.8518123626708984375 
0.073950968682765960693 
-0.12673391401767730713 
-2.0019547939300537109 
-1.4317791461944580078 
-0.52001899480819702148 
0.27869787812232971191 
0.65537446737289428711 
-1.4062801599502563477 
2.5919301509857177734 
10 10 
weights:
1.3231790065765380859 -0.50057107210159301758 -0.49979948997497558594 -0.35374534130096435547 1.0558648109436035156 -0.7521279454231262207 0.033015061169862747192 -0.68432664871215820312 1.7288908958435058594 0.31177732348442077637 
-1.2445696592330932617 1.061107635498046875 0.41860198974609375 1.3674608469009399414 -1.0350522994995117188 0.21121186017990112305 -0.57367807626724243164 0.59125506877899169922 -0.93956261873245239258 -1.5341962575912475586 
0.59880805015563964844 -0.47925201058387756348 -0.75835669040679931641 0.066555172204971313477 0.014929628930985927582 -0.37748491764068603516 -0.051753129810094833374 -0.37851059436798095703 -1.0244166851043701172 0.04030533134937286377 
1.0568873882293701172 -0.33820158243179321289 -0.30958995223045349121 -0.4113794863224029541 0.23272581398487091064 -0.30052965879440307617 0.072946868836879730225 -0.47454407811164855957 0.89201337099075317383 -0.8199780583381652832 
0.58330148458480834961 0.056541785597801208496 -0.22727592289447784424 -0.21221517026424407959 -0.38381314277648925781 -0.52763128280639648438 -0.20667597651481628418 -0.28863924741744995117 -0.35638022422790527344 -1.1660405397415161133 
1.605906367301940918 -1.4317377805709838867 -0.9235089421272277832 -1.9623078107833862305 1.3761155605316162109 -1.2134506702423095703 1.3720363378524780273 -1.1228351593017578125 1.3393746614456176758 3.0172350406646728516 
0.22457596659660339355 -0.56981557607650756836 -0.35356876254081726074 -0.1977259218692779541 -0.078119151294231414795 0.84647375345230102539 -1.4025106430053710938 0.40000322461128234863 -0.4735946357250213623 -0.065667033195495605469 
0.51023566722869873047 -0.42246866226196289062 0.38174116611480712891 0.18089748919010162354 -0.74681138992309570312 -0.32089462876319885254 0.11003742367029190063 -0.087654069066047668457 -0.13243298232555389404 0.19110547006130218506 
0.66912001371383666992 1.3662571907043457031 -0.047240231186151504517 0.38459053635597229004 -1.0565782785415649414 0.016776353120803833008 -0.48770284652709960938 2.0911605358123779297 -1.0050292015075683594 0.90940505266189575195 
-1.0999369621276855469 -0.72867822647094726562 0.6273282170295715332 0.76540642976760864258 0.39512482285499572754 1.1029206514358520508 -0.62223947048187255859 -0.3979205787181854248 0.078150250017642974854 1.6320939064025878906 
bias:
-0.4606501460075378418 
-0.38194507360458374023 
-0.32640057802200317383 
-0.8458251953125 
0.0023873134050518274307 
-0.408855438232421875 
-0.64551007747650146484 
0.79928261041641235352 
-0.019269648939371109009 
0.086709544062614440918 
10 1 
weights:
-1.7536200284957885742 1.7202465534210205078 -0.39939391613006591797 -0.67294925451278686523 -0.09379396587610244751 -3.7208018302917480469 0.29808267951011657715 -0.17222274839878082275 2.1619060039520263672 1.5635107755661010742 
bias:
0.52158194780349731445 
