1 10 
weights:
1.6100426912307739258 
0.61208969354629516602 
0.48101708292961120605 
-0.52073293924331665039 
0.53173059225082397461 
-1.7738803625106811523 
1.8013769388198852539 
-0.48031383752822875977 
0.45863258838653564453 
1.6875542402267456055 
bias:
-1.9453284740447998047 
-1.54766082763671875 
0.70592254400253295898 
-1.0182971954345703125 
-1.1353089809417724609 
0.17805886268615722656 
0.33132952451705932617 
-0.77919650077819824219 
-0.74078702926635742188 
2.0100660324096679688 
10 10 
weights:
-0.46096789836883544922 1.1583045721054077148 0.0053672660142183303833 -0.86040508747100830078 1.1876722574234008789 0.44260042905807495117 -1.2401490211486816406 -0.50536334514617919922 0.96930849552154541016 -0.50254875421524047852 
0.33093494176864624023 -0.28353324532508850098 -0.27415180206298828125 -1.2101609706878662109 0.5252659916877746582 -0.35725724697113037109 -0.066353775560855865479 -0.39346262812614440918 0.2739327549934387207 -0.0069797597825527191162 
-0.29307281970977783203 0.36656022071838378906 -1.5355656147003173828 0.29128670692443847656 -0.66352301836013793945 -0.19345462322235107422 0.18078123033046722412 0.483448028564453125 -0.3693059086799621582 -0.17483448982238769531 
-0.73111563920974731445 0.74919337034225463867 0.95761388540267944336 0.026006694883108139038 0.22805604338645935059 0.15614229440689086914 0.19831043481826782227 -0.72252213954925537109 -0.1138602718710899353 -0.52356731891632080078 
0.11358041316270828247 0.18636062741279602051 -0.065523356199264526367 0.63387000560760498047 0.59344947338104248047 -0.4298813939094543457 -0.06614424288272857666 -0.48544317483901977539 -0.069642558693885803223 -0.043352857232093811035 
2.6278150081634521484 -1.3410079479217529297 -1.8181985616683959961 2.0544180870056152344 -1.0718344449996948242 -1.3945356607437133789 0.60956138372421264648 1.2203516960144042969 -1.3567444086074829102 0.1922181248664855957 
-0.44028612971305847168 0.55652087926864624023 0.38754129409790039062 -0.34209778904914855957 -0.20670120418071746826 0.47112134099006652832 -0.24202986061573028564 -0.81144994497299194336 1.750162959098815918 -0.70312041044235229492 
1.0154349803924560547 0.25413581728935241699 -0.33864769339561462402 -0.91259819269180297852 0.58368766307830810547 -1.2778241634368896484 0.64026296138763427734 -0.76328015327453613281 0.48354825377464294434 0.80507683753967285156 
0.36403235793113708496 -0.66547620296478271484 -0.96251642704010009766 1.3384929895401000977 -1.5129132270812988281 -0.41326960921287536621 0.5469303131103515625 1.4692937135696411133 -0.16122019290924072266 2.0273332595825195312 
0.0045157480053603649139 0.37579420208930969238 0.15278773009777069092 -0.51082682609558105469 1.3412227630615234375 0.75098639726638793945 -0.092496380209922790527 -0.98349368572235107422 0.63162034749984741211 -1.4251086711883544922 
bias:
-0.17222890257835388184 
-0.49652406573295593262 
-0.21408984065055847168 
-0.6006609797477722168 
0.039972897619009017944 
-0.2994346916675567627 
-0.59143018722534179688 
-0.38573193550109863281 
-0.94564276933670043945 
-0.4789467155933380127 
10 1 
weights:
-1.6994301080703735352 -0.19377313554286956787 0.82797634601593017578 -0.83589369058609008789 -0.20304372906684875488 3.3323719501495361328 -1.3142007589340209961 1.2414336204528808594 2.2005333900451660156 -1.5350573062896728516 
bias:
-0.91726946830749511719 
