1 10 
weights:
0.7651551365852355957 
1.2543054819107055664 
0.86035364866256713867 
1.023238062858581543 
-0.3495776057243347168 
0.46736979484558105469 
-1.4214264154434204102 
0.47867086529731750488 
1.1494860649108886719 
-0.65632212162017822266 
bias:
-2.1475932598114013672 
1.1919066905975341797 
2.2521874904632568359 
-2.8633801937103271484 
0.41481608152389526367 
0.33835944533348083496 
0.049356613308191299438 
0.46564155817031860352 
-0.79832673072814941406 
-1.4328155517578125 
10 10 
weights:
1.0679694414138793945 -0.62518441677093505859 -0.43596243858337402344 0.64162158966064453125 -0.39118206501007080078 -0.72864419221878051758 0.89701116085052490234 0.65538257360458374023 0.23050293326377868652 0.32514652609825134277 
-1.6176617145538330078 2.1860189437866210938 -1.1504856348037719727 -1.6944241523742675781 1.5977715253829956055 -0.31823757290840148926 -1.4758112430572509766 -0.064037494361400604248 0.67071050405502319336 1.1464455127716064453 
0.30061772465705871582 -0.9231402277946472168 1.084153294563293457 0.85834687948226928711 -0.1209699288010597229 0.52782851457595825195 0.43249031901359558105 1.1448310613632202148 -0.71778434514999389648 -0.40208271145820617676 
-0.20756135880947113037 -0.49367418885231018066 -1.11933135986328125 0.34212803840637207031 0.72990274429321289062 -1.0578596591949462891 -0.65976238250732421875 -1.226866602897644043 -0.29053163528442382812 1.8250327110290527344 
-0.14576189219951629639 -0.60107833147048950195 -1.4400154352188110352 -0.65125483274459838867 -0.66428256034851074219 -0.45950543880462646484 0.010301328264176845551 -0.72011792659759521484 -0.60907781124114990234 -0.71452820301055908203 
-0.23969443142414093018 0.67684739828109741211 -0.95443642139434814453 0.035375554114580154419 0.58996129035949707031 -0.79048573970794677734 -0.25394162535667419434 -1.0966688394546508789 -0.23909275233745574951 0.72248947620391845703 
0.50417566299438476562 -0.16506406664848327637 -0.23447103798389434814 0.95853304862976074219 0.21410033106803894043 -0.38424479961395263672 -0.34703338146209716797 -0.059722084552049636841 -0.6756610870361328125 -0.90810567140579223633 
-0.239917755126953125 -0.075441315770149230957 -0.20264068245887756348 -0.18095369637012481689 -0.72232699394226074219 -0.44360151886940002441 0.13180331885814666748 -0.23236811161041259766 0.26029604673385620117 -0.069937221705913543701 
0.69973081350326538086 -1.021796107292175293 0.62557995319366455078 1.5098049640655517578 -0.78601831197738647461 0.4157416224479675293 0.96344345808029174805 -0.053862687200307846069 -0.40049526095390319824 -0.39308246970176696777 
0.59437298774719238281 0.42818084359169006348 -0.47353324294090270996 0.98290342092514038086 -1.2233680486679077148 0.4616553187370300293 -1.597126007080078125 0.83166301250457763672 1.104335784912109375 -0.37002253532409667969 
bias:
-0.14212122559547424316 
0.0071346061304211616516 
-0.79403668642044067383 
-0.72934204339981079102 
-0.39687061309814453125 
-0.49705255031585693359 
0.14577718079090118408 
-0.11875788122415542603 
-0.44272783398628234863 
-0.99070405960083007812 
10 1 
weights:
-0.973155975341796875 2.9209358692169189453 -1.8708095550537109375 2.0373094081878662109 1.7082248926162719727 1.4538644552230834961 -0.64375066757202148438 -0.030437584966421127319 -2.1878490447998046875 2.1239430904388427734 
bias:
-0.22178785502910614014 
