1 10 
weights:
-0.73224169015884399414 
0.50924277305603027344 
-0.37562584877014160156 
0.46346873044967651367 
0.54781252145767211914 
1.4639475345611572266 
-0.43935316801071166992 
1.8766052722930908203 
0.94673675298690795898 
1.3586031198501586914 
bias:
-1.9902881383895874023 
-1.1008927822113037109 
-0.46188789606094360352 
-0.95034819841384887695 
1.2631494998931884766 
-1.3500272035598754883 
-0.86814928054809570312 
0.078240163624286651611 
-2.7010035514831542969 
1.4586839675903320312 
10 10 
weights:
0.92861086130142211914 -0.70891517400741577148 1.4646878242492675781 -0.015302593819797039032 -1.334490656852722168 1.2009676694869995117 0.4588527381420135498 0.48743721842765808105 -0.67910492420196533203 0.90156227350234985352 
-0.66944098472595214844 1.2232805490493774414 -1.0721508264541625977 0.65790200233459472656 0.8473822474479675293 -1.1848253011703491211 -0.43915829062461853027 -0.80533951520919799805 2.2436473369598388672 -1.2936511039733886719 
1.6798274517059326172 -0.54717671871185302734 0.56854104995727539062 -0.9432976841926574707 -1.9835534095764160156 2.2377018928527832031 -0.0056768613867461681366 1.2014218568801879883 -1.367991328239440918 0.47667455673217773438 
0.69434398412704467773 -0.76827341318130493164 0.17886149883270263672 -0.47473192214965820312 -0.4804522097110748291 0.084490455687046051025 0.60024690628051757812 0.055976971983909606934 -9.886880434351041913e-05 0.70312982797622680664 
-0.42772352695465087891 -0.33331400156021118164 0.3499241173267364502 -0.60175150632858276367 -1.1188826560974121094 0.36140528321266174316 1.3628982305526733398 -0.33819681406021118164 0.32968729734420776367 0.21985858678817749023 
-0.17779228091239929199 0.48935997486114501953 -1.0375493764877319336 -0.16787678003311157227 0.45010963082313537598 0.70753061771392822266 0.53653395175933837891 0.98906409740447998047 1.3332283496856689453 1.8416638374328613281 
0.023673556745052337646 0.52972519397735595703 -0.68587183952331542969 0.4631226956844329834 -0.74252676963806152344 0.12878362834453582764 -0.020970974117517471313 0.51881235837936401367 0.57316994667053222656 -0.35750406980514526367 
-0.65798872709274291992 -0.76589107513427734375 -0.64055114984512329102 0.43076804280281066895 0.41362896561622619629 -0.79028296470642089844 -0.49912929534912109375 0.02032928168773651123 0.80848771333694458008 -0.64778208732604980469 
-0.70459794998168945312 1.6397497653961181641 -0.36990281939506530762 0.88228273391723632812 1.3441233634948730469 0.3739312291145324707 -0.16416609287261962891 -0.071304179728031158447 0.57761603593826293945 0.1948413550853729248 
0.69596385955810546875 1.0396184921264648438 0.17357932031154632568 -0.095827385783195495605 -0.2480462193489074707 0.76778429746627807617 -0.33486068248748779297 0.58105492591857910156 0.56802207231521606445 1.1590162515640258789 
bias:
-1.4308637380599975586 
-0.064979501068592071533 
-0.65678495168685913086 
-0.67024439573287963867 
-0.89336287975311279297 
-0.73909354209899902344 
-1.1759486198425292969 
-0.04792882874608039856 
0.48357439041137695312 
-1.0222376585006713867 
10 1 
weights:
1.9534945487976074219 -2.697723388671875 2.7347352504730224609 0.9545853734016418457 0.76200032234191894531 1.8872289657592773438 -0.35204064846038818359 -0.91078203916549682617 -1.6508591175079345703 1.1280598640441894531 
bias:
-1.8708068132400512695 
