1 10 
weights:
1.6985576152801513672 
-0.52711248397827148438 
-1.4894039630889892578 
-0.51416486501693725586 
1.5285351276397705078 
1.9047021865844726562 
0.71614134311676025391 
-0.64327710866928100586 
0.41463795304298400879 
0.57216691970825195312 
bias:
-2.1913790702819824219 
-1.237274169921875 
-1.7013529539108276367 
-1.1146811246871948242 
1.1241334676742553711 
-0.35839480161666870117 
-1.9345777034759521484 
-1.7127693891525268555 
0.37393856048583984375 
-1.2564224004745483398 
10 10 
weights:
-1.1528472900390625 1.2077361345291137695 1.0495454072952270508 0.21098041534423828125 -0.0151824951171875 -0.59647601842880249023 0.42276352643966674805 0.78133207559585571289 -1.149684906005859375 -1.3424772024154663086 
1.327911376953125 1.0944830179214477539 -1.0788236856460571289 0.7314612269401550293 1.1968822479248046875 0.3901996612548828125 -1.916263580322265625 0.96693533658981323242 -1.6011536121368408203 -1.2180083990097045898 
1.0034650564193725586 0.51904028654098510742 -0.79235851764678955078 0.69567382335662841797 -0.031853385269641876221 0.96238112449645996094 -0.96707236766815185547 1.0954204797744750977 -1.0061918497085571289 -1.4436515569686889648 
-0.36917611956596374512 -0.33585390448570251465 0.21911086142063140869 -0.74162471294403076172 -0.77307397127151489258 -0.71341365575790405273 1.008385777473449707 -0.43533125519752502441 1.0186351537704467773 0.6764971613883972168 
-0.30206668376922607422 -0.36496195197105407715 0.21988317370414733887 -0.49970886111259460449 -0.31622073054313659668 -0.12308429181575775146 0.075164504349231719971 -0.10205165296792984009 -0.71470403671264648438 -0.31573939323425292969 
1.2913755178451538086 0.72858816385269165039 -1.0566117763519287109 1.4720519781112670898 0.23823937773704528809 1.5208030939102172852 -1.5799530744552612305 1.5769444704055786133 -1.1724904775619506836 -1.2654726505279541016 
0.59700763225555419922 0.93736439943313598633 0.10605929791927337646 0.098507128655910491943 0.85868465900421142578 0.95127761363983154297 0.31545934081077575684 0.64326840639114379883 -0.48122310638427734375 0.40626001358032226562 
-1.2269970178604125977 -0.01869312673807144165 -0.37937185168266296387 0.43286103010177612305 -0.09826233983039855957 -0.90063428878784179688 -0.59470218420028686523 0.049066256731748580933 -0.62552732229232788086 -0.45586156845092773438 
-1.7604025602340698242 -0.19378446042537689209 0.045859780162572860718 -1.0556545257568359375 -2.1435101032257080078 -0.6876799464225769043 -1.2968862056732177734 -0.83440303802490234375 -1.6602913141250610352 -0.63266098499298095703 
-0.17627820372581481934 -0.29420956969261169434 -0.45437577366828918457 0.51349502801895141602 -0.15424777567386627197 0.201795920729637146 -1.1336741447448730469 0.22219018638134002686 -0.1332699209451675415 -0.30827796459197998047 
bias:
-0.19933383166790008545 
0.11320162564516067505 
-0.41950377821922302246 
-0.12028399109840393066 
-1.3610737323760986328 
-0.91918975114822387695 
0.18617729842662811279 
-1.0540964603424072266 
-1.8268971443176269531 
-0.29700058698654174805 
10 1 
weights:
-0.97432053089141845703 2.7191529273986816406 1.9513746500015258789 -1.5886745452880859375 -0.47470104694366455078 2.5710060596466064453 2.1999952793121337891 0.58270674943923950195 1.5901448726654052734 0.6536801457405090332 
bias:
-4.2884960174560546875 
