1 10 
weights:
-0.42218723893165588379 
0.65169507265090942383 
1.7033247947692871094 
1.8679277896881103516 
0.50311601161956787109 
1.5321435928344726562 
0.71441739797592163086 
2.02439117431640625 
0.64012771844863891602 
0.42511898279190063477 
bias:
0.1320342719554901123 
-1.6174434423446655273 
-2.0267395973205566406 
0.64423799514770507812 
0.65186226367950439453 
1.9779031276702880859 
1.8052209615707397461 
-0.30449390411376953125 
-1.6343206167221069336 
0.040713239461183547974 
10 10 
weights:
-1.3127323389053344727 0.74895292520523071289 0.92605394124984741211 -0.49128693342208862305 0.46910375356674194336 -1.0229616165161132812 0.63732308149337768555 -0.65661579370498657227 -0.7493508458137512207 -0.99703299999237060547 
-0.16570739448070526123 -0.38044771552085876465 1.5119971036911010742 0.40713727474212646484 -1.2726213932037353516 -0.042024832218885421753 -0.21339072287082672119 -0.65156221389770507812 -0.22252218425273895264 -0.62715238332748413086 
-1.2090793848037719727 1.9807174205780029297 -0.94316446781158447266 -1.3628618717193603516 1.0040755271911621094 -2.1704983711242675781 1.701140284538269043 -0.80116415023803710938 1.755656123161315918 1.4941033124923706055 
0.58861792087554931641 0.35335400700569152832 -0.31262281537055969238 -0.43799197673797607422 -0.29063022136688232422 0.14978590607643127441 -1.1751121282577514648 -0.41676199436187744141 -0.66621059179306030273 -0.069675944745540618896 
0.29114219546318054199 0.033726986497640609741 -0.19795528054237365723 0.17670868337154388428 -0.64604866504669189453 -0.046469572931528091431 -0.72279363870620727539 -0.55883711576461791992 -0.32161289453506469727 -0.96690338850021362305 
-0.97517687082290649414 -0.18674415349960327148 1.8831646442413330078 0.20730707049369812012 -0.35190078616142272949 1.2777090072631835938 -0.32849386334419250488 0.52674412727355957031 0.45600405335426330566 -0.24288065731525421143 
-1.4925626516342163086 0.31636318564414978027 -1.496468663215637207 -0.92378103733062744141 2.1091983318328857422 -0.50341701507568359375 1.6308238506317138672 -1.1230678558349609375 1.1729654073715209961 0.60564470291137695312 
-0.69025784730911254883 -0.048165921121835708618 0.063820526003837585449 0.31868290901184082031 -0.30263385176658630371 -0.71931779384613037109 0.07717625051736831665 -0.049403853714466094971 0.36390617489814758301 -0.44049370288848876953 
-0.86638027429580688477 -0.25578418374061584473 0.80484610795974731445 -0.52987790107727050781 0.32987043261528015137 -0.49329870939254760742 -0.24765104055404663086 -0.37288463115692138672 -0.19077257812023162842 0.7614453434944152832 
0.66006374359130859375 -1.1850961446762084961 -0.04623212665319442749 0.34977191686630249023 0.042157430201768875122 0.090500414371490478516 -1.0382543802261352539 0.89374774694442749023 -0.62450873851776123047 -0.68527734279632568359 
bias:
0.13119766116142272949 
-0.30948188900947570801 
-0.94658237695693969727 
-0.037761650979518890381 
-1.8605273962020874023 
-1.1414749622344970703 
-0.11162959039211273193 
-0.89538294076919555664 
-0.87455445528030395508 
-0.44573709368705749512 
10 1 
weights:
-0.57569038867950439453 1.0969061851501464844 -3.6262159347534179688 1.1304457187652587891 0.66811954975128173828 1.7610700130462646484 -2.5572652816772460938 -0.28374063968658447266 -0.49102702736854553223 1.5702017545700073242 
bias:
1.1688109636306762695 
