1 10 
weights:
0.4468472898006439209 
0.51792657375335693359 
-0.48193985223770141602 
2.0549602508544921875 
-0.50243437290191650391 
0.47682270407676696777 
-1.6337777376174926758 
0.43521508574485778809 
1.5603662729263305664 
0.42300128936767578125 
bias:
0.45519578456878662109 
-1.193266749382019043 
-0.83065658807754516602 
0.0056291683577001094818 
-1.0038840770721435547 
-0.84064590930938720703 
-1.7776501178741455078 
-0.58910971879959106445 
-1.6222510337829589844 
-0.54803735017776489258 
10 10 
weights:
-0.88229656219482421875 -0.0012210153508931398392 0.38997438549995422363 0.21485798060894012451 0.6608054041862487793 -0.70078653097152709961 -0.9872677922248840332 -0.24500702321529388428 0.36129993200302124023 -0.83432328701019287109 
-0.60772126913070678711 -1.0798476934432983398 0.72383046150207519531 0.67868453264236450195 -0.23627384006977081299 0.046575408428907394409 -0.90719217061996459961 -0.29805088043212890625 0.62602633237838745117 -1.1966161727905273438 
-1.1095826625823974609 0.019626608118414878845 0.82791340351104736328 0.7702115178108215332 0.49128332734107971191 -0.53064316511154174805 -0.2873579859733581543 -0.5337492823600769043 0.18756449222564697266 0.51209104061126708984 
1.2448614835739135742 1.4353736639022827148 -1.6464687585830688477 -1.0039572715759277344 -2.0390071868896484375 1.2395557165145874023 2.4960920810699462891 1.2646404504776000977 -2.3985219001770019531 1.0188874006271362305 
-0.36048296093940734863 0.27754312753677368164 -0.42694827914237976074 -1.3038772344589233398 -0.80360817909240722656 0.41902345418930053711 0.53224551677703857422 0.60892349481582641602 -0.49636474251747131348 0.036778148263692855835 
-0.93496930599212646484 -1.342764735221862793 0.96713113784790039062 -0.22126871347427368164 0.66077703237533569336 -0.093107447028160095215 -0.7437718510627746582 -0.74818271398544311523 2.2247660160064697266 -1.0691494941711425781 
0.70696139335632324219 0.10694873332977294922 0.24624705314636230469 -0.10543795675039291382 0.18206615746021270752 0.96379673480987548828 0.56928765773773193359 0.046875149011611938477 -0.39125669002532958984 0.22874838113784790039 
0.3871288299560546875 0.55250650644302368164 1.297129511833190918 0.37770235538482666016 0.54347133636474609375 0.49511757493019104004 0.066855572164058685303 0.12188982218503952026 0.82578313350677490234 0.32964992523193359375 
-0.74021536111831665039 0.84601616859436035156 0.17414082586765289307 -0.85279279947280883789 -0.10970234125852584839 -0.97144448757171630859 -1.2832790613174438477 -0.72804307937622070312 0.77839446067810058594 -0.37070101499557495117 
-0.81525093317031860352 -1.2423372268676757812 0.41001296043395996094 1.2579374313354492188 0.76471388339996337891 -1.227020263671875 -0.99006354808807373047 -0.96260774135589599609 1.3621979951858520508 -0.66214740276336669922 
bias:
0.0011650981614366173744 
-0.077299557626247406006 
0.37196177244186401367 
-0.81409353017807006836 
-0.3136367499828338623 
-0.27127474546432495117 
-0.30446407198905944824 
0.18563550710678100586 
0.042026270180940628052 
0.55883657932281494141 
10 1 
weights:
1.1451460123062133789 1.1891456842422485352 1.2614864110946655273 -3.14087677001953125 -0.92595779895782470703 1.909457087516784668 -1.1325974464416503906 2.0553047657012939453 0.79000717401504516602 1.967371821403503418 
bias:
-2.2506070137023925781 
