1 10 
weights:
-0.99954444169998168945 
-0.67595154047012329102 
1.4690775871276855469 
0.77935969829559326172 
-0.76011979579925537109 
-0.90681445598602294922 
0.60435712337493896484 
1.8759410381317138672 
0.54884833097457885742 
0.73959052562713623047 
bias:
2.2074575424194335938 
1.1266227960586547852 
-0.44621542096138000488 
1.6243976354598999023 
1.5393444299697875977 
0.026421347633004188538 
0.66475242376327514648 
1.4744657278060913086 
0.15569816529750823975 
1.2246534824371337891 
10 10 
weights:
-0.068542584776878356934 -0.7904027104377746582 -0.32744127511978149414 3.2054829597473144531 -0.41328868269920349121 -0.29810976982116699219 1.9768586158752441406 1.0844713449478149414 1.7656160593032836914 1.9384313821792602539 
0.30276018381118774414 0.092049427330493927002 -0.017919419333338737488 0.3096835017204284668 0.44459804892539978027 -0.15117543935775756836 0.038130164146423339844 -0.0538519248366355896 -0.66833311319351196289 -0.6763789057731628418 
0.41945812106132507324 -0.82832920551300048828 0.30842253565788269043 -0.10555689781904220581 -0.43188875913619995117 0.048706352710723876953 -0.13282765448093414307 -0.42808318138122558594 -0.67115020751953125 -0.38947939872741699219 
0.060906466096639633179 0.085900455713272094727 0.75320714712142944336 -0.58295035362243652344 0.33683621883392333984 -0.053046364337205886841 -0.24654249846935272217 0.19465604424476623535 -0.4492397010326385498 0.29958689212799072266 
0.60983484983444213867 0.04155186191201210022 -0.0019771165680140256882 -0.90591335296630859375 -0.65672689676284790039 0.38720494508743286133 -0.050201550126075744629 -1.1028984785079956055 -0.37615594267845153809 0.30720892548561096191 
-2.2044613361358642578 -0.58777761459350585938 1.3604846000671386719 0.20174027979373931885 -0.32070675492286682129 -0.38706105947494506836 0.44506791234016418457 0.34959396719932556152 1.6667566299438476562 0.71262186765670776367 
0.1335515826940536499 0.039696328341960906982 0.16798909008502960205 -0.54608130455017089844 -0.12506176531314849854 -0.038605459034442901611 0.53429400920867919922 -0.31773775815963745117 -0.49305361509323120117 -0.24284261465072631836 
-1.495136260986328125 0.065170168876647949219 1.1912920475006103516 0.65617716312408447266 -0.31658628582954406738 -0.87751257419586181641 0.52484673261642456055 1.146386265754699707 0.37616342306137084961 0.2616520226001739502 
-0.54497152566909790039 -0.89846265316009521484 -0.21308593451976776123 0.8100445866584777832 -0.88302749395370483398 -0.3509566187858581543 1.2866073846817016602 -1.2377934455871582031 0.72571808099746704102 -0.47704470157623291016 
1.9370900392532348633 2.0836057662963867188 -0.014845831319689750671 -0.65220701694488525391 2.3781924247741699219 0.50216752290725708008 -0.26391446590423583984 0.80852246284484863281 -1.1267088651657104492 -0.48537266254425048828 
bias:
-0.30620625615119934082 
0.0082347961142659187317 
-0.12333238869905471802 
-0.79560625553131103516 
0.13681577146053314209 
-0.59731143712997436523 
-0.41870638728141784668 
-0.26180195808410644531 
-0.23744890093803405762 
-0.011684340424835681915 
10 1 
weights:
-3.5064764022827148438 0.35102126002311706543 -0.31072211265563964844 0.37578970193862915039 -0.68999105691909790039 2.0491464138031005859 -0.1917470097541809082 1.3080246448516845703 -1.6957738399505615234 2.9273195266723632812 
bias:
-0.67909377813339233398 
