1 10 
weights:
-0.66750544309616088867 
0.38071903586387634277 
1.2446379661560058594 
1.3242778778076171875 
0.38236129283905029297 
0.58887726068496704102 
0.36758440732955932617 
0.35324254631996154785 
0.48209774494171142578 
0.35302612185478210449 
bias:
-1.8154176473617553711 
-0.69265973567962646484 
0.89529389142990112305 
-0.99000310897827148438 
-0.89833629131317138672 
-1.5248533487319946289 
0.16986919939517974854 
0.18345949053764343262 
-1.1261335611343383789 
-0.15767595171928405762 
10 10 
weights:
-0.40754291415214538574 -0.12928187847137451172 -0.32996657490730285645 -0.11062464118003845215 0.031303271651268005371 0.74700331687927246094 -0.57018202543258666992 0.1201394498348236084 0.10344729572534561157 -0.36745318770408630371 
0.56611436605453491211 -0.73138988018035888672 0.28503540158271789551 -0.23347605764865875244 -1.4500470161437988281 -0.072322532534599304199 -1.1673431396484375 -0.15789042413234710693 -0.20633618533611297607 -0.084437675774097442627 
-0.38025209307670593262 0.76392376422882080078 -0.38842856884002685547 -0.37852227687835693359 0.96275120973587036133 0.42166021466255187988 0.9133116602897644043 0.93543493747711181641 0.21188075840473175049 1.4000469446182250977 
0.18934245407581329346 -0.24798180162906646729 -0.58939450979232788086 -1.0382399559020996094 -0.20428296923637390137 -0.076395429670810699463 0.0077671268954873085022 0.41679933667182922363 -0.18324960768222808838 0.086330451071262359619 
-0.87932282686233520508 1.628661036491394043 -2.5984184741973876953 -2.1270554065704345703 0.34365254640579223633 1.1576269865036010742 0.6162993311882019043 1.6787531375885009766 1.6701445579528808594 0.79462772607803344727 
-1.5176062583923339844 -0.16248102486133575439 -1.8959717750549316406 -0.5115382075309753418 0.45268321037292480469 0.21699340641498565674 0.91017168760299682617 0.76896536350250244141 0.4892819523811340332 -0.29787674546241760254 
0.94093459844589233398 -0.16049265861511230469 1.125766754150390625 1.4617600440979003906 -0.59075540304183959961 -0.18463011085987091064 -1.0458872318267822266 -0.45649731159210205078 -0.2672011256217956543 -0.41004493832588195801 
-1.1385252475738525391 -0.26304504275321960449 0.38526988029479980469 1.4704338312149047852 0.044120956212282180786 0.15471716225147247314 0.30661445856094360352 -0.44927623867988586426 -0.64361900091171264648 -0.87801748514175415039 
-0.33805063366889953613 -0.10088866949081420898 -1.7461723089218139648 -0.53548514842987060547 0.53687006235122680664 0.75656360387802124023 0.31490889191627502441 -0.094520561397075653076 1.1927858591079711914 0.3547878563404083252 
1.725727081298828125 -0.78414046764373779297 1.8474642038345336914 2.2571241855621337891 -0.55136418342590332031 -1.0726647377014160156 -0.82687705755233764648 -0.64417099952697753906 -0.49867174029350280762 -0.85447591543197631836 
bias:
-0.88258403539657592773 
-0.22127208113670349121 
-0.14432547986507415771 
-0.68930536508560180664 
-0.8315525054931640625 
0.14530202746391296387 
-0.88796222209930419922 
-0.83090490102767944336 
-0.46891343593597412109 
-0.33047220110893249512 
10 1 
weights:
-0.21328304708003997803 0.91038888692855834961 -2.2349913120269775391 -0.47490939497947692871 -3.1619358062744140625 -1.5483262538909912109 1.7233498096466064453 0.83959382772445678711 -1.1514786481857299805 3.3123695850372314453 
bias:
1.6258414983749389648 
