1 10 
weights:
1.2032213211059570312 
0.57103079557418823242 
0.9422391057014465332 
0.45608818531036376953 
0.44204375147819519043 
0.38381743431091308594 
-1.2821251153945922852 
-1.1375875473022460938 
0.69711107015609741211 
-1.4466065168380737305 
bias:
-0.26920816302299499512 
0.56900775432586669922 
-3.0394747257232666016 
-0.73333215713500976562 
-0.41023436188697814941 
-0.57053375244140625 
1.3967849016189575195 
-2.9029545783996582031 
-2.0389106273651123047 
0.090437717735767364502 
10 10 
weights:
0.43979004025459289551 -1.0839889049530029297 0.090325646102428436279 -1.0965034961700439453 -0.83323502540588378906 -0.37830710411071777344 0.57818543910980224609 0.73791527748107910156 -0.45441544055938720703 0.27382078766822814941 
0.11912202835083007812 -0.89765179157257080078 -0.47407168149948120117 -0.45100966095924377441 -0.68783438205718994141 0.1492182612419128418 -0.14258889853954315186 -1.0434136390686035156 0.3782221376895904541 -0.052760310471057891846 
-1.6064121723175048828 -2.1412031650543212891 -0.40397444367408752441 -1.3184570074081420898 -1.2791067361831665039 -0.52931386232376098633 1.8525434732437133789 1.3514134883880615234 -0.40188479423522949219 0.19292184710502624512 
0.25912672281265258789 0.21426643431186676025 -1.179123997688293457 -0.27948066592216491699 0.12733384966850280762 -0.39999806880950927734 -0.97266376018524169922 0.94262099266052246094 -1.3010505437850952148 -1.5744456052780151367 
-0.20771518349647521973 0.83435040712356567383 0.20801313221454620361 0.95051771402359008789 0.37070834636688232422 0.060827650129795074463 0.57919049263000488281 0.096270762383937835693 0.36600375175476074219 0.55543434619903564453 
-0.49330416321754455566 0.3071695864200592041 1.2398096323013305664 0.45301592350006103516 0.10897853225469589233 0.32710587978363037109 1.2204946279525756836 0.92894273996353149414 1.2679401636123657227 0.74164777994155883789 
-0.072971008718013763428 0.17800058424472808838 1.3706136941909790039 0.25818485021591186523 0.83353090286254882812 -0.13164345920085906982 0.26674422621726989746 -0.96710616350173950195 -0.35729387402534484863 0.18250824511051177979 
0.13410542905330657959 -0.44627663493156433105 -0.60017359256744384766 -1.0934189558029174805 -1.1203545331954956055 -0.030810212716460227966 -0.90615516901016235352 0.99707508087158203125 0.14179030060768127441 0.045892998576164245605 
0.33543434739112854004 -1.1152181625366210938 -0.73522371053695678711 -0.72599935531616210938 -0.0644359588623046875 -1.0995452404022216797 -1.2784225940704345703 2.8774089813232421875 0.022719858214259147644 -0.063206858932971954346 
-0.074667766690254211426 0.52950400114059448242 0.78798139095306396484 0.72498995065689086914 -0.39287239313125610352 -0.20019748806953430176 -0.17161703109741210938 0.040852494537830352783 0.92872297763824462891 0.26519888639450073242 
bias:
-1.034465789794921875 
-0.58190125226974487305 
0.088156580924987792969 
0.31021425127983093262 
0.18239776790142059326 
-1.1469937562942504883 
-0.5057659149169921875 
0.25310435891151428223 
-0.24774338304996490479 
-0.88728994131088256836 
10 1 
weights:
0.96778076887130737305 0.38447329401969909668 -2.3812954425811767578 3.2375862598419189453 -0.56632429361343383789 -3.0655558109283447266 -1.5250787734985351562 2.2050828933715820312 2.9855332374572753906 -1.3090317249298095703 
bias:
2.8598651885986328125 
