1 10 
weights:
1.7036535739898681641 
0.89996397495269775391 
0.5009701848030090332 
0.49775978922843933105 
0.49384349584579467773 
1.7069457769393920898 
2.0446188449859619141 
0.88302624225616455078 
0.49421301484107971191 
1.8074802160263061523 
bias:
2.0199973583221435547 
-2.6391141414642333984 
-0.69011092185974121094 
-0.33855646848678588867 
-0.18241325020790100098 
-2.0085759162902832031 
0.33746406435966491699 
2.3393378257751464844 
-0.50672709941864013672 
-0.56966817378997802734 
10 10 
weights:
-0.19347165524959564209 0.11324044317007064819 0.58169692754745483398 0.75640451908111572266 0.2057307511568069458 0.074723675847053527832 -0.022236496210098266602 0.75864553451538085938 0.77857482433319091797 -0.74966502189636230469 
0.030912930145859718323 0.56932789087295532227 -0.48983103036880493164 -0.10717806965112686157 -0.081098139286041259766 -0.17621529102325439453 -0.50436818599700927734 0.20563711225986480713 -0.73063558340072631836 -0.084367118775844573975 
1.9708795547485351562 -1.2912554740905761719 -1.0985029935836791992 -0.12534043192863464355 -1.5629698038101196289 1.9240310192108154297 0.78347855806350708008 -1.6631642580032348633 -1.1703593730926513672 0.55417144298553466797 
0.90777993202209472656 -1.4771445989608764648 -0.60714751482009887695 -1.0791481733322143555 -1.0993584394454956055 1.4034675359725952148 1.2037227153778076172 -0.3900114893913269043 -1.3036493062973022461 0.63272023200988769531 
-0.34845420718193054199 -0.0045786704868078231812 -0.54720383882522583008 -0.040816251188516616821 -0.6096591949462890625 0.19633977115154266357 -0.47135880589485168457 -0.036223363131284713745 -0.35258650779724121094 0.18104429543018341064 
-1.0775694847106933594 -0.3209044337272644043 -0.68023461103439331055 0.16870351135730743408 -0.55725270509719848633 0.52821213006973266602 0.33458361029624938965 0.56758111715316772461 -0.79073137044906616211 0.13303519785404205322 
-0.44182488322257995605 0.17391741275787353516 -0.34926757216453552246 0.8400776982307434082 0.28844761848449707031 0.55472218990325927734 -0.2358426898717880249 -0.83565545082092285156 -0.76177901029586791992 0.51943576335906982422 
-0.016083972528576850891 -0.044061429798603057861 -1.1379833221435546875 -1.3274589776992797852 -1.176720738410949707 -0.45646706223487854004 0.018778407946228981018 -1.1542912721633911133 -0.59974265098571777344 -0.17706787586212158203 
0.11183892935514450073 0.88055723905563354492 0.19481092691421508789 0.13464422523975372314 0.75525838136672973633 -0.2784557640552520752 0.25997710227966308594 0.74203020334243774414 0.15655176341533660889 -1.0040073394775390625 
1.5463503599166870117 -1.0672681331634521484 -0.62777554988861083984 -0.25114408135414123535 -0.63373166322708129883 0.77605670690536499023 0.35141384601593017578 -1.6639940738677978516 -1.0996330976486206055 0.53071773052215576172 
bias:
-0.012451899237930774689 
-0.85454708337783813477 
0.87986582517623901367 
0.3489691317081451416 
-0.65894091129302978516 
-0.43087026476860046387 
-0.63430261611938476562 
-0.41072785854339599609 
-0.1151663362979888916 
-0.22545957565307617188 
10 1 
weights:
-1.4038878679275512695 0.044628158211708068848 3.7829577922821044922 1.976166844367980957 0.12779690325260162354 0.19356067478656768799 0.12017391622066497803 2.1123247146606445312 -1.2200720310211181641 1.8417187929153442383 
bias:
-1.9805434942245483398 
