1 10 
weights:
1.0828880071640014648 
0.51359617710113525391 
1.2348848581314086914 
1.1592271327972412109 
-1.2230025529861450195 
-1.1117936372756958008 
0.4143409430980682373 
0.70673060417175292969 
0.40409749746322631836 
1.2538254261016845703 
bias:
2.8884346485137939453 
0.31494116783142089844 
-0.59376311302185058594 
-3.2843670845031738281 
0.36177006363868713379 
0.49007174372673034668 
-0.66393858194351196289 
1.1203953027725219727 
-0.47178253531455993652 
0.85029357671737670898 
10 10 
weights:
-0.48845493793487548828 0.2249336540699005127 0.2419653087854385376 0.81390970945358276367 -0.087259188294410705566 -0.67796277999877929688 -0.83417534828186035156 -0.98556864261627197266 -0.37491568922996520996 -0.37109738588333129883 
-1.127994537353515625 -0.67356497049331665039 1.5428584814071655273 -1.4887723922729492188 -0.58659130334854125977 -0.7994403839111328125 -0.58904147148132324219 -0.98854184150695800781 -0.35387155413627624512 1.5299251079559326172 
0.058502871543169021606 0.028618127107620239258 -0.88927406072616577148 -0.2919533848762512207 -0.46423611044883728027 0.21720030903816223145 -0.35014203190803527832 -0.30300348997116088867 -0.24789543449878692627 -0.76295739412307739258 
-0.79724365472793579102 -0.87748724222183227539 -0.36517545580863952637 -0.37714102864265441895 -1.2510011196136474609 -0.70146697759628295898 -0.73501002788543701172 -1.837046504020690918 -0.5954119563102722168 -0.22616149485111236572 
1.7830336093902587891 0.60144674777984619141 0.86165273189544677734 0.087876282632350921631 -0.76680910587310791016 -0.52289688587188720703 0.1829907149076461792 1.9919813871383666992 0.62237489223480224609 1.0896623134613037109 
-0.17639122903347015381 -0.094581261277198791504 -0.43857729434967041016 0.038203138858079910278 0.27319201827049255371 -0.50495827198028564453 -0.92922997474670410156 -0.82590860128402709961 -0.60829597711563110352 0.77481138706207275391 
-1.3874207735061645508 0.18036819994449615479 1.7320415973663330078 -2.3580908775329589844 0.17324046790599822998 0.73594784736633300781 -1.0792820453643798828 -0.75791138410568237305 -0.42341315746307373047 2.9763309955596923828 
-0.82450586557388305664 -0.72620564699172973633 0.69863146543502807617 -0.55433940887451171875 -0.73769038915634155273 -0.55782330036163330078 -1.002701878547668457 -0.070471026003360748291 -0.88659840822219848633 0.77956497669219970703 
-0.4896068871021270752 0.12430527806282043457 0.093675792217254638672 1.1200219392776489258 -0.048953242599964141846 -0.68474757671356201172 0.17375585436820983887 0.11407781392335891724 0.010652817785739898682 -0.65600192546844482422 
-0.78306847810745239258 -0.60971850156784057617 -0.52371031045913696289 0.13543927669525146484 -0.62748181819915771484 -0.75116974115371704102 -0.33821183443069458008 -0.099879279732704162598 -0.44685190916061401367 0.20573635399341583252 
bias:
-1.498989105224609375 
0.76232260465621948242 
-0.17118778824806213379 
-1.2336282730102539062 
0.4674244225025177002 
-1.371058344841003418 
-0.077798053622245788574 
1.0166738033294677734 
-0.66500878334045410156 
-0.091330312192440032959 
10 1 
weights:
-0.08566605299711227417 2.9625673294067382812 -0.2816976010799407959 0.97739499807357788086 -2.1795215606689453125 0.2886931002140045166 3.028049468994140625 1.6188971996307373047 -0.43013727664947509766 1.0148746967315673828 
bias:
-1.140805363655090332 
