1 10 
weights:
0.45600745081901550293 
0.47999617457389831543 
1.350561976432800293 
1.4905936717987060547 
0.40289852023124694824 
1.0396534204483032227 
-0.46090304851531982422 
1.369660496711730957 
0.99471247196197509766 
0.66596931219100952148 
bias:
-0.016797628253698348999 
-0.023171566426753997803 
0.15339253842830657959 
-1.2202105522155761719 
-0.032505847513675689697 
-2.67333221435546875 
-0.062352426350116729736 
1.0158182382583618164 
2.3637592792510986328 
-1.4449666738510131836 
10 10 
weights:
-0.31420820951461791992 0.0041027823463082313538 1.3035311698913574219 1.2958191633224487305 -0.89788353443145751953 -0.18327413499355316162 -0.089520715177059173584 0.6411278843879699707 -0.53796327114105224609 0.50162118673324584961 
-0.64202547073364257812 -1.1724298000335693359 1.2207788228988647461 0.79103940725326538086 -0.85063880681991577148 0.091050118207931518555 0.64051133394241333008 -0.25197824835777282715 0.56426870822906494141 0.084895446896553039551 
0.42819514870643615723 -0.34384739398956298828 -0.0092293443158268928528 0.046564742922782897949 1.0551956892013549805 0.64621961116790771484 0.36770278215408325195 0.77104210853576660156 -0.42121407389640808105 0.92707747220993041992 
-0.23982778191566467285 -0.72046601772308349609 0.8734658360481262207 1.1545727252960205078 -0.81621462106704711914 -2.7625303268432617188 1.319684147834777832 1.5374242067337036133 -0.13126270473003387451 -0.9768746495246887207 
0.8293774724006652832 0.44061830639839172363 -1.0265449285507202148 -0.76944309473037719727 0.29178524017333984375 1.5182441473007202148 -1.085600733757019043 -0.99848735332489013672 0.18894496560096740723 0.79189062118530273438 
0.79624521732330322266 1.4531817436218261719 0.75325483083724975586 0.62184870243072509766 0.14399997889995574951 0.95543777942657470703 -1.0948367118835449219 0.81688088178634643555 3.1464982032775878906 0.88541650772094726562 
0.13390210270881652832 0.64813208580017089844 0.27084389328956604004 -0.23756247758865356445 0.31977051496505737305 0.28654247522354125977 -0.37588655948638916016 -0.33868721127510070801 0.42458707094192504883 1.4773179292678833008 
0.71552443504333496094 0.89058291912078857422 -1.1400910615921020508 -1.1726016998291015625 0.26895469427108764648 -0.14975529909133911133 -0.025207273662090301514 -1.208207249641418457 -0.043588049709796905518 0.7095807194709777832 
1.0646886825561523438 -0.69309782981872558594 -0.2722422182559967041 -0.032515201717615127563 0.31082651019096374512 -0.062356021255254745483 -0.69773459434509277344 0.069522984325885772705 -0.3417326807975769043 0.63267916440963745117 
0.2264509350061416626 -0.8638318181037902832 -0.14059144258499145508 -0.0051613044925034046173 -0.071293808519840240479 -0.30546307563781738281 0.25346636772155761719 -0.53343164920806884766 -0.31636536121368408203 0.65244096517562866211 
bias:
-1.01010894775390625 
-0.98364281654357910156 
0.35502105951309204102 
0.35661184787750244141 
-0.40460494160652160645 
0.072133533656597137451 
-0.29845079779624938965 
0.32200300693511962891 
-1.3899030685424804688 
-0.50962567329406738281 
10 1 
weights:
2.1893794536590576172 0.96545648574829101562 0.09149561077356338501 2.8827202320098876953 -1.7460778951644897461 -3.4554133415222167969 0.071153536438941955566 -1.6870601177215576172 -0.23165729641914367676 -0.045407894998788833618 
bias:
0.98388493061065673828 
