1 10 
weights:
0.62575852870941162109 
-0.65106993913650512695 
-0.5035044550895690918 
1.6232583522796630859 
1.9189854860305786133 
0.62010633945465087891 
0.80299282073974609375 
1.510387420654296875 
-0.44395431876182556152 
0.41657182574272155762 
bias:
-1.483233332633972168 
1.5962872505187988281 
-0.99041539430618286133 
-1.7641460895538330078 
-0.15069018304347991943 
-1.5369409322738647461 
2.3094692230224609375 
1.5564620494842529297 
-0.66063010692596435547 
0.17508563399314880371 
10 10 
weights:
-0.7353000640869140625 0.06203955039381980896 0.14356429874897003174 0.29025897383689880371 -0.14810381829738616943 -0.200714111328125 -0.034948471933603286743 -0.0075035067275166511536 -0.31283143162727355957 -0.57103115320205688477 
0.78215295076370239258 -0.53676587343215942383 -0.38663521409034729004 -0.351390838623046875 -1.7074005603790283203 0.84976112842559814453 0.32132712006568908691 -0.12504257261753082275 -0.29150566458702087402 0.34593164920806884766 
0.3045826256275177002 -1.3128052949905395508 -0.054338030517101287842 -0.35478031635284423828 -0.27474451065063476562 0.72806280851364135742 0.64790809154510498047 -1.0002902746200561523 0.52450352907180786133 0.49086201190948486328 
0.95220530033111572266 -1.064226984977722168 -0.3338146507740020752 -0.40287572145462036133 0.37569144368171691895 0.67500859498977661133 -0.17522346973419189453 -1.2251473665237426758 -0.29061740636825561523 0.05422880128026008606 
-0.81046140193939208984 1.2465966939926147461 0.625591278076171875 0.46663406491279602051 1.3240306377410888672 -1.4839923381805419922 -1.2819820642471313477 1.3711336851119995117 0.2190199047327041626 -0.6739508509635925293 
0.38300415873527526855 -0.68982261419296264648 -0.75108128786087036133 -0.83113551139831542969 -0.17431923747062683105 0.88628107309341430664 0.095680505037307739258 -1.1306111812591552734 -0.52321636676788330078 0.98692017793655395508 
-0.47376763820648193359 0.53466403484344482422 0.86358290910720825195 1.1659429073333740234 0.62329983711242675781 -0.29827421903610229492 -1.6769969463348388672 1.8998789787292480469 0.36316713690757751465 -0.41086223721504211426 
0.050118558108806610107 0.34736782312393188477 1.0311980247497558594 0.69117844104766845703 0.5469353795051574707 -0.88405281305313110352 -1.7371022701263427734 0.6025097966194152832 0.84789776802062988281 -0.83125799894332885742 
-0.47032377123832702637 -0.54548436403274536133 0.23255789279937744141 1.6796329021453857422 1.1349890232086181641 -0.2959086298942565918 -1.1770763397216796875 0.25978177785873413086 0.032630331814289093018 -0.96007037162780761719 
0.82231926918029785156 -0.65005528926849365234 -0.52770125865936279297 -0.96968787908554077148 -0.39197212457656860352 0.62214076519012451172 0.69453316926956176758 -0.82967710494995117188 -0.24345900118350982666 0.44746515154838562012 
bias:
-0.49031472206115722656 
-0.0063254483975470066071 
0.21599434316158294678 
0.10027610510587692261 
-0.032843712717294692993 
0.22490990161895751953 
-0.70327425003051757812 
-1.0515375137329101562 
-0.2633399665355682373 
0.028239822015166282654 
10 1 
weights:
0.33640488982200622559 -1.2421418428421020508 -0.73383486270904541016 -0.89260792732238769531 2.6937634944915771484 -1.5303751230239868164 2.3366670608520507812 1.8652945756912231445 1.7668604850769042969 -1.4988344907760620117 
bias:
-2.4104909896850585938 
