1 10 
weights:
0.6286830902099609375 
0.45418772101402282715 
0.46201190352439880371 
1.624934077262878418 
0.45486167073249816895 
0.46293625235557556152 
1.5883250236511230469 
1.8757224082946777344 
0.55229038000106811523 
0.9426104426383972168 
bias:
-1.5711785554885864258 
-0.2427266538143157959 
-0.71523010730743408203 
1.6038435697555541992 
-0.45547705888748168945 
-0.63115537166595458984 
-2.0332541465759277344 
-0.21347862482070922852 
-1.1847443580627441406 
2.5885167121887207031 
10 10 
weights:
-0.11695246398448944092 -0.0063556092791259288788 -0.30451613664627075195 0.44243702292442321777 -0.13918836414813995361 -0.23472261428833007812 -0.058334190398454666138 -0.29025617241859436035 0.57404464483261108398 -0.58334064483642578125 
-0.90576970577239990234 -0.89384496212005615234 -1.2650442123413085938 1.1659375429153442383 -0.53025877475738525391 -0.4802264869213104248 1.0355350971221923828 1.1329632997512817383 -0.32455644011497497559 -1.7491881847381591797 
1.2007431983947753906 0.96662724018096923828 0.4168351292610168457 -2.1102921962738037109 0.65120482444763183594 0.63516306877136230469 -0.35525166988372802734 -0.88609665632247924805 1.2573043107986450195 0.89644128084182739258 
0.38941437005996704102 -0.3553994297981262207 -0.093391947448253631592 0.58654761314392089844 -0.69983029365539550781 0.30402067303657531738 -0.38278633356094360352 -0.22152119874954223633 0.8376610875129699707 -0.59054511785507202148 
-0.049607448279857635498 -0.36561974883079528809 -0.27798452973365783691 -0.37971514463424682617 -0.2953948676586151123 -0.20192016661167144775 0.061399184167385101318 -0.082611568272113800049 -0.20938003063201904297 -0.44570770859718322754 
0.10131678730249404907 -0.71112835407257080078 -1.315959930419921875 0.94524925947189331055 -1.1970413923263549805 -0.66099685430526733398 1.0687493085861206055 1.0015686750411987305 -0.7179101109504699707 -1.9024962186813354492 
1.2871571779251098633 1.0518947839736938477 0.55348849296569824219 -0.7978725433349609375 0.43008834123611450195 0.41705965995788574219 -1.4538815021514892578 -0.73784208297729492188 0.91626393795013427734 0.47708949446678161621 
-0.54443758726119995117 -0.46634045243263244629 -0.7214959263801574707 0.26432445645332336426 -0.47792094945907592773 -1.2008776664733886719 1.691486358642578125 1.2742304801940917969 -1.2966644763946533203 -0.534870147705078125 
-0.54363167285919189453 0.020016059279441833496 0.28038993477821350098 1.1745495796203613281 0.26965367794036865234 0.35153943300247192383 0.76704210042953491211 1.2660065889358520508 -0.24884213507175445557 -0.77829003334045410156 
-0.27859017252922058105 -0.34941765666007995605 -0.11500722169876098633 0.015434789471328258514 -0.07054363936185836792 0.46778917312622070312 0.3098710179328918457 -0.21425786614418029785 0.13347856700420379639 -0.23241613805294036865 
bias:
-0.69327056407928466797 
0.4244772791862487793 
-1.1106712818145751953 
-0.38866797089576721191 
-0.3404185175895690918 
0.59201079607009887695 
0.13540881872177124023 
-0.30238679051399230957 
-0.9184525609016418457 
-0.7315629124641418457 
10 1 
weights:
0.12877345085144042969 2.2354300022125244141 -2.2500605583190917969 0.098348274827003479004 0.35245710611343383789 2.1981728076934814453 -2.6421670913696289062 1.7643791437149047852 1.3683342933654785156 0.034557212144136428833 
bias:
0.17158068716526031494 
