1 10 
weights:
0.52074742317199707031 
1.57843780517578125 
1.2176774740219116211 
0.76811641454696655273 
0.69156879186630249023 
0.63635045289993286133 
-0.7748966217041015625 
-0.48859438300132751465 
0.7690855860710144043 
-1.2736128568649291992 
bias:
0.66713309288024902344 
-0.76588213443756103516 
1.6387146711349487305 
1.4949373006820678711 
-1.5266977548599243164 
-1.2763115167617797852 
1.7801762819290161133 
0.6958344578742980957 
1.5775967836380004883 
0.21698926389217376709 
10 10 
weights:
-1.9961881637573242188 0.62086290121078491211 -0.031815692782402038574 -0.97280973196029663086 -0.36557349562644958496 0.88535541296005249023 0.30398601293563842773 1.022284388542175293 -0.78524458408355712891 -0.24084687232971191406 
-0.26976686716079711914 -1.4316121339797973633 -1.4997899532318115234 0.041342876851558685303 0.43420177698135375977 -0.61257117986679077148 -0.55446410179138183594 0.43892505764961242676 -0.10878548026084899902 2.4131205081939697266 
0.080697886645793914795 -0.070851154625415802002 -0.10259421169757843018 -0.33561179041862487793 -0.2547690272331237793 -0.098662815988063812256 -0.53501588106155395508 0.65906250476837158203 -0.60119807720184326172 -0.46725594997406005859 
0.77161186933517456055 0.41183245182037353516 1.6771929264068603516 2.6188571453094482422 0.31294754147529602051 0.71924310922622680664 -0.83073151111602783203 -0.60126155614852905273 2.1476273536682128906 0.038123004138469696045 
0.39834883809089660645 -1.0214717388153076172 -0.80941444635391235352 0.32838734984397888184 1.7163387537002563477 1.1686669588088989258 -1.1378316879272460938 -1.6438144445419311523 0.35465767979621887207 0.63607138395309448242 
-0.24712291359901428223 1.452574610710144043 0.46812289953231811523 -0.48441848158836364746 -1.1538089513778686523 -1.3375142812728881836 1.9682328701019287109 1.6391640901565551758 0.057996965944766998291 0.1978829801082611084 
-0.12242856621742248535 -0.16203691065311431885 -0.47696971893310546875 0.36823299527168273926 -0.77742481231689453125 -0.8082726597785949707 -0.57573747634887695312 -0.23223409056663513184 -0.22021476924419403076 0.14743599295616149902 
0.10478103160858154297 0.34189814329147338867 -0.20025892555713653564 0.46536037325859069824 -0.2827205657958984375 0.18845094740390777588 -0.46378144621849060059 0.19790327548980712891 -0.59800368547439575195 -0.81460034847259521484 
-0.53868901729583740234 1.6336543560028076172 0.80357831716537475586 -0.52945607900619506836 0.96357387304306030273 0.61583596467971801758 0.16133363544940948486 -0.91141217947006225586 -0.10656310617923736572 -1.8641058206558227539 
-0.72022736072540283203 0.75149065256118774414 1.1097595691680908203 -0.21527181565761566162 -0.51812469959259033203 -0.54781663417816162109 0.83534264564514160156 0.61611169576644897461 -0.81029379367828369141 -0.79967790842056274414 
bias:
-0.54655545949935913086 
-0.2168035656213760376 
-0.4913533627986907959 
0.023333402350544929504 
-0.77680206298828125 
-0.27829065918922424316 
0.44857266545295715332 
-0.91442024707794189453 
-1.0637319087982177734 
0.10598798841238021851 
10 1 
weights:
1.6337510347366333008 -2.4638636112213134766 0.49646803736686706543 -2.9343116283416748047 -2.4199402332305908203 2.71356201171875 0.01264804694801568985 0.14408332109451293945 1.819043278694152832 1.5843405723571777344 
bias:
-0.13651737570762634277 
