1 10 
weights:
0.59239488840103149414 
1.1202450990676879883 
0.67319250106811523438 
-0.53332513570785522461 
-1.7727844715118408203 
1.4574804306030273438 
-0.33817169070243835449 
-0.72587662935256958008 
1.3633275032043457031 
-0.53593152761459350586 
bias:
1.3489476442337036133 
2.7034487724304199219 
-1.640595555305480957 
0.95914608240127563477 
0.012576987966895103455 
-1.7574210166931152344 
-1.1672179698944091797 
1.9149518013000488281 
0.27932500839233398438 
-1.0162779092788696289 
10 10 
weights:
0.17517989873886108398 -0.10317929089069366455 -1.2271013259887695312 1.2941520214080810547 0.77789884805679321289 -0.5987898707389831543 1.1401292085647583008 1.1878566741943359375 0.51871770620346069336 0.22413517534732818604 
-0.67839044332504272461 -1.68060302734375 -0.67043286561965942383 1.0093809366226196289 -0.97534275054931640625 1.8348900079727172852 0.36968556046485900879 0.91115665435791015625 0.44266217947006225586 1.1639485359191894531 
-1.3526635169982910156 -1.0773074626922607422 0.35632798075675964355 0.70549410581588745117 0.95064526796340942383 -1.7167875766754150391 -0.80507320165634155273 0.65362048149108886719 -1.6907900571823120117 1.0816228389739990234 
-0.78487741947174072266 -0.67258608341217041016 -0.24496547877788543701 -0.21062777936458587646 0.99104040861129760742 0.27685499191284179688 0.33105906844139099121 -0.045126911252737045288 -0.29012739658355712891 0.082647867500782012939 
-0.85867232084274291992 -1.0244790315628051758 -0.65257662534713745117 -1.1464360952377319336 -0.79171085357666015625 -0.14837656915187835693 -0.11773923784494400024 -0.76731634140014648438 -0.68466001749038696289 -0.36544632911682128906 
-1.6750974655151367188 -1.8812952041625976562 -1.0433570146560668945 1.0601819753646850586 -2.0062985420227050781 1.7705756425857543945 0.39249631762504577637 1.2786777019500732422 1.1918964385986328125 1.4127635955810546875 
0.4821408390998840332 0.69929897785186767578 1.6241832971572875977 -1.3216871023178100586 0.58081620931625366211 -0.82324957847595214844 0.43487623333930969238 -1.7132452726364135742 -0.76459532976150512695 0.58797430992126464844 
-0.67703127861022949219 -0.37027698755264282227 -0.37031117081642150879 -0.2643394172191619873 -0.25904694199562072754 0.22257322072982788086 0.36092954874038696289 0.34534716606140136719 -0.04458444938063621521 0.45107659697532653809 
-0.31226739287376403809 -0.39049988985061645508 -0.62172263860702514648 -1.2825541496276855469 -0.60516428947448730469 0.11500237137079238892 -0.023897318169474601746 0.43116912245750427246 -0.2156772315502166748 0.36113443970680236816 
0.37301534414291381836 -0.57489657402038574219 0.071129776537418365479 -0.042088657617568969727 -0.32673338055610656738 1.089358210563659668 0.15127570927143096924 -0.4950942695140838623 -0.64448183774948120117 0.94179785251617431641 
bias:
-0.10455448925495147705 
-1.5578540563583374023 
-0.47171422839164733887 
-0.96690785884857177734 
-2.0347931385040283203 
-0.28363341093063354492 
0.3163903355598449707 
-1.0294234752655029297 
-0.81425470113754272461 
-1.0792328119277954102 
10 1 
weights:
1.0842599868774414062 2.3287665843963623047 -2.3587446212768554688 0.19639292359352111816 2.0108377933502197266 3.1179594993591308594 -2.5109004974365234375 0.39164316654205322266 0.22633947432041168213 -0.017241200432181358337 
bias:
-1.0935428142547607422 
