1 10 
weights:
-0.49520397186279296875 
1.3926130533218383789 
0.5804125666618347168 
1.1655772924423217773 
0.86485254764556884766 
1.0613291263580322266 
1.3198646306991577148 
1.5414975881576538086 
0.71212977170944213867 
0.48417648673057556152 
bias:
-0.063087008893489837646 
-0.96401327848434448242 
0.68712794780731201172 
1.4917284250259399414 
2.0028145313262939453 
-2.6422715187072753906 
0.34837922453880310059 
0.33172136545181274414 
-1.4422472715377807617 
-0.035436738282442092896 
10 10 
weights:
-0.37053835391998291016 0.57542878389358520508 -0.18112954497337341309 -0.36875170469284057617 -0.21847896277904510498 0.33451139926910400391 0.18294507265090942383 -0.48693841695785522461 0.58377969264984130859 0.26268750429153442383 
0.07217442244291305542 1.3864927291870117188 -0.85472762584686279297 -0.19368936121463775635 0.11098440736532211304 -0.58791154623031616211 0.99303609132766723633 -0.20187106728553771973 -0.48180180788040161133 -0.49633702635765075684 
-1.103754878044128418 1.4917305707931518555 0.65464031696319580078 0.67513072490692138672 1.9399859905242919922 0.23490343987941741943 0.69364261627197265625 -0.28880748152732849121 0.25553622841835021973 1.3069708347320556641 
0.20117342472076416016 0.73214125633239746094 -0.89664381742477416992 1.2658934593200683594 -0.85516124963760375977 -1.6342682838439941406 0.8958823084831237793 0.15637348592281341553 0.42437344789505004883 -0.50741469860076904297 
0.19720821082592010498 0.56246131658554077148 -0.56970858573913574219 0.9057051539421081543 -0.3296445310115814209 -0.7867806553840637207 1.1437625885009765625 0.96546822786331176758 -0.77851164340972900391 -1.2564940452575683594 
1.7811648845672607422 0.53753161430358886719 -0.61567741632461547852 1.4641536474227905273 -0.45489871501922607422 -2.0764629840850830078 1.2064279317855834961 1.1305624246597290039 -1.4299376010894775391 -1.0006788969039916992 
-0.064671948552131652832 0.088904052972793579102 -0.86381608247756958008 0.16904683411121368408 0.46418604254722595215 0.19909751415252685547 -0.2505105137825012207 0.57117748260498046875 -0.46138471364974975586 -1.037366032600402832 
-0.54066252708435058594 -0.31666344404220581055 -0.16941592097282409668 -0.85442280769348144531 -0.38585200905799865723 0.31749695539474487305 0.18850097060203552246 -0.14604644477367401123 0.2329066842794418335 0.49320775270462036133 
-1.5585256814956665039 1.4584923982620239258 -0.92400455474853515625 0.46473985910415649414 0.24231229722499847412 0.88192689418792724609 0.076712936162948608398 0.50777900218963623047 1.2357351779937744141 -0.39065834879875183105 
-1.2281736135482788086 -0.32495447993278503418 1.370166778564453125 1.1561053991317749023 1.968898773193359375 0.90947890281677246094 0.71570992469787597656 -0.15261352062225341797 0.59831196069717407227 1.333668828010559082 
bias:
-0.23510487377643585205 
-0.83952951431274414062 
0.75689494609832763672 
-0.31488478183746337891 
-0.72084307670593261719 
0.14714908599853515625 
-0.77942621707916259766 
-0.89026820659637451172 
-0.63293123245239257812 
0.48646047711372375488 
10 1 
weights:
0.20846033096313476562 1.0441151857376098633 -2.4959053993225097656 1.431977391242980957 1.343783259391784668 3.8627431392669677734 0.38769519329071044922 -0.61257410049438476562 2.0267622470855712891 -2.6577439308166503906 
bias:
-0.81706088781356811523 
