1 10 
weights:
0.42938372492790222168 
1.4385962486267089844 
0.77003699541091918945 
0.47584986686706542969 
1.5777580738067626953 
-0.42528310418128967285 
-1.0999653339385986328 
-1.5450872182846069336 
1.5617341995239257812 
0.43852898478507995605 
bias:
-0.41425314545631408691 
1.7473710775375366211 
2.0839130878448486328 
0.37758904695510864258 
-0.4099636375904083252 
0.43346583843231201172 
2.3288922309875488281 
0.20864668488502502441 
-0.61556100845336914062 
-0.021734496578574180603 
10 10 
weights:
0.34243047237396240234 1.1409637928009033203 -0.80789196491241455078 -0.31932714581489562988 1.3992155790328979492 -1.0740262269973754883 -1.6810251474380493164 -0.92192512750625610352 0.65013295412063598633 0.16508871316909790039 
0.23165152966976165771 -0.27136832475662231445 0.37075239419937133789 0.74058681726455688477 -1.3971183300018310547 -0.39131450653076171875 -0.73482394218444824219 -0.4632123112678527832 -0.12730833888053894043 0.34560635685920715332 
-1.8165719509124755859 2.6471493244171142578 -1.6871535778045654297 -1.4458096027374267578 1.7058867216110229492 1.7323602437973022461 2.2863345146179199219 -0.95485323667526245117 1.2513108253479003906 -1.6124199628829956055 
0.87046009302139282227 -0.22572971880435943604 1.1758251190185546875 0.29782947897911071777 -0.54627078771591186523 -0.30963757634162902832 -0.95501554012298583984 0.096539981663227081299 -1.0197129249572753906 -0.056098058819770812988 
0.978717803955078125 0.58696657419204711914 1.3188635110855102539 1.1365566253662109375 0.33805793523788452148 -0.16174396872520446777 -0.049556102603673934937 -0.12397735565900802612 1.1764451265335083008 1.5160808563232421875 
0.6115296483039855957 0.15207937359809875488 -1.0238912105560302734 0.34415936470031738281 -1.0264897346496582031 -0.2690169215202331543 -0.60599809885025024414 0.63413244485855102539 0.20559893548488616943 -0.01308863423764705658 
0.32308408617973327637 -0.63078826665878295898 0.023139672353863716125 0.49987298250198364258 0.52508008480072021484 0.2775662839412689209 -0.044020045548677444458 -0.44904047250747680664 0.10774625837802886963 -0.047799728810787200928 
0.18562269210815429688 -0.45665502548217773438 -0.39289066195487976074 0.2426605522632598877 -0.97728943824768066406 -0.60901582241058349609 0.34376877546310424805 0.38223880529403686523 -0.3010635673999786377 0.45546704530715942383 
0.58508729934692382812 -1.2450170516967773438 0.85708516836166381836 0.61335545778274536133 -0.97747558355331420898 -1.2765629291534423828 -0.43502274155616760254 0.17607299983501434326 -0.6007709503173828125 1.1634271144866943359 
-1.4993107318878173828 0.50145298242568969727 -1.0890552997589111328 -0.6304492950439453125 0.58837032318115234375 0.67766720056533813477 -0.1671412736177444458 -0.45875784754753112793 0.58832770586013793945 -0.33727067708969116211 
bias:
-0.88084596395492553711 
-0.20312435925006866455 
-0.82123619318008422852 
-0.60873681306838989258 
-0.68382978439331054688 
-0.026274587959051132202 
-1.2342697381973266602 
-1.0856931209564208984 
-0.40117254853248596191 
-0.033724352717399597168 
10 1 
weights:
1.6175032854080200195 -0.89837622642517089844 3.9131524562835693359 -1.1408258676528930664 -1.8519513607025146484 -0.074886992573738098145 -0.065246313810348510742 -0.55972427129745483398 -1.5387209653854370117 1.3369195461273193359 
bias:
-0.67273056507110595703 
