1 10 
weights:
0.78980690240859985352 
1.3223892450332641602 
1.714733123779296875 
1.0083978176116943359 
0.61143147945404052734 
0.56030762195587158203 
1.255207061767578125 
0.58822965621948242188 
2.120800018310546875 
0.50019282102584838867 
bias:
1.9156720638275146484 
1.2130749225616455078 
-1.7683670520782470703 
-2.6557600498199462891 
0.81365430355072021484 
0.58687621355056762695 
0.94580030441284179688 
-1.3448485136032104492 
-0.00772582273930311203 
-0.51985299587249755859 
10 10 
weights:
0.93762338161468505859 0.6750157475471496582 0.24288061261177062988 0.1847037971019744873 0.47775357961654663086 1.342425227165222168 0.81726312637329101562 0.3868700563907623291 -0.57518357038497924805 0.74045163393020629883 
-1.3728789091110229492 1.4617379903793334961 1.274579167366027832 -0.32363650202751159668 -0.73515546321868896484 -0.47178199887275695801 0.17813953757286071777 0.46766769886016845703 0.2665488123893737793 0.068115815520286560059 
0.43352881073951721191 0.41697856783866882324 -0.66813439130783081055 0.59350770711898803711 0.49923688173294067383 0.65127253532409667969 0.36031678318977355957 0.41108185052871704102 -0.12782299518585205078 1.0796351432800292969 
0.66902834177017211914 -1.7765181064605712891 -0.83233672380447387695 1.6422883272171020508 0.662860870361328125 0.83252489566802978516 -0.50626903772354125977 0.61902862787246704102 -0.85101860761642456055 0.71890443563461303711 
-0.35884025692939758301 2.7674388885498046875 0.4895254671573638916 -1.3638651371002197266 -1.1134037971496582031 -0.41409954428672790527 1.5548812150955200195 -1.2423735857009887695 0.051039375364780426025 -1.652356266975402832 
-1.4152368307113647461 1.3252660036087036133 2.2455151081085205078 -1.8079447746276855469 -0.61940157413482666016 -0.57095992565155029297 0.6079514622688293457 -0.9636872410774230957 1.0932211875915527344 -0.96078580617904663086 
0.47154209017753601074 -1.4744199514389038086 -1.1143103837966918945 0.74537926912307739258 -0.21704450249671936035 1.3301749229431152344 -0.10766189545392990112 1.3499482870101928711 -0.32230377197265625 -0.39142751693725585938 
-1.4436140060424804688 0.63486129045486450195 0.10036788135766983032 0.23248150944709777832 -1.4987199306488037109 -0.65151757001876831055 -0.27595847845077514648 -1.1225631237030029297 0.090200372040271759033 -0.1392997056245803833 
-0.85714000463485717773 0.36887896060943603516 0.64174574613571166992 0.22325226664543151855 -0.51316457986831665039 -0.37854924798011779785 -0.83455264568328857422 -0.65351432561874389648 0.9500916600227355957 -1.7665646076202392578 
1.0294623374938964844 0.29575702548027038574 0.1309553682804107666 0.62208122014999389648 1.3027894496917724609 0.25375086069107055664 0.1838067173957824707 0.36166667938232421875 0.097949959337711334229 0.7886765599250793457 
bias:
0.214364662766456604 
-0.83841240406036376953 
-0.041157323867082595825 
-0.7016474604606628418 
0.46839505434036254883 
0.1110162585973739624 
-0.62550652027130126953 
0.089543044567108154297 
-0.24943071603775024414 
-0.30577561259269714355 
10 1 
weights:
-1.4599007368087768555 1.346693873405456543 -1.359156489372253418 -1.7758880853652954102 2.2290773391723632812 2.1947202682495117188 -1.2397199869155883789 1.6394104957580566406 1.3059381246566772461 -1.3862764835357666016 
bias:
1.4251396656036376953 
