1 10 
weights:
1.6504896879196166992 
1.8639354705810546875 
0.95373123884201049805 
0.50436711311340332031 
0.85513991117477416992 
1.8912674188613891602 
0.56963104009628295898 
1.4014502763748168945 
0.61141562461853027344 
1.7328249216079711914 
bias:
-1.9910993576049804688 
-0.18824356794357299805 
-2.7636072635650634766 
-0.48341482877731323242 
2.1394133567810058594 
-0.26868927478790283203 
0.57465308904647827148 
-0.20272427797317504883 
-1.2877821922302246094 
1.8505065441131591797 
10 10 
weights:
-0.70832800865173339844 -0.78582322597503662109 0.58628690242767333984 0.23211905360221862793 0.014848842285573482513 0.89907062053680419922 0.11531541496515274048 -0.6652953028678894043 0.62782508134841918945 -0.10552327334880828857 
-0.16286337375640869141 0.49842476844787597656 0.46719080209732055664 -0.53197133541107177734 -0.071575336158275604248 -0.085191115736961364746 -0.25418809056282043457 -0.34066277742385864258 0.51992404460906982422 -0.40605747699737548828 
-0.38849189877510070801 0.61782848834991455078 1.2225300073623657227 0.83301556110382080078 0.05291002616286277771 -0.34202814102172851562 -0.43580266833305358887 -0.52999353408813476562 0.27415800094604492188 -0.3552277684211730957 
0.27951586246490478516 -1.4395365715026855469 0.05036519467830657959 -0.21504513919353485107 -0.19168357551097869873 -0.89141499996185302734 1.3753513097763061523 -0.63160759210586547852 0.014891600236296653748 -0.69673901796340942383 
0.11065523326396942139 -1.0520741939544677734 2.2416918277740478516 1.4598915576934814453 1.2648885250091552734 -1.0372064113616943359 0.65834331512451171875 -0.61613333225250244141 1.0067611932754516602 -1.5222629308700561523 
1.1402547359466552734 1.4193971157073974609 0.21899005770683288574 0.34014451503753662109 0.11394449323415756226 0.65964674949645996094 0.39955529570579528809 0.13192206621170043945 0.70023161172866821289 0.98539710044860839844 
1.6936421394348144531 0.64238625764846801758 -0.88910847902297973633 -1.9618685245513916016 -2.9712545871734619141 1.5174003839492797852 -1.0212485790252685547 -0.33270525932312011719 -0.7871029973030090332 0.90794080495834350586 
-0.85148966312408447266 0.2105350196361541748 0.62244904041290283203 0.23387224972248077393 -0.3928731083869934082 0.12101002037525177002 -1.0587511062622070312 -0.15100632607936859131 -0.0088044973090291023254 -0.40894612669944763184 
0.88917875289916992188 0.42345023155212402344 -0.73592907190322875977 -0.42706835269927978516 -0.94780951738357543945 0.80316013097763061523 -1.3740847110748291016 0.09733069688081741333 -0.1790256500244140625 -0.10537217557430267334 
0.6929919123649597168 -1.1987229585647583008 0.11536698043346405029 -0.061665721237659454346 -0.33123758435249328613 -0.16699957847595214844 0.13662371039390563965 0.25478014349937438965 0.33151993155479431152 -0.99210816621780395508 
bias:
-0.84304881095886230469 
-1.7720733880996704102 
-1.795354008674621582 
-0.94511705636978149414 
-1.2244496345520019531 
0.49102947115898132324 
0.94122838973999023438 
-0.52888035774230957031 
-0.12878699600696563721 
-1.2880131006240844727 
10 1 
weights:
-0.22353224456310272217 -0.58056992292404174805 -0.76752954721450805664 -1.0650472640991210938 -2.6938467025756835938 0.066895917057991027832 3.8192579746246337891 0.18953239917755126953 1.5853818655014038086 -0.9523823857307434082 
bias:
-0.090338341891765594482 
