1 10 
weights:
1.3074089288711547852 
0.82628041505813598633 
1.3136838674545288086 
0.5067240595817565918 
1.4867670536041259766 
0.70820075273513793945 
0.73765152692794799805 
-1.7144125699996948242 
-0.7089964747428894043 
-0.61578166484832763672 
bias:
1.1803187131881713867 
-2.0115711688995361328 
1.267786860466003418 
0.93513625860214233398 
-1.4221056699752807617 
-1.7102004289627075195 
-1.8653246164321899414 
0.18587876856327056885 
-1.9886732101440429688 
-1.4956427812576293945 
10 10 
weights:
-0.77732670307159423828 0.3311169743537902832 -1.1535815000534057617 -0.34697416424751281738 0.31574526429176330566 -0.064517833292484283447 -0.26636397838592529297 0.20148430764675140381 -0.36881029605865478516 -0.30483025312423706055 
1.2531168460845947266 0.7123171687126159668 -0.20971433818340301514 1.6773618459701538086 0.83615100383758544922 0.83140623569488525391 0.059362925589084625244 1.0832306146621704102 -1.4402513504028320312 -1.1172666549682617188 
-1.4827508926391601562 -0.54762119054794311523 -0.98749577999114990234 -0.57590055465698242188 -0.79436153173446655273 -0.23450194299221038818 0.21621415019035339355 -1.036146998405456543 -1.8903112411499023438 -0.42815473675727844238 
-0.80673843622207641602 -0.31162500381469726562 -0.39974081516265869141 -1.4562376737594604492 -0.12449762225151062012 0.057257045060396194458 -0.26062065362930297852 -1.6221312284469604492 -0.65615922212600708008 -1.4930474758148193359 
0.050973251461982727051 0.010287278331816196442 -0.063933223485946655273 1.4533830881118774414 0.88077920675277709961 0.4038334190845489502 -0.078296191990375518799 0.093193270266056060791 0.44360023736953735352 0.16745766997337341309 
-0.76245105266571044922 -0.58271127939224243164 0.26460739970207214355 0.016255890950560569763 -0.17751379311084747314 0.55888956785202026367 -0.83843904733657836914 -0.40179330110549926758 0.21175511181354522705 -0.49680510163307189941 
-0.7338314056396484375 1.3869582414627075195 -1.2175008058547973633 0.69050067663192749023 -1.0166211128234863281 1.1391235589981079102 1.0797964334487915039 0.76162445545196533203 -1.5465239286422729492 -0.61991590261459350586 
-1.4147049188613891602 1.7407048940658569336 -1.434304356575012207 2.0280833244323730469 -1.6875247955322265625 0.90242689847946166992 1.6942861080169677734 0.95008128881454467773 -1.409503936767578125 -1.4318525791168212891 
-1.0458383560180664062 -0.5634778141975402832 -1.7097147703170776367 -1.5286860466003417969 -0.84552139043807983398 -0.53138065338134765625 -0.41079908609390258789 -0.75413745641708374023 -0.44169890880584716797 -0.84137016534805297852 
-0.43048301339149475098 0.027094094082713127136 0.65805441141128540039 -0.82744830846786499023 1.28515625 0.69293195009231567383 -0.46105548739433288574 -1.3642621040344238281 -0.73222279548645019531 0.47276163101196289062 
bias:
-1.4237957000732421875 
0.10479372739791870117 
-0.55660361051559448242 
-2.3995275497436523438 
0.38799524307250976562 
-1.0720604658126831055 
-0.45485821366310119629 
-0.082348935306072235107 
-2.8671519756317138672 
-0.48311710357666015625 
10 1 
weights:
-1.142848968505859375 -2.2560684680938720703 -0.19215935468673706055 1.0659126043319702148 0.70060724020004272461 0.016589399427175521851 -2.6375596523284912109 -3.4385952949523925781 0.86727690696716308594 1.9935755729675292969 
bias:
3.1215045452117919922 
