1 10 
weights:
1.449493408203125 
0.49541485309600830078 
1.1307471990585327148 
0.14555454254150390625 
1.111876368522644043 
0.48402607440948486328 
1.3673620223999023438 
0.53119885921478271484 
0.93153291940689086914 
0.8567892909049987793 
bias:
-1.2616268396377563477 
-0.18699413537979125977 
-3.2396190166473388672 
1.3354262113571166992 
-0.20397686958312988281 
-0.29925009608268737793 
0.93579667806625366211 
0.09756384044885635376 
1.9518007040023803711 
1.4583777189254760742 
10 10 
weights:
0.32405477762222290039 -0.44838660955429077148 -0.20723563432693481445 -0.28554561734199523926 -0.89265680313110351562 -0.26095035672187805176 0.15035751461982727051 0.42992693185806274414 0.34881225228309631348 -0.75478440523147583008 
0.43234136700630187988 0.24558946490287780762 0.5646330714225769043 -1.4750936031341552734 1.0559426546096801758 0.12373803555965423584 -0.36462569236755371094 -0.54754799604415893555 -0.44056209921836853027 0.21523718535900115967 
-0.36302396655082702637 -0.086543224751949310303 0.13846909999847412109 0.082303173840045928955 -1.3363424539566040039 0.12820187211036682129 -0.68950504064559936523 -0.061545409262180328369 -0.18644441664218902588 0.44479200243949890137 
1.3998157978057861328 -0.75110101699829101562 -2.1462485790252685547 -0.004257182590663433075 1.1845396757125854492 -1.3371597528457641602 0.91474997997283935547 -1.6239739656448364258 0.26166829466819763184 0.063196264207363128662 
0.2360188215970993042 1.0644651651382446289 0.33537563681602478027 -0.64553248882293701172 0.37869203090667724609 0.70937526226043701172 1.2066774368286132812 1.5580625534057617188 2.6640422344207763672 1.8180807828903198242 
0.64259004592895507812 -0.91838932037353515625 -0.95885664224624633789 -0.15335784852504730225 1.2776482105255126953 -0.1892401576042175293 0.94430124759674072266 -0.79058510065078735352 -0.22101084887981414795 -0.41710165143013000488 
0.50482171773910522461 -0.66103971004486083984 -0.34074652194976806641 -0.053716242313385009766 0.73472559452056884766 -1.1537783145904541016 0.63394886255264282227 -0.72701066732406616211 -0.36715337634086608887 0.066022597253322601318 
-0.18997517228126525879 0.82109630107879638672 0.74397563934326171875 0.23219341039657592773 -1.5576511621475219727 -0.34574285149574279785 -0.20640502870082855225 0.19799871742725372314 -0.24931421875953674316 -0.11391713470220565796 
0.97062200307846069336 -0.76917767524719238281 -2.2680172920227050781 -0.57769727706909179688 1.7215658426284790039 -0.86957383155822753906 1.6694356203079223633 -0.6115868687629699707 -0.26847058534622192383 -0.23832814395427703857 
-0.031068380922079086304 0.23368076980113983154 -0.023391362279653549194 -0.27055650949478149414 -0.36900100111961364746 -0.003520035184919834137 -0.14189207553863525391 -0.52540343999862670898 -1.2033088207244873047 -0.44904538989067077637 
bias:
-0.52164018154144287109 
0.14630912244319915771 
-0.43740630149841308594 
0.4299004673957824707 
-0.58651846647262573242 
-0.36662131547927856445 
-0.015009117312729358673 
-0.34959760308265686035 
-0.24386920034885406494 
-0.96525198221206665039 
10 1 
weights:
-0.073026120662689208984 0.49102002382278442383 -0.97440862655639648438 2.1803421974182128906 -3.3325123786926269531 1.373761296272277832 0.96196764707565307617 -0.92095482349395751953 2.4345302581787109375 0.334442138671875 
bias:
0.3382434546947479248 
