1 10 
weights:
1.8166065216064453125 
1.9445365667343139648 
0.49680954217910766602 
1.8333475589752197266 
0.55865520238876342773 
0.68651908636093139648 
1.763708949089050293 
1.8275966644287109375 
1.8947678804397583008 
0.5741494297981262207 
bias:
0.30172848701477050781 
0.6750437617301940918 
-0.25314399600028991699 
-0.90421491861343383789 
-0.98849964141845703125 
1.4975007772445678711 
-2.1278016567230224609 
2.5310089588165283203 
-1.3245320320129394531 
-1.0870395898818969727 
10 10 
weights:
-1.1602674722671508789 -0.24142248928546905518 -0.05710438266396522522 -0.60544455051422119141 0.55186104774475097656 0.74479871988296508789 0.74632406234741210938 -0.65920627117156982422 -0.40405687689781188965 1.0226508378982543945 
0.12107848376035690308 -0.19898162782192230225 0.47229939699172973633 -0.1748898923397064209 0.586139678955078125 -0.30091655254364013672 0.18840652704238891602 -0.20842257142066955566 0.6631628870964050293 0.12338093668222427368 
0.043973024934530258179 -0.082478947937488555908 0.89108449220657348633 0.99809181690216064453 1.0941383838653564453 1.0571264028549194336 0.2961978614330291748 0.15042172372341156006 0.55459690093994140625 1.558468937873840332 
-0.45127338171005249023 -0.42488172650337219238 0.21304298937320709229 -0.071073897182941436768 0.032013997435569763184 0.51660329103469848633 -0.15923412144184112549 -0.98931026458740234375 0.74032413959503173828 -0.41263779997825622559 
0.82747566699981689453 1.2454923391342163086 -2.107944488525390625 0.71645337343215942383 -2.0943810939788818359 -3.0123817920684814453 1.0538181066513061523 2.0330545902252197266 1.07033538818359375 -2.8415331840515136719 
0.21093930304050445557 -0.14401315152645111084 -1.5380473996629007161e-05 0.44622159004211425781 -0.88319277763366699219 -0.44751605391502380371 0.75298452377319335938 -0.90510153770446777344 0.4254799187183380127 -0.51794695854187011719 
0.50505745410919189453 0.16300895810127258301 -0.76695972681045532227 0.1719773709774017334 -0.55190378427505493164 -0.5131104588508605957 0.82309591770172119141 -0.10953577607870101929 0.1139135211706161499 -1.0097956657409667969 
-0.26386812329292297363 -0.92547911405563354492 1.6127640008926391602 -0.91666865348815917969 1.0735148191452026367 0.52899450063705444336 -0.6938190460205078125 -0.50656837224960327148 -0.47610950469970703125 1.8061815500259399414 
-0.75106167793273925781 -0.044326554983854293823 -1.0338709354400634766 0.68148708343505859375 -1.4776265621185302734 -1.1541233062744140625 0.80528038740158081055 0.42595720291137695312 0.91944915056228637695 0.33130469918251037598 
-0.81284213066101074219 0.62000900506973266602 -0.0019433146808296442032 -0.44344061613082885742 0.59136587381362915039 -1.0889450311660766602 0.041759010404348373413 -0.072401337325572967529 -0.01463887188583612442 -0.36303335428237915039 
bias:
-1.1935379505157470703 
-1.7022397518157958984 
-0.31483510136604309082 
-0.58345496654510498047 
1.4833976030349731445 
-1.028883814811706543 
-0.93949294090270996094 
-0.76235181093215942383 
-0.85097342729568481445 
-0.20920254290103912354 
10 1 
weights:
-0.91077154874801635742 0.093013428151607513428 -1.8375322818756103516 -0.25576353073120117188 4.1222057342529296875 0.94358360767364501953 0.88367426395416259766 -1.8813807964324951172 1.4598685503005981445 0.25409796833992004395 
bias:
-0.54707741737365722656 
