1 10 
weights:
0.56609076261520385742 
0.52483564615249633789 
1.5532461404800415039 
-1.3640571832656860352 
1.1745166778564453125 
0.5089238286018371582 
0.43117338418960571289 
1.3998537063598632812 
1.0178819894790649414 
0.46855846047401428223 
bias:
0.92557936906814575195 
0.76005226373672485352 
-0.6815630793571472168 
1.7406399250030517578 
2.9644863605499267578 
-1.2642335891723632812 
-0.56898748874664306641 
1.00130462646484375 
-3.0106198787689208984 
-0.88217043876647949219 
10 10 
weights:
-1.1923722028732299805 -0.83608996868133544922 0.2447598874568939209 -0.26835799217224121094 -0.79784739017486572266 -0.095873534679412841797 0.058954901993274688721 1.2122250795364379883 -0.77329611778259277344 0.68084424734115600586 
0.070529162883758544922 -0.14019842445850372314 -0.25130549073219299316 0.34765982627868652344 0.20872199535369873047 0.53328281641006469727 -0.096371106803417205811 -1.024828791618347168 0.79905730485916137695 0.27587404847145080566 
-0.59984529018402099609 -0.53699535131454467773 1.0636528730392456055 -0.85458660125732421875 -1.1808049678802490234 -0.98486465215682983398 -1.0157382488250732422 1.6834336519241333008 -0.18541949987411499023 -0.79554456472396850586 
-0.63737779855728149414 -0.99606633186340332031 1.4758429527282714844 -0.28600710630416870117 -0.97585350275039672852 0.17313048243522644043 0.62538260221481323242 0.88180339336395263672 -1.1473858356475830078 0.058488421142101287842 
-0.46429264545440673828 -0.74052381515502929688 -0.58491462469100952148 -0.39406591653823852539 -0.15289109945297241211 1.0611296892166137695 -0.25390088558197021484 0.16446034610271453857 0.36205628514289855957 -0.87709027528762817383 
0.10416473448276519775 -1.2339645624160766602 0.39967617392539978027 -0.6941210627555847168 -0.50808930397033691406 -0.11930525302886962891 -0.29738274216651916504 0.81487685441970825195 -0.45150393247604370117 0.29989373683929443359 
1.0001319646835327148 0.56127315759658813477 -0.57066375017166137695 0.50754332542419433594 1.6104792356491088867 1.1315081119537353516 0.30258071422576904297 -1.0274981260299682617 0.25023669004440307617 0.54852622747421264648 
0.42604011297225952148 0.20567646622657775879 -0.1792933344841003418 -0.10797234624624252319 -0.08016430586576461792 -0.34967109560966491699 0.70786154270172119141 -0.66638827323913574219 0.071681044995784759521 0.68274915218353271484 
-0.049740049988031387329 -0.031201554462313652039 -0.76454347372055053711 -0.28200942277908325195 -0.67720299959182739258 0.9920724034309387207 1.4181048870086669922 -1.5201169252395629883 1.928164362907409668 1.1629385948181152344 
-0.89957636594772338867 -0.55125534534454345703 0.62790292501449584961 -0.36469274759292602539 -1.4681906700134277344 -0.41199833154678344727 0.0839099884033203125 2.6390516757965087891 -1.3532383441925048828 -0.32155090570449829102 
bias:
-0.22135327756404876709 
-0.2886257171630859375 
0.89303177595138549805 
-0.43913754820823669434 
0.087245799601078033447 
-0.42861390113830566406 
-0.85222893953323364258 
0.40729433298110961914 
-0.71680754423141479492 
0.56651937961578369141 
10 1 
weights:
1.3465409278869628906 -0.89939361810684204102 2.3339650630950927734 1.4915938377380371094 0.17499688267707824707 1.1335949897766113281 -2.8226575851440429688 -0.1923354417085647583 -1.7947707176208496094 2.3642129898071289062 
bias:
0.68319749832153320312 
