1 10 
weights:
-1.0095877647399902344 
1.4375462532043457031 
0.66324847936630249023 
0.72408521175384521484 
1.680106043815612793 
1.4913564920425415039 
-0.45103666186332702637 
0.82291817665100097656 
0.82416355609893798828 
0.45473527908325195312 
bias:
1.4022923707962036133 
1.9414587020874023438 
1.4643243551254272461 
1.7733414173126220703 
0.37804621458053588867 
0.0067661809735000133514 
-0.25047981739044189453 
-2.1232087612152099609 
-1.5681023597717285156 
0.3403485715389251709 
10 10 
weights:
0.26836475729942321777 -0.22909681499004364014 -1.0629839897155761719 0.27760469913482666016 -0.096344642341136932373 0.17461325228214263916 0.37928524613380432129 0.010446747764945030212 0.44715085625648498535 -0.069584704935550689697 
-0.21825572848320007324 0.20013986527919769287 -0.67663806676864624023 -0.73766547441482543945 1.3910851478576660156 0.17825554311275482178 0.73418092727661132812 0.58499312400817871094 0.84576356410980224609 -0.14473178982734680176 
0.16254249215126037598 0.52598899602890014648 1.5360914468765258789 0.94439142942428588867 0.71886736154556274414 0.19364577531814575195 -0.33144801855087280273 0.41872113943099975586 1.1028441190719604492 0.72361379861831665039 
-1.0870736837387084961 -2.336177825927734375 0.90812462568283081055 1.020130157470703125 -2.1855666637420654297 -1.2134050130844116211 -0.73609375953674316406 2.8425312042236328125 1.6264635324478149414 1.4772863388061523438 
-1.8496710062026977539 0.52365928888320922852 -0.10892475396394729614 0.32091036438941955566 1.0391329526901245117 1.2601677179336547852 -0.45077732205390930176 0.93657505512237548828 1.1688907146453857422 -0.28500276803970336914 
0.23576816916465759277 -0.70894569158554077148 1.2059800624847412109 0.095996193587779998779 -0.1451682746410369873 -0.059123132377862930298 -0.024320999160408973694 0.051417689770460128784 -0.74614727497100830078 -0.64225143194198608398 
0.14598479866981506348 -0.35735940933227539062 -0.28893047571182250977 -0.66775095462799072266 0.20109912753105163574 0.25955724716186523438 -0.2578716576099395752 -0.026493377983570098877 -0.53723216056823730469 -0.56470483541488647461 
-0.60109972953796386719 -0.4505023956298828125 1.0599728822708129883 2.0491631031036376953 -0.96052122116088867188 0.13745097815990447998 -0.65232098102569580078 0.4222742915153503418 0.070016056299209594727 1.0492994785308837891 
-0.028556041419506072998 -0.24021629989147186279 0.62007558345794677734 0.75030159950256347656 -1.3293554782867431641 -0.77079463005065917969 -0.83179807662963867188 0.63527816534042358398 0.37739363312721252441 -0.21559071540832519531 
0.097869902849197387695 -0.32482609152793884277 -1.3305915594100952148 -0.53159701824188232422 0.17790041863918304443 1.1717915534973144531 0.4117361605167388916 -0.63683122396469116211 -0.08527520298957824707 -0.73766797780990600586 
bias:
-0.57947552204132080078 
0.31251049041748046875 
-0.51725459098815917969 
-0.21233291923999786377 
-1.6539589166641235352 
-0.041611988097429275513 
-0.2833041846752166748 
-0.0092679867520928382874 
-0.42740705609321594238 
0.19181253015995025635 
10 1 
weights:
0.50161540508270263672 1.6105732917785644531 -0.83113974332809448242 -3.6418602466583251953 2.1534361839294433594 0.10881691426038742065 0.75128042697906494141 -2.2129485607147216797 -1.1047441959381103516 1.4884715080261230469 
bias:
1.1332120895385742188 
