1 10 
weights:
1.5648431777954101562 
-0.44356754422187805176 
0.93749135732650756836 
0.41039982438087463379 
0.88262450695037841797 
1.5307347774505615234 
1.3270057439804077148 
0.43660682439804077148 
-1.6826415061950683594 
0.43256491422653198242 
bias:
-1.8110498189926147461 
-0.10840664058923721313 
-2.3406755924224853516 
-0.43556240200996398926 
2.2884831428527832031 
-0.42969921231269836426 
1.5186628103256225586 
-0.89551389217376708984 
-0.21517331898212432861 
-0.019801300019025802612 
10 10 
weights:
-1.151439666748046875 -0.14563702046871185303 -0.92199563980102539062 -0.41238385438919067383 0.20417729020118713379 -1.2475914955139160156 -1.3514614105224609375 -0.28487423062324523926 1.5723466873168945312 -0.50389420986175537109 
-0.096831545233726501465 -0.3620618283748626709 0.80901700258255004883 0.2469250112771987915 0.010787445120513439178 0.057287715375423431396 -0.85119843482971191406 0.31425493955612182617 -0.30981016159057617188 -0.14971418678760528564 
-0.22198565304279327393 -0.44669139385223388672 0.1414391249418258667 0.22746002674102783203 -0.46443593502044677734 -0.60463702678680419922 -0.60631465911865234375 1.4665915966033935547 -0.6091277003288269043 0.36571297049522399902 
1.8726211786270141602 1.6809494495391845703 -2.2393620014190673828 -1.3784590959548950195 -1.1254476308822631836 2.1865684986114501953 1.604567408561706543 -1.5072195529937744141 -0.54620385169982910156 -2.0816643238067626953 
0.15080153942108154297 -0.61436581611633300781 0.25453013181686401367 0.30410587787628173828 -0.039022449404001235962 -0.2237644195556640625 0.46947997808456420898 -1.1908942461013793945 -0.72858542203903198242 -0.076614424586296081543 
-0.063699334859848022461 -0.06811533123254776001 0.21763376891613006592 -0.30344957113265991211 -0.24642044305801391602 -0.79850631952285766602 -0.5360997319221496582 -0.78673535585403442383 0.34798869490623474121 0.46932336688041687012 
1.1561757326126098633 0.44176614284515380859 -0.78957474231719970703 -0.99364876747131347656 -1.6936708688735961914 1.3066422939300537109 0.43283888697624206543 -0.82158809900283813477 0.22216364741325378418 -0.48163333535194396973 
-0.49865439534187316895 -1.3800897598266601562 1.1508841514587402344 0.4689458012580871582 0.58940118551254272461 -1.0431919097900390625 -1.0459924936294555664 0.7303142547607421875 0.2334591597318649292 0.030733130872249603271 
0.29112169146537780762 -1.1492270231246948242 0.91647064685821533203 1.2623894214630126953 1.9060407876968383789 0.90305066108703613281 1.004497528076171875 1.3653686046600341797 0.52131980657577514648 1.0991988182067871094 
0.82509571313858032227 0.3398380279541015625 0.3876717984676361084 -0.40353691577911376953 0.24663235247135162354 1.1531980037689208984 0.59302973747253417969 0.70644611120223999023 -0.14815522730350494385 1.3846257925033569336 
bias:
-0.701446533203125 
-0.9051647186279296875 
-0.32995080947875976562 
0.23695178329944610596 
-0.70623648166656494141 
-0.19063682854175567627 
-0.38867592811584472656 
0.171987876296043396 
-0.28688171505928039551 
0.31294399499893188477 
10 1 
weights:
-1.5373195409774780273 -0.62601667642593383789 -0.71061402559280395508 3.2933995723724365234 0.060447402298450469971 -0.05072447657585144043 1.9191763401031494141 -1.4231786727905273438 -2.4968018531799316406 0.16863864660263061523 
bias:
1.1786097288131713867 
