1 10 
weights:
0.63674432039260864258 
-1.0864145755767822266 
-0.67094969749450683594 
0.60075783729553222656 
0.73544943332672119141 
0.85764557123184204102 
1.2777265310287475586 
0.74429118633270263672 
1.0155788660049438477 
1.2943232059478759766 
bias:
-0.55638420581817626953 
2.8826239109039306641 
0.79306846857070922852 
0.80800497531890869141 
1.0821852684020996094 
-1.2194095849990844727 
-0.2814801335334777832 
-0.18198074400424957275 
1.9819599390029907227 
0.067604832351207733154 
10 10 
weights:
1.9661419391632080078 -0.05877407267689704895 -0.97539281845092773438 1.6399774551391601562 1.6262482404708862305 0.42747732996940612793 0.81537902355194091797 0.43135365843772888184 2.4568939208984375 0.92284959554672241211 
-1.8807132244110107422 2.3801124095916748047 0.97528177499771118164 -0.59364628791809082031 0.0071864426136016845703 -0.77614647150039672852 0.69685888290405273438 -0.33593636751174926758 0.69029521942138671875 0.51297086477279663086 
1.3751492500305175781 -1.6307700872421264648 -1.1802561283111572266 0.51097965240478515625 0.38221162557601928711 0.66571414470672607422 -1.4808382987976074219 0.068550512194633483887 -0.24378037452697753906 -0.55781912803649902344 
0.20748631656169891357 0.91182267665863037109 0.50804924964904785156 -0.19549365341663360596 -0.45878258347511291504 0.12937656044960021973 0.57660430669784545898 0.0057441615499556064606 -0.69772702455520629883 1.3767719268798828125 
0.021511040627956390381 -0.58095288276672363281 -0.0018857459072023630142 0.17353332042694091797 0.14306023716926574707 -0.078180335462093353271 -0.40947929024696350098 0.40422660112380981445 -0.045860491693019866943 -0.44864639639854431152 
0.42679548263549804688 -0.97658979892730712891 -0.83464294672012329102 -0.089381709694862365723 0.6187572479248046875 0.35840278863906860352 1.5084712505340576172 0.8407421112060546875 1.0641907453536987305 0.53560787439346313477 
-0.60748690366744995117 -0.014346146024763584137 -1.1263549327850341797 0.4179833531379699707 -0.58793759346008300781 0.91091293096542358398 1.1266369819641113281 -0.51272684335708618164 -0.57568645477294921875 -0.007011726032942533493 
1.4833191633224487305 -1.4587789773941040039 -1.3040280342102050781 0.44868829846382141113 -0.1900955885648727417 1.1698850393295288086 0.58715236186981201172 0.66274493932723999023 1.0728299617767333984 0.20660510659217834473 
-0.67293018102645874023 -0.45659282803535461426 0.25440552830696105957 -0.58635485172271728516 -0.5856914520263671875 0.14240668714046478271 0.7770455479621887207 -0.4671345055103302002 -0.068052306771278381348 0.18997284770011901855 
-0.11516516655683517456 0.002475890330970287323 -0.21728204190731048584 -0.20682117342948913574 -0.74264162778854370117 0.37539020180702209473 -0.65784472227096557617 0.59876245260238647461 -0.17928603291511535645 0.69131791591644287109 
bias:
-0.00077045219950377941132 
0.27684196829795837402 
0.33765703439712524414 
-1.0368020534515380859 
-0.28298446536064147949 
-0.34512314200401306152 
-0.90854209661483764648 
-1.0720611810684204102 
-0.34382507205009460449 
-0.49756637215614318848 
10 1 
weights:
-4.1460213661193847656 2.1014606952667236328 -2.2877187728881835938 1.5162837505340576172 -0.54735684394836425781 1.9396690130233764648 -0.16278181970119476318 1.7263240814208984375 0.3393974006175994873 -0.25621086359024047852 
bias:
-0.16541022062301635742 
