1 10 
weights:
-0.34962606430053710938 
-0.47014376521110534668 
0.34384378790855407715 
0.73262345790863037109 
0.63864487409591674805 
0.44437012076377868652 
-1.072077631950378418 
1.3704172372817993164 
0.32822015881538391113 
-1.5053815841674804688 
bias:
-0.25472554564476013184 
-0.98171663284301757812 
-0.69207864999771118164 
1.7494008541107177734 
1.4334850311279296875 
0.81471216678619384766 
3.0565230846405029297 
-0.99756234884262084961 
-0.27795377373695373535 
-1.1261873245239257812 
10 10 
weights:
-0.06058581918478012085 0.30087015032768249512 0.23905348777770996094 -0.99843549728393554688 -0.3966223597526550293 0.19856186211109161377 -0.25276657938957214355 0.038553006947040557861 -0.47205889225006103516 -0.51993411779403686523 
0.044140268117189407349 0.087260358035564422607 -0.96335905790328979492 -0.47167104482650756836 -0.74228936433792114258 0.26541978120803833008 0.33538112044334411621 -0.43654412031173706055 -0.81792759895324707031 -0.080689042806625366211 
0.98419880867004394531 1.7751065492630004883 -1.1566752195358276367 -1.5960267782211303711 -1.143489837646484375 -1.2302490472793579102 2.3989160060882568359 3.4554350376129150391 -0.90956908464431762695 -2.812259674072265625 
-0.14933441579341888428 0.59473973512649536133 0.58996742963790893555 0.59980762004852294922 1.0307115316390991211 0.32304140925407409668 -0.55599027872085571289 -0.47347712516784667969 0.77636027336120605469 0.046512816101312637329 
0.28016197681427001953 -0.082275420427322387695 0.90590447187423706055 0.58666026592254638672 -0.58629029989242553711 0.41710636019706726074 -1.5976356267929077148 -0.72569113969802856445 0.92949378490447998047 1.4301127195358276367 
-0.51393544673919677734 -0.21671046316623687744 -1.0064742565155029297 -0.92002791166305541992 -0.61297458410263061523 -0.95590788125991821289 -1.0755974054336547852 -0.84594583511352539062 -1.2565339803695678711 0.026176616549491882324 
-0.2611363828182220459 -0.15061627328395843506 0.64085906744003295898 -0.58373039960861206055 0.23293833434581756592 0.7087542414665222168 -0.59121036529541015625 -1.3007266521453857422 -0.3944117128849029541 0.18359901010990142822 
0.35569781064987182617 0.52471506595611572266 0.73497253656387329102 0.6046040654182434082 1.3457093238830566406 1.1013205051422119141 0.76859247684478759766 -0.54718035459518432617 0.79328501224517822266 0.84516155719757080078 
0.45505726337432861328 0.26826497912406921387 -0.12732583284378051758 -1.3702307939529418945 -1.4128943681716918945 -0.44160997867584228516 -0.068432845175266265869 0.94917416572570800781 0.4036108851432800293 -0.27626261115074157715 
-0.58309531211853027344 -0.45048952102661132812 -1.0877501964569091797 -0.26828655600547790527 1.050496220588684082 -0.99649447202682495117 -0.34511721134185791016 -1.2417649030685424805 0.34540581703186035156 1.5843330621719360352 
bias:
-0.5362460017204284668 
-0.39590895175933837891 
0.21785622835159301758 
0.42862460017204284668 
-0.88917565345764160156 
-1.0807837247848510742 
0.053244944661855697632 
-0.062201313674449920654 
0.029592743143439292908 
-0.64919102191925048828 
10 1 
weights:
0.4265836179256439209 0.23541373014450073242 3.7192981243133544922 -1.948489069938659668 -1.5441814661026000977 1.1781615018844604492 -0.76289904117584228516 0.70067989826202392578 1.1035341024398803711 -1.3727871179580688477 
bias:
0.026773126795887947083 
