1 10 
weights:
1.6816470623016357422 
0.43015420436859130859 
0.55746769905090332031 
-1.8560383319854736328 
1.5079076290130615234 
0.63121581077575683594 
-0.41908606886863708496 
0.4205621182918548584 
-0.63832056522369384766 
0.69153052568435668945 
bias:
-1.947304844856262207 
0.098698735237121582031 
1.0976520776748657227 
0.041772365570068359375 
1.5679880380630493164 
-1.722058415412902832 
-0.29473906755447387695 
-0.73748856782913208008 
1.7232872247695922852 
1.7136304378509521484 
10 10 
weights:
0.42222845554351806641 1.2089418172836303711 -0.080611050128936767578 0.017472857609391212463 -0.018978191539645195007 0.17737127840518951416 -0.64688515663146972656 0.31776195764541625977 -0.19061645865440368652 1.2551790475845336914 
-2.3789122104644775391 0.67049294710159301758 0.89218807220458984375 1.7592436075210571289 -1.2170625925064086914 1.4587233066558837891 -1.9236413240432739258 1.2941175699234008789 -1.2871263027191162109 1.5432083606719970703 
-0.46428635716438293457 -0.26741829514503479004 -0.24328358471393585205 1.0621600151062011719 -1.8829038143157958984 -0.16750967502593994141 0.57616752386093139648 -0.30884781479835510254 -0.51240831613540649414 -0.11284612864255905151 
0.86226326227188110352 -1.3640596866607666016 -0.85903924703598022461 -1.225214838981628418 0.87691992521286010742 -0.49744090437889099121 0.70502889156341552734 -0.089976191520690917969 1.0529727935791015625 -0.81215345859527587891 
0.59504896402359008789 -0.30370512604713439941 -0.33355289697647094727 -0.60030287504196166992 -0.088031187653541564941 0.11088233441114425659 -0.55241960287094116211 0.26304972171783447266 -0.13380208611488342285 -0.30405864119529724121 
0.38568362593650817871 -0.54165059328079223633 -0.91573989391326904297 -0.5456829071044921875 0.28855529427528381348 0.11195090413093566895 0.74915099143981933594 -0.1838652193546295166 0.17714592814445495605 -0.4742380976676940918 
-0.81090903282165527344 1.4290776252746582031 1.2068512439727783203 0.98753571510314941406 -1.9919648170471191406 1.0711991786956787109 -1.4054833650588989258 0.26706030964851379395 -1.1653009653091430664 0.38711827993392944336 
-0.59612840414047241211 0.66659176349639892578 -0.068074159324169158936 0.21235534548759460449 -1.7598829269409179688 0.91334795951843261719 0.57119292020797729492 0.89696455001831054688 -0.38832831382751464844 -0.22780789434909820557 
0.19436989724636077881 -0.76871025562286376953 -0.7684040069580078125 -0.68903714418411254883 0.4150250852108001709 -0.16496759653091430664 0.95079624652862548828 -0.27638378739356994629 0.4510148167610168457 -1.3021391630172729492 
-0.51797223091125488281 0.14889912307262420654 0.041356638073921203613 0.673847198486328125 -0.51888555288314819336 -0.23993721604347229004 -0.75116378068923950195 1.0780302286148071289 -1.1025916337966918945 0.56657081842422485352 
bias:
0.023835519328713417053 
-0.10096779465675354004 
0.46295988559722900391 
0.17572602629661560059 
-0.86353397369384765625 
-0.71168893575668334961 
-0.3906192779541015625 
-0.68878710269927978516 
-0.22705411911010742188 
-0.48000150918960571289 
10 1 
weights:
-0.73188734054565429688 -2.8014798164367675781 -0.98058259487152099609 1.9077367782592773438 0.25770539045333862305 1.1291439533233642578 -2.1987555027008056641 -0.90477043390274047852 1.6268541812896728516 -0.95606076717376708984 
bias:
2.3962986469268798828 
