1 10 
weights:
0.80241662263870239258 
1.6678049564361572266 
0.96717554330825805664 
0.6092815399169921875 
1.7652087211608886719 
0.75309270620346069336 
1.5035066604614257812 
0.79946208000183105469 
1.100842595100402832 
0.5773684382438659668 
bias:
1.6365996599197387695 
-1.9983476400375366211 
-2.4302935600280761719 
-1.1672792434692382812 
0.44163432717323303223 
-1.8026539087295532227 
-0.75631290674209594727 
1.4749522209167480469 
1.3912600278854370117 
0.2587070465087890625 
10 10 
weights:
1.7126363515853881836 0.5329850316047668457 0.21776205301284790039 0.86634612083435058594 0.29783147573471069336 1.0874642133712768555 0.84829527139663696289 1.6273941993713378906 0.91107904911041259766 1.9094717502593994141 
0.67313432693481445312 -0.50908207893371582031 1.4760599136352539062 -0.47129118442535400391 0.18687157332897186279 1.1068341732025146484 -0.23188409209251403809 -0.42815488576889038086 -0.9450893402099609375 0.59148061275482177734 
-0.25748115777969360352 -0.88556772470474243164 1.0831748247146606445 0.89011818170547485352 0.51535058021545410156 0.041380226612091064453 -0.075004704296588897705 -0.038805413991212844849 -0.10080357640981674194 0.73375952243804931641 
-0.60100507736206054688 0.39705318212509155273 1.1596931219100952148 0.54628109931945800781 -0.12804387509822845459 0.33024126291275024414 -1.1462923288345336914 0.54216569662094116211 -0.54151731729507446289 -0.29291415214538574219 
-0.38202774524688720703 1.1198363304138183594 -0.22978645563125610352 0.02896304987370967865 1.3122452497482299805 0.57362663745880126953 0.9008808135986328125 -0.33509936928749084473 1.6536704301834106445 0.15973109006881713867 
-0.67489618062973022461 0.73961848020553588867 -0.38619661331176757812 -0.48379608988761901855 0.75994521379470825195 -1.0504239797592163086 -0.098081097006797790527 0.23330192267894744873 -0.032179478555917739868 -0.16973769664764404297 
1.4863023757934570312 0.6349919438362121582 0.9249833226203918457 1.008662104606628418 0.68894708156585693359 1.4593524932861328125 -0.10558295249938964844 1.4663103818893432617 1.0225709676742553711 1.2381296157836914062 
0.5443159937858581543 1.0071632862091064453 0.29926830530166625977 0.44617626070976257324 0.74497485160827636719 0.088769420981407165527 0.61148416996002197266 0.66782093048095703125 0.50013345479965209961 0.51867836713790893555 
-0.4730885922908782959 -0.81144958734512329102 0.15197408199310302734 -0.39838454127311706543 0.48894974589347839355 -0.34863632917404174805 -0.49968999624252319336 -0.3584448695182800293 -0.49735024571418762207 0.1299098283052444458 
-0.78849881887435913086 1.8997843265533447266 -2.1930019855499267578 -2.0188214778900146484 1.1025866270065307617 -2.3340322971343994141 2.3981931209564208984 0.1630534827709197998 0.58782774209976196289 -0.50012856721878051758 
bias:
-0.4342568814754486084 
-1.0883413553237915039 
-1.7191982269287109375 
-0.7198498845100402832 
0.03900058940052986145 
-0.53344202041625976562 
-0.2347685694694519043 
0.24431616067886352539 
-0.16947281360626220703 
-0.67292672395706176758 
10 1 
weights:
-3.0609045028686523438 -1.1344294548034667969 -0.83353722095489501953 -0.63924807310104370117 3.4235994815826416016 0.84787017107009887695 -3.3065700531005859375 -0.016962528228759765625 0.32722258567810058594 2.8075377941131591797 
bias:
2.3519413471221923828 
