1 10 
weights:
1.3212902545928955078 
0.47815474867820739746 
0.86795270442962646484 
0.63254445791244506836 
0.99109029769897460938 
1.3530725240707397461 
0.54180711507797241211 
0.49102649092674255371 
0.63433510065078735352 
0.53692531585693359375 
bias:
-1.0137121677398681641 
-0.092342011630535125732 
-0.33530482649803161621 
0.60387021303176879883 
-2.4478390216827392578 
1.0280028581619262695 
-1.2254157066345214844 
-1.3167107105255126953 
0.82864284515380859375 
0.32586890459060668945 
10 10 
weights:
1.1546062231063842773 -0.69050645828247070312 0.48233571648597717285 -0.92946159839630126953 -0.54389095306396484375 0.69944095611572265625 0.23903389275074005127 -0.75388747453689575195 -0.29072546958923339844 -0.072720617055892944336 
0.040480744093656539917 -0.034226115792989730835 0.030654454603791236877 -0.61753177642822265625 -0.1409206390380859375 -0.39958688616752624512 0.46711036562919616699 -0.57367378473281860352 -1.3106948137283325195 0.36767140030860900879 
-0.56186091899871826172 0.76398909091949462891 0.31116387248039245605 0.92932671308517456055 0.073844783008098602295 0.81503605842590332031 0.22432023286819458008 0.54672932624816894531 0.61954277753829956055 1.5634492635726928711 
3.8761508464813232422 -1.2199147939682006836 0.12301020324230194092 -0.38179704546928405762 -1.902199864387512207 2.2152273654937744141 -1.3691103458404541016 -1.5856137275695800781 -0.99356752634048461914 -1.2233731746673583984 
0.60673213005065917969 1.5775643587112426758 1.2620633840560913086 1.7858542203903198242 0.76687705516815185547 1.9393805265426635742 1.643610835075378418 0.53497624397277832031 1.9220305681228637695 1.9215161800384521484 
0.8256791234016418457 -0.44612634181976318359 -0.301605224609375 -0.58236783742904663086 -0.072542816400527954102 -0.17212766408920288086 0.28231832385063171387 -0.39307609200477600098 -0.793605804443359375 -1.081217646598815918 
-1.1362016201019287109 -1.5030828714370727539 -1.1945730447769165039 -1.1317595243453979492 -0.96390807628631591797 -1.3893631696701049805 -0.79616248607635498047 -1.1410535573959350586 -0.91762644052505493164 -1.4754605293273925781 
-0.20438836514949798584 -0.7141653895378112793 -0.39807578921318054199 -0.74971860647201538086 -0.11443328112363815308 -1.499347686767578125 -0.73398596048355102539 -1.0797553062438964844 -1.0952898263931274414 -0.91238945722579956055 
-1.2406421899795532227 0.1726192086935043335 -0.39352452754974365234 -0.14964637160301208496 0.65812772512435913086 -1.3332142829895019531 0.49865812063217163086 0.97787958383560180664 0.37262734770774841309 0.53356760740280151367 
-1.1065816879272460938 0.24027281999588012695 0.36619988083839416504 0.18822497129440307617 0.96797221899032592773 -1.8475230932235717773 0.69002258777618408203 0.61452335119247436523 0.086750507354736328125 0.38892629742622375488 
bias:
0.027928510680794715881 
-1.3548029661178588867 
0.69520050287246704102 
0.34619614481925964355 
-0.070941977202892303467 
-1.1611256599426269531 
-1.5913865566253662109 
-0.82286876440048217773 
-0.32525831460952758789 
-0.67665666341781616211 
10 1 
weights:
1.0832817554473876953 -0.19396916031837463379 -0.69656020402908325195 3.8268229961395263672 -4.3322539329528808594 0.91942590475082397461 1.8375066518783569336 0.93934446573257446289 -1.7090101242065429688 -1.8861706256866455078 
bias:
3.459384918212890625 
