1 10 
weights:
0.55676513910293579102 
0.7484715580940246582 
0.8564249873161315918 
1.0960799455642700195 
0.56672233343124389648 
-1.6374586820602416992 
1.5616077184677124023 
0.84883850812911987305 
-0.85076802968978881836 
0.68178713321685791016 
bias:
-0.94540071487426757812 
1.2102570533752441406 
1.2895036935806274414 
1.488596796989440918 
0.48837530612945556641 
1.5430905818939208984 
0.27298873662948608398 
-2.2071535587310791016 
2.1843078136444091797 
0.95754957199096679688 
10 10 
weights:
0.21511156857013702393 -0.46267399191856384277 0.46941426396369934082 -0.57091492414474487305 -0.71668767929077148438 -0.83496230840682983398 0.15624955296516418457 -0.086693122982978820801 -0.26836347579956054688 -0.27662819623947143555 
0.16864445805549621582 0.15595602989196777344 0.63044893741607666016 0.35614737868309020996 0.36465501785278320312 0.26633873581886291504 0.35014453530311584473 0.48589727282524108887 0.41201680898666381836 0.61383873224258422852 
0.45351564884185791016 -0.34908315539360046387 0.029958084225654602051 -0.38738274574279785156 0.72860866785049438477 -0.049093160778284072876 0.84275722503662109375 -0.078660786151885986328 0.58346104621887207031 0.74317532777786254883 
0.3475138247013092041 -0.83343416452407836914 -0.83595925569534301758 -0.89996892213821411133 0.37192746996879577637 1.9628763198852539062 -1.3401259183883666992 -0.18270912766456604004 0.91827118396759033203 -0.28085818886756896973 
-0.52176260948181152344 -1.9234116077423095703 -1.7262277603149414062 -1.7355972528457641602 -1.4769260883331298828 0.15030272305011749268 -1.9245400428771972656 -0.78975600004196166992 -0.80665838718414306641 -1.8960114717483520508 
1.4750007390975952148 -0.47735640406608581543 -0.35612958669662475586 -1.1263594627380371094 0.45992019772529602051 0.30289429426193237305 -0.049047980457544326782 1.7230945825576782227 -2.4242062568664550781 0.46447381377220153809 
-0.52831768989562988281 -1.2012420892715454102 0.32959136366844177246 1.1870269775390625 -1.2538543939590454102 -1.9013257026672363281 0.65097928047180175781 -1.0395044088363647461 0.68254321813583374023 0.11833605915307998657 
0.98497414588928222656 1.1544302701950073242 0.75023537874221801758 1.3132158517837524414 1.7019662857055664062 0.040900889784097671509 0.54960775375366210938 -0.064454123377799987793 -0.34004062414169311523 1.6315617561340332031 
1.8505860567092895508 1.009699702262878418 2.2036955356597900391 1.3327467441558837891 0.91858208179473876953 -0.54615968465805053711 1.0874854326248168945 0.30100286006927490234 -0.24473989009857177734 1.5574589967727661133 
-0.76201844215393066406 -0.44120371341705322266 0.54418557882308959961 0.89170110225677490234 -0.4483471214771270752 -1.8398220539093017578 0.94346940517425537109 -1.0968692302703857422 1.7408353090286254883 -0.48449599742889404297 
bias:
-1.1276714801788330078 
0.34330689907073974609 
1.5879613161087036133 
-0.50822949409484863281 
-2.0159788131713867188 
-0.4368355870246887207 
0.15458655357360839844 
-0.38941544294357299805 
0.014848493970930576324 
-0.28538599610328674316 
10 1 
weights:
0.13007044792175292969 0.56553071737289428711 2.2495138645172119141 -1.9252252578735351562 3.1178801059722900391 -2.2238376140594482422 1.8846830129623413086 -2.9024524688720703125 -2.4511656761169433594 2.0970973968505859375 
bias:
1.7637499570846557617 
