1 10 
weights:
0.94864952564239501953 
0.59370982646942138672 
0.68470603227615356445 
1.1181149482727050781 
0.52857393026351928711 
1.9691944122314453125 
0.74652087688446044922 
1.3577907085418701172 
1.4687061309814453125 
1.6820081472396850586 
bias:
2.226116180419921875 
-1.2193528413772583008 
-1.6824231147766113281 
1.3214535713195800781 
-0.24872116744518280029 
0.06769561767578125 
-2.0275113582611083984 
-1.967560887336730957 
0.79596060514450073242 
-1.057870030403137207 
10 10 
weights:
-0.31449782848358154297 -1.3344705104827880859 -0.24763508141040802002 0.29289707541465759277 -0.45904058218002319336 0.097116805613040924072 -0.8375657200813293457 0.7737452387809753418 -0.30964046716690063477 1.5431555509567260742 
0.49444216489791870117 0.93864232301712036133 0.19314827024936676025 0.49964064359664916992 -0.19649787247180938721 0.63603389263153076172 -0.17200984060764312744 1.391772150993347168 0.85725063085556030273 0.43191540241241455078 
2.7285437583923339844 1.9094443321228027344 0.58384549617767333984 2.0536653995513916016 1.1434959173202514648 -0.14963479340076446533 0.82284379005432128906 1.511487126350402832 1.6661629676818847656 0.42898172140121459961 
-0.66772419214248657227 0.02304225042462348938 -0.40562301874160766602 -0.067368611693382263184 0.4117794036865234375 0.27592480182647705078 -0.22958990931510925293 -0.068315334618091583252 0.86438322067260742188 1.0379419326782226562 
0.46183836460113525391 -0.47206503152847290039 -0.55580025911331176758 -0.45312586426734924316 0.15137995779514312744 -0.96637696027755737305 0.29311910271644592285 -0.38053926825523376465 -0.78636896610260009766 -0.24151904881000518799 
-0.68761461973190307617 -0.95919311046600341797 -0.52008217573165893555 0.41220343112945556641 -0.32735395431518554688 0.7766234278678894043 -1.0148049592971801758 1.1074723005294799805 0.1952174454927444458 0.54676496982574462891 
-0.0092956423759460449219 1.5008776187896728516 1.4438152313232421875 -0.73108017444610595703 0.97727465629577636719 -1.3262749910354614258 1.2785050868988037109 0.77987265586853027344 -1.082523345947265625 -0.26385006308555603027 
0.5757039189338684082 -1.0473099946975708008 -1.1838247776031494141 1.1307026147842407227 -0.47289651632308959961 0.21876420080661773682 -1.3043779134750366211 -0.50714659690856933594 0.41758194565773010254 1.2829368114471435547 
-0.040718127042055130005 0.22978532314300537109 -0.44765245914459228516 0.20005781948566436768 0.40731611847877502441 0.18098573386669158936 0.45771306753158569336 -0.26098546385765075684 -0.070764139294624328613 0.33897110819816589355 
-0.79509431123733520508 -1.0869257450103759766 -1.0841823816299438477 0.46394884586334228516 -0.92820543050765991211 0.66838270425796508789 -1.4035716056823730469 1.8661618232727050781 0.3315677344799041748 0.87886393070220947266 
bias:
-1.057290196418762207 
-1.3088022470474243164 
-0.61032271385192871094 
-0.91979759931564331055 
-0.50170439481735229492 
-1.6369156837463378906 
-1.0986925363540649414 
-0.44718319177627563477 
-0.87087839841842651367 
-0.86504328250885009766 
10 1 
weights:
1.1464381217956542969 0.98572742938995361328 -4.4506683349609375 0.35028174519538879395 -0.67611420154571533203 1.8995088338851928711 -2.1371867656707763672 1.5192600488662719727 -0.33454573154449462891 1.9525662660598754883 
bias:
2.0701968669891357422 
