1 10 
weights:
1.0221499204635620117 
1.2523043155670166016 
0.45661300420761108398 
1.0348590612411499023 
0.41679516434669494629 
1.2183220386505126953 
0.50439590215682983398 
1.1182314157485961914 
1.1092112064361572266 
-0.42090532183647155762 
bias:
-0.11549606174230575562 
-0.83861011266708374023 
0.2920977175235748291 
2.7313451766967773438 
-0.12540729343891143799 
-3.1436135768890380859 
-0.90108460187911987305 
0.62848311662673950195 
1.1771548986434936523 
0.4954789578914642334 
10 10 
weights:
0.7055523991584777832 0.89654546976089477539 -1.2177916765213012695 -0.024855233728885650635 0.38178434967994689941 -1.3077427148818969727 -0.21485039591789245605 0.36786565184593200684 0.61160749197006225586 0.3417809903621673584 
0.53987169265747070312 -0.16173648834228515625 -1.0352858304977416992 -0.49944090843200683594 -0.46082934737205505371 -0.09528913348913192749 -0.097314596176147460938 -0.31593585014343261719 -0.42131832242012023926 0.3295453190803527832 
-0.40833050012588500977 -1.6789969205856323242 0.71924471855163574219 0.91002899408340454102 1.4507174491882324219 1.5664376020431518555 0.97199302911758422852 -0.94287776947021484375 -0.88416260480880737305 -0.56201761960983276367 
-1.2189807891845703125 0.33133575320243835449 0.33826455473899841309 0.774936676025390625 0.17645271122455596924 1.4750869274139404297 0.14098340272903442383 -0.50598090887069702148 -0.2076966017484664917 -0.45828217267990112305 
0.22491101920604705811 1.0979475975036621094 -1.106789708137512207 -0.66915887594223022461 0.06823097914457321167 0.47733831405639648438 0.37228670716285705566 1.3306673765182495117 -0.10867562144994735718 0.14760729670524597168 
0.40745523571968078613 0.61448955535888671875 -0.3195018768310546875 -0.30712658166885375977 -0.70090746879577636719 0.4016348421573638916 0.91218596696853637695 0.069561526179313659668 1.4054659605026245117 -0.61874097585678100586 
-0.80659765005111694336 -0.90942364931106567383 -0.98940414190292358398 -2.4134562015533447266 -0.63327544927597045898 0.51709485054016113281 -0.69401568174362182617 -0.00044569978490471839905 -1.5342724323272705078 0.92349284887313842773 
-0.58048135042190551758 -0.6213601231575012207 0.51312029361724853516 1.0455105304718017578 -0.25844091176986694336 0.10302676260471343994 0.22787636518478393555 -0.64238762855529785156 0.72421658039093017578 -0.38244393467903137207 
-0.65458184480667114258 -1.853373408317565918 1.1062256097793579102 0.86036342382431030273 0.8968645930290222168 1.606030583381652832 1.3761464357376098633 -1.6343418359756469727 -0.013730661012232303619 -1.3527343273162841797 
-0.062806539237499237061 0.57923156023025512695 -0.28887945413589477539 -0.40206068754196166992 0.71765428781509399414 0.67806142568588256836 -0.070430792868137359619 -0.76031464338302612305 -0.88339018821716308594 -0.80763512849807739258 
bias:
-1.1246790885925292969 
-0.4380238950252532959 
-0.62539130449295043945 
-1.3381501436233520508 
-0.86715489625930786133 
-0.29246258735656738281 
0.0027894519735127687454 
-0.18376947939395904541 
-0.13592965900897979736 
-0.29867225885391235352 
10 1 
weights:
1.3641494512557983398 0.36252480745315551758 -2.2785165309906005859 -1.5162465572357177734 1.2603650093078613281 1.2501558065414428711 2.4017300605773925781 -0.8425992131233215332 -2.4993486404418945312 -0.4829604029655456543 
bias:
0.6986865997314453125 
