1 10 
weights:
-0.50798410177230834961 
-0.79006761312484741211 
-0.64409518241882324219 
-0.79752147197723388672 
-0.93129116296768188477 
1.0161854028701782227 
1.4860944747924804688 
-0.74619126319885253906 
0.89545601606369018555 
-0.91249346733093261719 
bias:
-0.30003711581230163574 
1.2864528894424438477 
-0.98812520503997802734 
1.8030408620834350586 
-2.1838450431823730469 
-0.87992238998413085938 
0.93160825967788696289 
1.0238119363784790039 
2.0636000633239746094 
-0.34391036629676818848 
10 10 
weights:
0.24025897681713104248 -0.66237461566925048828 0.78704839944839477539 -0.60803276300430297852 0.58511531352996826172 -0.65770125389099121094 0.03853406757116317749 0.6509367823600769043 -0.21989314258098602295 -0.33166474103927612305 
0.52445489168167114258 0.36592829227447509766 0.11586488783359527588 0.23614329099655151367 0.45841553807258605957 -1.4930685758590698242 -0.69994395971298217773 0.93693262338638305664 -0.8957532048225402832 1.3524593114852905273 
0.8573277592658996582 -0.4136696159839630127 1.2686201333999633789 0.18858426809310913086 2.0754368305206298828 0.86896616220474243164 0.50090593099594116211 -0.23640806972980499268 -3.1089494228363037109 -0.11336776614189147949 
-0.19654710590839385986 0.4040718376636505127 0.6965796351432800293 -0.39052513241767883301 0.61713117361068725586 -1.1150636672973632812 -0.97517663240432739258 0.56126201152801513672 -0.73808532953262329102 1.143870234489440918 
1.1447187662124633789 0.42745468020439147949 0.77882772684097290039 1.0839989185333251953 -0.53791481256484985352 0.11843208968639373779 1.0948843955993652344 0.035121437162160873413 1.3097883462905883789 0.83356606960296630859 
-0.35714939236640930176 0.68641555309295654297 0.8540795445442199707 1.1537690162658691406 0.97370904684066772461 -0.018380753695964813232 0.023527625948190689087 0.72794586420059204102 0.62438404560089111328 0.096033900976181030273 
-0.2924111783504486084 -1.265778660774230957 0.53492873907089233398 -0.64366126060485839844 -0.58728158473968505859 -0.68612831830978393555 -0.52821886539459228516 -0.66109365224838256836 -0.9313640594482421875 0.1221036761999130249 
1.1055006980895996094 1.6947273015975952148 1.5127593278884887695 2.3493108749389648438 0.32744884490966796875 -0.89534550905227661133 0.03937219083309173584 1.6828480958938598633 -1.0043666362762451172 0.70659208297729492188 
-0.70776265859603881836 0.043414305895566940308 0.31984257698059082031 -0.47587656974792480469 -0.95013153553009033203 -0.57825410366058349609 -0.62346923351287841797 -0.20073695480823516846 -0.82920801639556884766 1.0537974834442138672 
0.56771963834762573242 -0.18531613051891326904 0.30096906423568725586 -0.42439043521881103516 0.31285977363586425781 -0.88203054666519165039 -0.29876556992530822754 -0.62101393938064575195 -0.19433999061584472656 -0.060526832938194274902 
bias:
-0.37734344601631164551 
0.12958917021751403809 
-1.3834453821182250977 
0.040752094238996505737 
1.2637133598327636719 
-0.45397257804870605469 
-0.7219600677490234375 
0.36260011792182922363 
0.027128053829073905945 
-0.12291675806045532227 
10 1 
weights:
0.52933990955352783203 -2.7699577808380126953 3.2298076152801513672 -1.3038064241409301758 -2.6693201065063476562 1.5404008626937866211 0.50336271524429321289 3.6733014583587646484 -0.48959532380104064941 0.021210236474871635437 
bias:
-0.48690569400787353516 
