1 10 
weights:
1.6527591943740844727 
0.44549602270126342773 
0.40126475691795349121 
0.41025459766387939453 
0.39785668253898620605 
2.0653536319732666016 
-0.45242393016815185547 
-0.476093292236328125 
-0.52833342552185058594 
-1.5606139898300170898 
bias:
-1.8508701324462890625 
0.63324159383773803711 
0.31577515602111816406 
0.28169152140617370605 
-0.043757040053606033325 
-0.068073004484176635742 
-0.80960857868194580078 
0.74810242652893066406 
0.92727416753768920898 
-1.4725037813186645508 
10 10 
weights:
-0.17731781303882598877 0.31637227535247802734 -1.0676130056381225586 0.21242037415504455566 -0.15278142690658569336 -0.32170671224594116211 -0.023282527923583984375 -0.80864179134368896484 -0.61733961105346679688 0.15634888410568237305 
-0.51344048976898193359 -0.5561987757682800293 0.044162761420011520386 -0.51094281673431396484 0.063842691481113433838 -0.52301001548767089844 -0.29699629545211791992 -0.30733245611190795898 -0.24231937527656555176 0.19629628956317901611 
-0.53968292474746704102 -0.40636530518531799316 -0.49821737408638000488 -0.92851042747497558594 -1.2726382017135620117 -0.57027733325958251953 -0.76543474197387695312 -0.44292882084846496582 -0.6668879389762878418 -0.67459923028945922852 
-0.59617853164672851562 0.61492073535919189453 0.86986911296844482422 1.0154184103012084961 0.64652270078659057617 -1.1052391529083251953 -0.90242552757263183594 -1.3059691190719604492 -1.1648311614990234375 1.8951703310012817383 
-0.6735515594482421875 -0.63034421205520629883 -0.54194688796997070312 0.17447026073932647705 0.3097209930419921875 -0.26944664120674133301 0.43946221470832824707 0.12798996269702911377 0.13568285107612609863 -0.049110934138298034668 
0.79435509443283081055 -0.8004887700080871582 -0.56436240673065185547 -0.28284659981727600098 -0.25979131460189819336 0.48562982678413391113 -0.049161370843648910522 -0.4409192204475402832 0.21214847266674041748 -0.91940665245056152344 
-0.10734397172927856445 -1.5543472766876220703 -0.76074278354644775391 -0.28231075406074523926 -0.56179982423782348633 -1.089430689811706543 -0.061523560434579849243 0.65109962224960327148 0.10514523088932037354 -0.42773672938346862793 
-0.41187277436256408691 -0.28058546781539916992 0.28516969084739685059 0.89589339494705200195 0.59025353193283081055 -0.45909732580184936523 -1.221088409423828125 -1.0744941234588623047 -1.5473494529724121094 1.9112851619720458984 
2.8860900402069091797 -1.8202803134918212891 -1.5749633312225341797 -1.4368965625762939453 -1.6778223514556884766 1.4394257068634033203 1.6970868110656738281 1.6840918064117431641 0.93995648622512817383 -2.1540973186492919922 
-0.35279557108879089355 0.43953976035118103027 -0.48471552133560180664 0.5906626582145690918 0.24821577966213226318 -0.87659043073654174805 0.41611817479133605957 -1.0824629068374633789 -0.044438660144805908203 0.86054813861846923828 
bias:
0.23143842816352844238 
-0.64663767814636230469 
-0.38088020682334899902 
-0.40056282281875610352 
0.72526186704635620117 
-0.23982964456081390381 
-0.23184435069561004639 
0.11128090322017669678 
0.14577595889568328857 
-1.079010009765625 
10 1 
weights:
-0.40548840165138244629 -0.52151972055435180664 0.79131174087524414062 -2.3710873126983642578 0.19023647904396057129 0.79708015918731689453 0.83206033706665039062 -1.9305318593978881836 3.7450408935546875 -0.91627115011215209961 
bias:
-0.28263247013092041016 
