1 10 
weights:
-0.77214598655700683594 
1.006732940673828125 
0.58460098505020141602 
-1.771870732307434082 
-1.3364533185958862305 
0.97355890274047851562 
-0.41014391183853149414 
0.64586609601974487305 
-0.61014944314956665039 
0.55356991291046142578 
bias:
1.8500351905822753906 
2.4365763664245605469 
0.9874776005744934082 
0.16174021363258361816 
1.3121602535247802734 
1.6825029850006103516 
-0.1031223982572555542 
-1.2431566715240478516 
1.2177051305770874023 
0.81230950355529785156 
10 10 
weights:
1.4049010276794433594 -1.8913489580154418945 -0.83904063701629638672 1.3553978204727172852 1.2341263294219970703 -1.7673479318618774414 0.3200092315673828125 -1.0987591743469238281 0.57284140586853027344 -0.23813590407371520996 
-0.98358863592147827148 -0.63484334945678710938 0.57421129941940307617 0.70739203691482543945 -0.0030804437119513750076 -0.68826520442962646484 -1.4450895786285400391 1.4130861759185791016 -0.97937762737274169922 0.42267951369285583496 
-0.2548624575138092041 0.064603529870510101318 -0.88112974166870117188 0.75753188133239746094 0.23321177065372467041 -0.48326486349105834961 -0.65552610158920288086 -0.01368867047131061554 -0.8638477325439453125 0.72948545217514038086 
-0.62426400184631347656 0.59692466259002685547 0.30412694811820983887 0.19939664006233215332 0.30416339635848999023 -0.63721549510955810547 -0.87181699275970458984 0.38011652231216430664 -0.67040717601776123047 -0.32556959986686706543 
-1.2356795072555541992 1.3869011402130126953 0.6791865229606628418 1.2401936054229736328 1.9621862173080444336 0.21180765330791473389 -2.1761291027069091797 0.11954006552696228027 -0.64032763242721557617 1.1265350580215454102 
0.32436075806617736816 -1.6556152105331420898 -1.0391865968704223633 -0.37269642949104309082 -0.3633435368537902832 -1.1626350879669189453 1.4847190380096435547 -0.54476094245910644531 0.69523191452026367188 -1.0173189640045166016 
-2.5171701908111572266 0.32136380672454833984 0.36417698860168457031 0.8964303135871887207 0.93784910440444946289 -0.59105342626571655273 -1.355341792106628418 1.8240104913711547852 -1.5678746700286865234 0.42213845252990722656 
-1.3223531246185302734 0.061191327869892120361 0.87273603677749633789 -1.581168055534362793 -1.3188287019729614258 0.47820881009101867676 -0.15544460713863372803 0.76227712631225585938 -0.92513120174407958984 0.071063123643398284912 
-0.71909976005554199219 -0.00061767705483362078667 -0.12717050313949584961 -0.090459212660789489746 -0.41636809706687927246 -0.26648420095443725586 -0.99486178159713745117 0.60728621482849121094 -0.45869466662406921387 -0.18656103312969207764 
0.30368053913116455078 -0.35308820009231567383 0.64002400636672973633 0.41546928882598876953 0.046993643045425415039 0.42083141207695007324 -0.18790140748023986816 0.26236224174499511719 0.15012045204639434814 0.55932283401489257812 
bias:
-0.50077307224273681641 
-0.20549249649047851562 
-1.5839645862579345703 
-0.33252295851707458496 
-0.37770059704780578613 
-0.4658393561840057373 
-0.47955268621444702148 
1.0248136520385742188 
-0.30747896432876586914 
0.94215685129165649414 
10 1 
weights:
-2.3160681724548339844 -1.4925371408462524414 -0.33800479769706726074 -0.85060030221939086914 -2.9187040328979492188 2.4983606338500976562 -2.9846937656402587891 1.6019345521926879883 -0.62362462282180786133 0.73460012674331665039 
bias:
2.6572892665863037109 
