1 10 
weights:
2.0787343978881835938 
0.8880055546760559082 
-0.46517077088356018066 
0.48023048043251037598 
-0.42639228701591491699 
0.42082345485687255859 
0.49238783121109008789 
1.5915600061416625977 
1.5657535791397094727 
0.41381856799125671387 
bias:
0.084578886628150939941 
-2.6512968540191650391 
-0.76790118217468261719 
0.6883494257926940918 
-0.32030737400054931641 
0.10118041187524795532 
0.84429353475570678711 
1.6738064289093017578 
-1.4840576648712158203 
0.12297827750444412231 
10 10 
weights:
-1.6392171382904052734 -0.31125363707542419434 -0.81666016578674316406 -0.41163775324821472168 0.085073485970497131348 0.45992141962051391602 0.16468080878257751465 0.22696603834629058838 -0.25670260190963745117 0.34406867623329162598 
0.22263438999652862549 0.50009518861770629883 0.99149125814437866211 -1.0553823709487915039 0.28409406542778015137 -0.62739109992980957031 -0.64282822608947753906 0.29369387030601501465 -0.61723369359970092773 -0.44360828399658203125 
-1.0169030427932739258 2.0299556255340576172 -1.3299593925476074219 0.48912224173545837402 -0.46641385555267333984 0.78267252445220947266 1.4064793586730957031 -2.2626230716705322266 -1.0208200216293334961 0.994915008544921875 
-0.20420403778553009033 0.41578051447868347168 0.21232593059539794922 -0.17485098540782928467 0.49350187182426452637 0.039636839181184768677 0.44519060850143432617 0.27009958028793334961 -0.18154805898666381836 0.30918323993682861328 
0.24560838937759399414 0.91382175683975219727 -0.66209495067596435547 -0.53437757492065429688 -0.038027163594961166382 0.26040607690811157227 0.10617709904909133911 0.11353241652250289917 0.34688627719879150391 0.41077047586441040039 
-0.41609358787536621094 0.62096667289733886719 0.30558007955551147461 0.66171979904174804688 -1.1379340887069702148 1.0466718673706054688 -0.13722479343414306641 -1.4825490713119506836 -0.90306293964385986328 1.3406733274459838867 
0.28913959860801696777 1.1487389802932739258 0.032737422734498977661 -0.88173747062683105469 0.66100674867630004883 0.053161382675170898438 -0.013652278110384941101 0.010781418532133102417 -0.19533076882362365723 -0.083715379238128662109 
-0.03073044121265411377 0.078301057219505310059 -0.74114429950714111328 0.6455230712890625 -0.003282066667452454567 0.66395437717437744141 -0.7801850438117980957 -0.071626789867877960205 -0.5765196681022644043 0.36256995797157287598 
1.0657532215118408203 -0.89996808767318725586 1.6356004476547241211 -1.0354971885681152344 1.3717123270034790039 -1.5984973907470703125 -1.5865681171417236328 1.6738996505737304688 2.5108118057250976562 -0.89335334300994873047 
0.77179181575775146484 -0.67779552936553955078 -0.069007486104965209961 -0.52638828754425048828 0.32558047771453857422 -1.0277608633041381836 -0.78753751516342163086 0.39320126175880432129 1.7084603309631347656 -0.19428253173828125 
bias:
-0.50965291261672973633 
0.009563424624502658844 
-0.15892545878887176514 
-0.58511322736740112305 
-1.2592167854309082031 
-0.61391162872314453125 
0.33062884211540222168 
-0.40795740485191345215 
-0.90410286188125610352 
-0.97155779600143432617 
10 1 
weights:
-0.5386988520622253418 0.79892694950103759766 -2.70726776123046875 0.028713308274745941162 0.084239616990089416504 -1.5782591104507446289 0.14817723631858825684 -0.27965646982192993164 3.1751699447631835938 1.621494293212890625 
bias:
-0.43098473548889160156 
