1 10 
weights:
1.3444973230361938477 
1.5421612262725830078 
-0.40847685933113098145 
0.44308227300643920898 
0.75733989477157592773 
1.0644335746765136719 
-0.55833405256271362305 
-0.49616774916648864746 
1.1748211383819580078 
0.41986942291259765625 
bias:
-0.88106185197830200195 
0.41021612286567687988 
0.49567019939422607422 
0.097947813570499420166 
1.888524174690246582 
-2.6481680870056152344 
-1.0092270374298095703 
-0.99606484174728393555 
1.1742231845855712891 
-0.27141121029853820801 
10 10 
weights:
-0.64567130804061889648 -1.685760498046875 -1.5435080528259277344 1.1766988039016723633 0.52435982227325439453 3.0091845989227294922 -0.493549346923828125 -0.085809595882892608643 -1.9128297567367553711 1.7539565563201904297 
1.5768233537673950195 1.2236779928207397461 -1.0516034364700317383 0.69729578495025634766 -1.1231290102005004883 0.96484333276748657227 -0.18476323783397674561 0.019894341006875038147 0.8926372528076171875 -0.30564108490943908691 
0.26519784331321716309 0.51837974786758422852 0.43147450685501098633 -0.24516181647777557373 -1.1180820465087890625 -1.0802774429321289062 0.15121629834175109863 0.64731591939926147461 1.2308136224746704102 0.069973044097423553467 
0.20545217394828796387 -0.2711347043514251709 -0.036434162408113479614 -0.089962847530841827393 -0.41504621505737304688 -0.21667565405368804932 -0.67370355129241943359 -0.75905311107635498047 -1.2231321334838867188 -0.29385432600975036621 
0.77995282411575317383 1.013825535774230957 0.097938850522041320801 -0.20291353762149810791 -0.49574601650238037109 0.092806570231914520264 0.60813820362091064453 0.80700069665908813477 0.42789483070373535156 -0.1582759171724319458 
-0.53365194797515869141 0.42420884966850280762 0.45795837044715881348 -0.098498933017253875732 -0.49884569644927978516 0.17024590075016021729 0.2215989232063293457 -0.21482750773429870605 -0.30643755197525024414 -0.025682194158434867859 
0.35466739535331726074 1.1206862926483154297 -0.57668155431747436523 1.2573428153991699219 1.1748790740966796875 1.0277696847915649414 -0.39327380061149597168 0.32839208841323852539 -0.54916548728942871094 0.92981886863708496094 
0.081478238105773925781 -0.11092483997344970703 0.5015233159065246582 -0.55742067098617553711 0.018313474953174591064 0.33713486790657043457 -0.17379853129386901855 1.1750818885047920048e-05 0.057569175958633422852 0.11066202819347381592 
-0.51627838611602783203 -0.28224042057991027832 -0.48730713129043579102 0.56199866533279418945 1.1760734319686889648 0.18133185803890228271 -0.3924604952335357666 -0.35702374577522277832 -2.0225796699523925781 0.36757135391235351562 
-1.5108193159103393555 -0.60695600509643554688 0.45565700531005859375 -2.1030149459838867188 -1.6552140712738037109 -0.65984100103378295898 0.94626212120056152344 0.46506267786026000977 -2.0470013618469238281 -1.5559154748916625977 
bias:
-0.14910566806793212891 
-1.4102709293365478516 
-0.33308085799217224121 
0.078480221331119537354 
-0.57668966054916381836 
-0.43747764825820922852 
0.50256186723709106445 
-0.5408923029899597168 
-0.074189059436321258545 
-0.62209248542785644531 
10 1 
weights:
-3.5447356700897216797 2.266193389892578125 1.4514989852905273438 -0.67588961124420166016 1.6883414983749389648 0.15288892388343811035 -2.0432400703430175781 0.13502705097198486328 -1.6888297796249389648 2.2166180610656738281 
bias:
0.2930317223072052002 
