1 10 
weights:
-0.82760071754455566406 
0.75424456596374511719 
0.77921509742736816406 
0.58428716659545898438 
1.6166651248931884766 
1.3286342620849609375 
-0.88076674938201904297 
0.56156319379806518555 
1.0998139381408691406 
0.49427777528762817383 
bias:
-1.363381505012512207 
1.4258484840393066406 
1.7855931520462036133 
0.83561789989471435547 
-1.3233317136764526367 
0.56160402297973632812 
2.0909988880157470703 
0.50174576044082641602 
-2.9332191944122314453 
-0.80735695362091064453 
10 10 
weights:
-0.50826686620712280273 -0.28912195563316345215 -0.47709661722183227539 -0.21263051033020019531 0.80666577816009521484 0.58049225807189941406 0.21427962183952331543 -1.0603706836700439453 -0.40329247713088989258 -0.49937087297439575195 
-0.53671336174011230469 -0.61722636222839355469 -0.20962092280387878418 -0.51653337478637695312 0.88738012313842773438 0.35511261224746704102 0.1924393773078918457 0.049898236989974975586 -0.46569767594337463379 -0.40592873096466064453 
-1.2005449533462524414 0.74158823490142822266 0.58153653144836425781 0.57926297187805175781 -0.92126762866973876953 0.77077960968017578125 -0.048101533204317092896 0.13480839133262634277 0.24452817440032958984 1.8709980249404907227 
-0.38577479124069213867 0.31814807653427124023 -1.2058532238006591797 -1.0386830568313598633 1.5561609268188476562 1.0812851190567016602 1.1376770734786987305 0.11765435338020324707 -1.5197007656097412109 -0.57405966520309448242 
-0.78808498382568359375 1.3699589967727661133 1.7188428640365600586 0.76013278961181640625 0.42213404178619384766 0.14243462681770324707 -0.018930191174149513245 1.4380081892013549805 0.30423495173454284668 0.77872174978256225586 
0.17427298426628112793 -0.2785472869873046875 0.41295886039733886719 -0.010317826643586158752 -1.2433234453201293945 -1.0366830825805664062 -1.668326258659362793 0.54223233461380004883 2.2200775146484375 1.231654047966003418 
0.15872243046760559082 -0.22224543988704681396 -0.026918921619653701782 -0.11330061405897140503 0.37822309136390686035 0.12098783999681472778 0.39578109979629516602 -0.62978821992874145508 -0.50288802385330200195 0.38115859031677246094 
-0.88764744997024536133 1.7181670665740966797 0.95978134870529174805 0.53675359487533569336 0.77708405256271362305 0.68656051158905029297 -1.5039739608764648438 0.35969460010528564453 0.85911571979522705078 0.46492567658424377441 
-0.042979389429092407227 -0.28077882528305053711 0.045853734016418457031 -0.51280230283737182617 0.40818437933921813965 -0.32266017794609069824 -0.15118850767612457275 0.56852352619171142578 -0.01000663265585899353 -1.0016107559204101562 
-1.0661237239837646484 1.1094100475311279297 1.1963956356048583984 1.3700435161590576172 1.0813274383544921875 0.71012467145919799805 -0.034049924463033676147 1.0107104778289794922 0.84228867292404174805 1.0659829378128051758 
bias:
-0.10419434309005737305 
-0.34600439667701721191 
1.1325538158416748047 
0.28235992789268493652 
-0.20391896367073059082 
-0.28601396083831787109 
-0.86399346590042114258 
-1.527278900146484375 
-0.13008882105350494385 
0.22881571948528289795 
10 1 
weights:
1.3295528888702392578 0.81405752897262573242 -1.0016162395477294922 2.078113555908203125 -2.1797912120819091797 -2.3914334774017333984 0.59249770641326904297 2.8928787708282470703 0.27898004651069641113 -2.1116306781768798828 
bias:
1.6178388595581054688 
