1 10 
weights:
-1.4201601743698120117 
-1.577612757682800293 
-0.3968308568000793457 
0.50874024629592895508 
1.5964975357055664062 
-0.58399486541748046875 
-0.80683231353759765625 
0.58111536502838134766 
1.4440426826477050781 
0.70000118017196655273 
bias:
-0.53795945644378662109 
-2.0355195999145507812 
-0.12395934015512466431 
-0.99172490835189819336 
-0.10052213817834854126 
-1.4062837362289428711 
-2.1434414386749267578 
-1.3250039815902709961 
-1.4534701108932495117 
-1.9432320594787597656 
10 10 
weights:
-1.3182721138000488281 0.22696836292743682861 -0.53340142965316772461 0.065454050898551940918 0.3767789304256439209 -0.0500926971435546875 0.24668180942535400391 0.16392160952091217041 -1.0526800155639648438 0.051138963550329208374 
-1.0666630268096923828 -0.57885980606079101562 0.25810977816581726074 -0.61517935991287231445 0.28120544552803039551 0.97620183229446411133 0.97336870431900024414 -0.72116565704345703125 0.99455368518829345703 -0.69136703014373779297 
-1.5267839431762695312 -1.1609205007553100586 1.7821613550186157227 -0.99999970197677612305 1.0173588991165161133 1.4322896003723144531 1.6530995368957519531 -1.3714976310729980469 1.6516679525375366211 -1.9372017383575439453 
-0.5919011235237121582 -0.016209775581955909729 -0.21203047037124633789 -1.0206084251403808594 -0.5226764678955078125 0.037324592471122741699 -0.060502350330352783203 -0.1727282404899597168 -1.0943541526794433594 0.16614186763763427734 
0.91494536399841308594 0.62403303384780883789 -0.14397625625133514404 0.37442478537559509277 0.65678763389587402344 -0.023815937340259552002 0.16120794415473937988 -0.11063069850206375122 -0.12665498256683349609 0.18004523217678070068 
-0.57855141162872314453 0.29208204150199890137 -0.032609000802040100098 -0.9321339726448059082 0.23003521561622619629 -0.10221324115991592407 -0.50699222087860107422 -0.76013976335525512695 0.34863772988319396973 -0.13432522118091583252 
0.085543811321258544922 0.93258118629455566406 -0.60721445083618164062 1.2361093759536743164 -0.050402421504259109497 -0.18684066832065582275 -1.1273485422134399414 0.5639349818229675293 -0.77815008163452148438 0.13599543273448944092 
-0.82172620296478271484 -0.019448459148406982422 0.017562933266162872314 -1.2986065149307250977 0.38721573352813720703 1.119668126106262207 1.2438435554504394531 -0.33520662784576416016 1.5933973789215087891 -1.5008673667907714844 
0.4046357274055480957 0.30042120814323425293 -0.33713456988334655762 0.21332149207592010498 -0.58513563871383666992 -1.4535888433456420898 -0.080484449863433837891 0.050981834530830383301 -0.49749869108200073242 0.44649559259414672852 
0.12826554477214813232 -0.26512748003005981445 -0.80250883102416992188 -0.079850085079669952393 -0.53826248645782470703 -0.33417150378227233887 -0.63234972953796386719 -0.45595130324363708496 -1.1467446088790893555 -0.97955930233001708984 
bias:
-1.3335754871368408203 
-0.20471401512622833252 
-0.35776942968368530273 
-1.1298314332962036133 
0.84902602434158325195 
-0.75513893365859985352 
-0.33112978935241699219 
-0.95836818218231201172 
-0.090372495353221893311 
-0.60292440652847290039 
10 1 
weights:
-0.28255003690719604492 2.0543158054351806641 3.3784744739532470703 -0.42492988705635070801 -1.3780957460403442383 0.5052611231803894043 -1.4564293622970581055 2.2817554473876953125 -0.99008858203887939453 -0.19315300881862640381 
bias:
-1.2464334964752197266 
