1 10 
weights:
0.5945790410041809082 
0.59871846437454223633 
0.49879005551338195801 
-1.0050390958786010742 
1.3693952560424804688 
0.95053791999816894531 
0.4672832787036895752 
1.6214656829833984375 
1.2001267671585083008 
0.47063943743705749512 
bias:
0.91919928789138793945 
-1.0393731594085693359 
0.014365584589540958405 
2.6897428035736083984 
0.33687418699264526367 
2.1251134872436523438 
-0.73141205310821533203 
-1.6743962764739990234 
1.0532666444778442383 
-0.39979124069213867188 
10 10 
weights:
0.12250491231679916382 -0.3738003075122833252 0.5421466827392578125 0.4263744056224822998 0.90034174919128417969 -0.45522460341453552246 -0.4068253934383392334 -0.49510973691940307617 0.1038818359375 -0.20137411355972290039 
-0.017011906951665878296 -0.15422773361206054688 0.14377826452255249023 1.9397978782653808594 -0.065320163965225219727 -0.071966044604778289795 -0.79131120443344116211 0.10953704267740249634 0.60345667600631713867 -1.0425835847854614258 
-0.40993019938468933105 -0.29845508933067321777 -0.87372058629989624023 0.27785795927047729492 0.53595250844955444336 -0.5876452326774597168 -0.30304980278015136719 0.4244906306266784668 1.1431778669357299805 -0.57633501291275024414 
-0.27792775630950927734 0.65536338090896606445 -0.45357915759086608887 -0.86458545923233032227 1.685551762580871582 -0.38233333826065063477 -1.0728074312210083008 1.6274917125701904297 0.84709841012954711914 0.17045688629150390625 
0.25032001733779907227 -0.076289534568786621094 1.1275807619094848633 -0.94788283109664916992 0.37490373849868774414 0.56202590465545654297 0.76229089498519897461 1.2212209701538085938 0.88086217641830444336 0.056127965450286865234 
1.4125466346740722656 1.4801203012466430664 0.99940925836563110352 -0.53302586078643798828 0.15006957948207855225 2.3096420764923095703 0.2441260218620300293 -0.25364127755165100098 -0.1450834423303604126 0.66293430328369140625 
1.7741830348968505859 0.7536182403564453125 0.40335828065872192383 -1.2226339578628540039 0.30748552083969116211 1.3192754983901977539 0.60338729619979858398 1.3232157230377197266 0.66002899408340454102 1.18215179443359375 
0.73121446371078491211 1.9721083641052246094 -0.2888883054256439209 -2.4667763710021972656 -0.78020054101943969727 -0.45810931921005249023 1.1579631567001342773 0.24488367140293121338 -1.3912805318832397461 0.75408774614334106445 
-0.64003998041152954102 -0.053735964000225067139 -1.0972101688385009766 0.7818858027458190918 0.73197066783905029297 -1.2360675334930419922 -0.99414414167404174805 1.7917779684066772461 0.78594219684600830078 0.17339923977851867676 
0.95747363567352294922 0.082327567040920257568 0.45036160945892333984 -0.83256328105926513672 -0.5852991938591003418 0.28786125779151916504 -0.11107844114303588867 -0.062856361269950866699 -1.3759541511535644531 0.15985521674156188965 
bias:
-1.4869426488876342773 
0.4793033599853515625 
-0.4005584418773651123 
0.23393067717552185059 
-0.9281005859375 
-0.083836928009986877441 
0.950984954833984375 
-0.31703031063079833984 
-0.87694060802459716797 
-0.26458153128623962402 
10 1 
weights:
0.6485036015510559082 1.6515239477157592773 1.0708494186401367188 2.4465470314025878906 1.6578611135482788086 -3.7350597381591796875 -1.8739548921585083008 -2.4602975845336914062 1.6700518131256103516 -0.90543317794799804688 
bias:
0.82563042640686035156 
