1 10 
weights:
0.57258242368698120117 
2.105716705322265625 
0.4562473595142364502 
1.5147104263305664062 
0.88907277584075927734 
0.52938419580459594727 
0.45437508821487426758 
0.53217279911041259766 
0.46360987424850463867 
1.5766342878341674805 
bias:
0.69542539119720458984 
-0.082780048251152038574 
-0.34552967548370361328 
1.5137279033660888672 
-2.5496237277984619141 
0.43870019912719726562 
-0.15995301306247711182 
0.46706053614616394043 
-0.37378343939781188965 
-1.5521413087844848633 
10 10 
weights:
-0.67991054058074951172 0.86687099933624267578 -0.79004037380218505859 1.2981700897216796875 -1.3465725183486938477 -0.74759840965270996094 -1.2902400493621826172 -0.53647261857986450195 -1.1250025033950805664 2.3966114521026611328 
0.7978076934814453125 -0.70609140396118164062 0.59181892871856689453 0.69470262527465820312 0.59746795892715454102 -0.055421214550733566284 1.2694172859191894531 0.009575108066201210022 0.26083219051361083984 0.015757109969854354858 
-0.48866704106330871582 0.19361895322799682617 0.63199400901794433594 -0.74276715517044067383 -0.13906538486480712891 -0.16272731125354766846 -0.44640132784843444824 -0.43850615620613098145 -0.0085207941010594367981 -1.4468469619750976562 
-0.048718854784965515137 -0.0051520043052732944489 -1.0048582553863525391 1.7532707452774047852 -0.89727777242660522461 -0.98560428619384765625 0.16465871036052703857 -0.94531750679016113281 -0.50918161869049072266 1.0759937763214111328 
-0.72537189722061157227 -0.52380919456481933594 -0.49630478024482727051 -0.0023148795589804649353 -0.14318700134754180908 0.26144701242446899414 -0.1233649328351020813 -1.6715416908264160156 -0.49216258525848388672 0.37867879867553710938 
-0.12212990224361419678 -0.76461941003799438477 0.081166386604309082031 -0.87368631362915039062 0.051698755472898483276 -0.19606958329677581787 -0.64670342206954956055 -0.30124297738075256348 -0.16148631274700164795 -0.45795217156410217285 
-0.43909215927124023438 0.6788533329963684082 -0.7641048431396484375 0.43120706081390380859 -0.52909457683563232422 -0.25144359469413757324 -0.89516931772232055664 -0.59310799837112426758 -0.37833514809608459473 0.93536168336868286133 
1.9374692440032958984 -0.30308139324188232422 1.0504280328750610352 0.73638266324996948242 0.99803864955902099609 1.2179061174392700195 0.43743288516998291016 1.6954030990600585938 1.8478430509567260742 0.2879504859447479248 
-0.23030324280261993408 0.69341957569122314453 1.1714508533477783203 -0.24994987249374389648 0.29387122392654418945 0.47133019566535949707 -0.39503759145736694336 0.2587044835090637207 0.71146082878112792969 0.59256994724273681641 
-1.2547942399978637695 1.4029711484909057617 -0.7423966526985168457 2.5358042716979980469 -1.9487500190734863281 -0.66895288228988647461 -1.5699334144592285156 -1.06047821044921875 -1.147147059440612793 2.0532684326171875 
bias:
-0.10937217622995376587 
1.4163702726364135742 
0.21865208446979522705 
0.9930521845817565918 
-0.054864771664142608643 
0.1006222069263458252 
-0.54567581415176391602 
-0.64688307046890258789 
-1.2046799659729003906 
0.88587319850921630859 
10 1 
weights:
2.2831346988677978516 1.7224621772766113281 -0.5125058293342590332 2.1480517387390136719 0.45518651604652404785 -0.5675595402717590332 1.1019163131713867188 -3.8901340961456298828 -0.16594488918781280518 2.8138017654418945312 
bias:
-1.6407716274261474609 
