1 10 
weights:
0.9563954472541809082 
0.84178507328033447266 
0.56407701969146728516 
1.3491566181182861328 
0.49128857254981994629 
0.71292644739151000977 
1.5740684270858764648 
1.5707521438598632812 
1.2508183717727661133 
0.92457348108291625977 
bias:
-2.8574090003967285156 
1.8263082504272460938 
0.49945676326751708984 
1.5446342229843139648 
-0.39029839634895324707 
-1.7746181488037109375 
-0.41686156392097473145 
-0.033307973295450210571 
-1.3183122873306274414 
2.4215712547302246094 
10 10 
weights:
-0.18783463537693023682 -1.3940395116806030273 -0.34070068597793579102 -0.15386757254600524902 0.38070100545883178711 -1.0118494033813476562 0.87551677227020263672 -0.15765322744846343994 0.31669408082962036133 -0.66553288698196411133 
0.79563194513320922852 -1.0740530490875244141 -0.96352273225784301758 -0.2784392237663269043 -0.25823372602462768555 -0.54853659868240356445 -0.64131468534469604492 -0.12011657655239105225 0.25076925754547119141 -0.99540740251541137695 
-0.77952837944030761719 -1.075123906135559082 -0.79766297340393066406 0.38097473978996276855 -1.4043166637420654297 -0.058174699544906616211 0.87597745656967163086 1.152201533317565918 0.30946040153503417969 -0.21258822083473205566 
0.8000138401985168457 0.067307136952877044678 -0.48125782608985900879 -0.12230717390775680542 -0.26186847686767578125 -0.65751749277114868164 -0.13331694900989532471 0.040736388415098190308 -0.23601555824279785156 0.58122909069061279297 
1.1371960639953613281 0.47952625155448913574 0.84543561935424804688 -0.27000984549522399902 0.75867861509323120117 0.95487391948699951172 -1.014742732048034668 -0.49352815747261047363 -1.2242122888565063477 1.5696369409561157227 
0.47065764665603637695 0.0043753641657531261444 -0.23399069905281066895 1.8056783676147460938 -0.37681448459625244141 -0.47149506211280822754 0.99341422319412231445 1.3691675662994384766 1.0103232860565185547 -1.1574102640151977539 
-1.9284154176712036133 -1.1801813840866088867 -0.66805398464202880859 0.57591217756271362305 -0.30062001943588256836 -0.78219825029373168945 0.44736149907112121582 0.32681810855865478516 2.28739166259765625 -0.97611504793167114258 
-0.19212117791175842285 -0.38084697723388671875 0.30526188015937805176 0.85167968273162841797 -0.24265766143798828125 0.32071417570114135742 0.50056165456771850586 0.59042453765869140625 1.0470732450485229492 -0.62842923402786254883 
-0.43583664298057556152 -1.2539122104644775391 -1.3064886331558227539 -0.58678746223449707031 -1.6781462430953979492 -0.49689552187919616699 -1.0608562231063842773 -0.77557271718978881836 -0.048029284924268722534 -0.65714895725250244141 
2.2971956729888916016 -0.5190334320068359375 0.42017209529876708984 -0.67006790637969970703 0.40506798028945922852 2.1015536785125732422 0.014911021105945110321 -0.58212137222290039062 -0.35130888223648071289 -0.087178647518157958984 
bias:
-0.41784027218818664551 
-0.1418676525354385376 
-0.2775612175464630127 
-0.66203200817108154297 
-0.78658539056777954102 
0.3947054743766784668 
0.13601924479007720947 
0.62518811225891113281 
-0.64394289255142211914 
-1.2240555286407470703 
10 1 
weights:
1.2202008962631225586 0.82272303104400634766 1.3728389739990234375 -0.19463165104389190674 -2.380764007568359375 2.3833701610565185547 2.1580286026000976562 1.2381687164306640625 1.8599321842193603516 -2.1609385013580322266 
bias:
-1.8602803945541381836 
