1 10 
weights:
0.49662330746650695801 
1.7135115861892700195 
0.77226293087005615234 
0.53694295883178710938 
0.49409943819046020508 
0.49946993589401245117 
0.5021407008171081543 
2.0412588119506835938 
2.1723487377166748047 
1.804509282112121582 
bias:
-0.65440154075622558594 
-1.8923518657684326172 
1.784267425537109375 
-1.0875340700149536133 
-0.60953503847122192383 
-0.76499551534652709961 
0.23875550925731658936 
0.8906968235969543457 
-0.77044314146041870117 
2.6510572433471679688 
10 10 
weights:
-0.93785750865936279297 1.150226593017578125 -0.87387448549270629883 -0.72926467657089233398 -0.54671978950500488281 -1.5938537120819091797 -0.12124017626047134399 0.30063307285308837891 0.61487627029418945312 0.47321468591690063477 
-0.86318808794021606445 -0.021500883623957633972 -0.43711286783218383789 -0.20683653652667999268 -0.75558674335479736328 0.44692090153694152832 -0.013514227233827114105 0.34553444385528564453 -0.26373282074928283691 0.29120883345603942871 
0.56397068500518798828 -0.94941622018814086914 1.0797997713088989258 0.47867301106452941895 0.58963298797607421875 0.49196010828018188477 1.2117780447006225586 -1.3185406923294067383 -1.0750106573104858398 -0.2638384699821472168 
-0.30909073352813720703 1.611390233039855957 -0.8555348515510559082 0.029905697330832481384 -0.73910415172576904297 -0.5942440032958984375 -0.24911348521709442139 0.068335361778736114502 0.82083809375762939453 0.073416307568550109863 
0.19386202096939086914 -1.2906802892684936523 0.12390691041946411133 1.2830724716186523438 0.49571371078491210938 0.25475537776947021484 0.98823386430740356445 0.52113711833953857422 -0.88719439506530761719 0.02337763272225856781 
0.4317798912525177002 -0.2302029728889465332 -0.19013863801956176758 -0.25232034921646118164 0.06595967710018157959 -0.61621296405792236328 -0.36625868082046508789 -0.084585882723331451416 -0.19333817064762115479 -0.023222764953970909119 
-0.37817060947418212891 1.7516864538192749023 -1.9399697780609130859 -0.99967771768569946289 -0.080047063529491424561 -0.45484083890914916992 -0.35596576333045959473 -0.29044297337532043457 -0.12669254839420318604 -0.33243763446807861328 
-2.0752191543579101562 1.3510193824768066406 -1.2891194820404052734 -1.6999067068099975586 -1.6125887632369995117 -1.5454580783843994141 -0.91692763566970825195 1.8402757644653320312 1.1482166051864624023 2.2404546737670898438 
0.068098247051239013672 0.15550954639911651611 -0.47531622648239135742 0.074713729321956634521 0.11521313339471817017 0.90343946218490600586 1.035843968391418457 -0.48014268279075622559 -0.088598661124706268311 0.41683158278465270996 
-0.1897271573543548584 -0.06448815762996673584 1.3364425897598266602 0.50903677940368652344 -0.10504031926393508911 0.10487625002861022949 1.3395001888275146484 0.14794866740703582764 -0.15771402418613433838 0.46180438995361328125 
bias:
-0.21392764151096343994 
-0.98561429977416992188 
-0.49752685427665710449 
-1.5687946081161499023 
0.12665614485740661621 
-0.92492318153381347656 
0.11935704201459884644 
0.9384028315544128418 
0.27160322666168212891 
-0.66476428508758544922 
10 1 
weights:
1.4494478702545166016 0.48548102378845214844 -1.8600434064865112305 1.1632903814315795898 -1.5046705007553100586 0.11565586179494857788 1.5482277870178222656 3.93477630615234375 -0.51230823993682861328 -1.1440801620483398438 
bias:
-0.037809934467077255249 
