1 10 
weights:
0.64807343482971191406 
0.73881202936172485352 
1.3844641447067260742 
0.49605146050453186035 
1.5789980888366699219 
0.58505475521087646484 
0.76895517110824584961 
1.1773257255554199219 
0.46930164098739624023 
-1.5456606149673461914 
bias:
-1.6794830560684204102 
-2.0749812126159667969 
0.77053743600845336914 
-0.74542522430419921875 
-0.17492480576038360596 
-1.3676395416259765625 
-0.1923243105411529541 
2.9371101856231689453 
-0.6899547576904296875 
1.7188599109649658203 
10 10 
weights:
-0.56901633739471435547 -0.31907007098197937012 -0.59863501787185668945 0.54176723957061767578 -0.1790704578161239624 -0.54284060001373291016 -0.49960586428642272949 -0.44840484857559204102 -0.18225187063217163086 0.71521997451782226562 
0.11670946329832077026 -0.72096103429794311523 0.41582897305488586426 -0.48767030239105224609 0.91414952278137207031 -0.13911581039428710938 0.36664128303527832031 -0.034905795007944107056 -0.50683635473251342773 0.13944259285926818848 
0.51272064447402954102 1.4714354276657104492 -0.88669365644454956055 0.46091645956039428711 -0.24629469215869903564 1.0784767866134643555 0.55885392427444458008 -0.45849984884262084961 0.60410517454147338867 1.0129971504211425781 
-0.29647886753082275391 -0.622165679931640625 0.051586091518402099609 -0.086640529334545135498 1.0515503883361816406 -0.88813239336013793945 0.28484162688255310059 -0.83963769674301147461 -0.95367991924285888672 -1.4164963960647583008 
0.3000271916389465332 0.35804069042205810547 1.402440190315246582 0.60781806707382202148 0.53479325771331787109 -0.30521842837333679199 0.83510571718215942383 -0.38690358400344848633 -0.40715634822845458984 -1.1703339815139770508 
1.4626945257186889648 1.007335662841796875 -1.6883848905563354492 1.0132445096969604492 -0.0071270680055022239685 0.74355226755142211914 -0.046725612133741378784 -1.0460591316223144531 0.42608240246772766113 1.7003221511840820312 
-0.038377217948436737061 -1.0099953413009643555 1.3992289304733276367 -0.30039936304092407227 -0.078317351639270782471 -0.34226346015930175781 -0.81829345226287841797 0.70253974199295043945 -1.014033198356628418 0.15787550806999206543 
1.1613364219665527344 0.38238355517387390137 0.71975755691528320312 1.5080391168594360352 1.0640435218811035156 1.1585993766784667969 0.78473180532455444336 3.1811101436614990234 0.93562543392181396484 -0.1518970876932144165 
-1.1959228515625 -1.1745103597640991211 1.209351658821105957 -0.87823438644409179688 0.98779141902923583984 -0.46409061551094055176 0.46467235684394836426 -0.2912591099739074707 -0.71376532316207885742 -0.71051687002182006836 
-0.69266396760940551758 -0.20187596976757049561 0.77470982074737548828 0.0014513293281197547913 -0.27930355072021484375 -0.68808764219284057617 -0.099304839968681335449 0.16164419054985046387 -0.16467124223709106445 -0.95263141393661499023 
bias:
-0.060323979705572128296 
0.023843221366405487061 
-1.6537171602249145508 
-0.00095586985116824507713 
-0.18778027594089508057 
-0.22934228181838989258 
0.030790187418460845947 
-0.94882428646087646484 
0.31539812684059143066 
-0.94814813137054443359 
10 1 
weights:
0.29774689674377441406 0.7681776881217956543 -1.6506806612014770508 1.9024021625518798828 1.4413112401962280273 -1.8921430110931396484 1.1289765834808349609 -3.7419424057006835938 1.9736378192901611328 1.1489408016204833984 
bias:
1.6090743541717529297 
