1 10 
weights:
0.58024412393569946289 
0.49382340908050537109 
0.65277743339538574219 
0.78126752376556396484 
0.47096768021583557129 
1.8185496330261230469 
1.289918065071105957 
1.6034482717514038086 
0.83666241168975830078 
1.4442676305770874023 
bias:
-1.2421287298202514648 
-0.80035012960433959961 
1.1135712862014770508 
-1.8673729896545410156 
-0.80176782608032226562 
-0.33127349615097045898 
1.3748320341110229492 
-1.6283851861953735352 
2.0871534347534179688 
0.84346145391464233398 
10 10 
weights:
-0.5244426727294921875 -0.27253472805023193359 -0.7582194209098815918 -0.86692380905151367188 0.33218631148338317871 0.072373248636722564697 0.37114924192428588867 1.4722890853881835938 -0.7891476750373840332 0.069789387285709381104 
-0.41836011409759521484 0.45740392804145812988 -0.55527758598327636719 -0.045813281089067459106 -0.74513649940490722656 0.92228204011917114258 0.59340512752532958984 0.15740406513214111328 -0.47740712761878967285 0.071763746440410614014 
-0.067962110042572021484 0.47317808866500854492 0.34544712305068969727 0.13176870346069335938 -0.46608397364616394043 -0.63493996858596801758 -0.75180679559707641602 -0.71032106876373291016 0.045002505183219909668 -0.36599659919738769531 
0.0092867687344551086426 -0.47068315744400024414 0.7118015289306640625 0.032072994858026504517 -0.52805286645889282227 0.40663737058639526367 -0.64321446418762207031 -0.70288032293319702148 -0.09268293529748916626 0.12443903833627700806 
0.22707788646221160889 -0.56514161825180053711 -0.8713130950927734375 -0.32176911830902099609 -0.19415658712387084961 0.75625455379486083984 -0.099709853529930114746 1.2315680980682373047 -1.4883464574813842773 1.0125800371170043945 
-0.08955920487642288208 -0.35460418462753295898 -0.72415065765380859375 -0.77056109905242919922 0.17934019863605499268 -0.29758954048156738281 -0.55899769067764282227 0.29999807476997375488 -0.94569706916809082031 0.74815779924392700195 
-0.23772875964641571045 -1.1208838224411010742 -1.4075418710708618164 -0.82677495479583740234 -0.13336490094661712646 -0.44759857654571533203 -0.06020475924015045166 0.13871021568775177002 -1.4910199642181396484 -0.29053226113319396973 
1.515002131462097168 0.95494103431701660156 0.76207804679870605469 1.2345644235610961914 0.034461617469787597656 -0.052377641201019287109 -1.8079949617385864258 -0.32199233770370483398 1.0054464340209960938 -1.4464815855026245117 
-0.87573492527008056641 -0.6961848139762878418 -1.2210800647735595703 -0.49365657567977905273 0.1061422005295753479 -0.96201747655868530273 -0.31041857600212097168 -0.85023260116577148438 -1.8070091009140014648 -0.49849614500999450684 
1.6421581506729125977 1.584506988525390625 0.8627154231071472168 1.9467955827713012695 1.3816063404083251953 -1.102189183235168457 -1.2049131393432617188 -2.0151720046997070312 1.2079066038131713867 -1.3138499259948730469 
bias:
-0.70173025131225585938 
1.0571233034133911133 
-0.12167381495237350464 
-0.99585992097854614258 
-0.85945779085159301758 
-0.15809553861618041992 
-0.15234380960464477539 
-1.148441314697265625 
-0.71937024593353271484 
-0.88110744953155517578 
10 1 
weights:
1.3207025527954101562 1.6184788942337036133 -0.99113726615905761719 -0.23674806952476501465 1.5405566692352294922 1.0165402889251708984 1.9350970983505249023 -2.2863440513610839844 2.4045729637145996094 -3.2293076515197753906 
bias:
0.32747131586074829102 
