1 10 
weights:
0.97516453266143798828 
-0.29452160000801086426 
1.5614714622497558594 
-0.71373885869979858398 
0.77778273820877075195 
1.7532371282577514648 
1.357199549674987793 
-0.4966100156307220459 
1.2625327110290527344 
0.73229771852493286133 
bias:
2.4521646499633789062 
-0.65426403284072875977 
-1.3371834754943847656 
1.3114287853240966797 
-1.6490660905838012695 
0.77500182390213012695 
0.46392986178398132324 
-0.31939327716827392578 
2.1407423019409179688 
-1.6047377586364746094 
10 10 
weights:
-0.94977051019668579102 0.44242206215858459473 0.51031625270843505859 -0.85614615678787231445 -0.14367781579494476318 -0.36307710409164428711 0.034447684884071350098 -1.0931022167205810547 0.069103509187698364258 0.63827764987945556641 
0.72608846426010131836 -0.10979218035936355591 -1.3854434490203857422 -0.27753877639770507812 0.1525806039571762085 -1.4702539443969726562 -0.68351525068283081055 -0.12622152268886566162 -0.21965132653713226318 -0.085450209677219390869 
-0.5993474125862121582 0.33764606714248657227 0.56476372480392456055 0.20456907153129577637 -0.3196875452995300293 0.047301836311817169189 0.75032067298889160156 0.99951148033142089844 0.95570766925811767578 -0.26257252693176269531 
-1.6281925439834594727 -0.11903395503759384155 -0.81932395696640014648 -0.36369982361793518066 -1.1161949634552001953 -0.0095100058242678642273 -0.64604997634887695312 0.51705396175384521484 -0.86590915918350219727 -0.7199681401252746582 
-0.11529663950204849243 1.2148799896240234375 1.4280111789703369141 1.4946626424789428711 -2.9078302383422851562 0.8021087646484375 0.31303918361663818359 1.3304853439331054688 0.811847686767578125 -1.8495988845825195312 
-1.061791539192199707 -0.00080410635564476251602 1.1585323810577392578 0.3322080075740814209 -0.27708634734153747559 0.43779876828193664551 -0.070510849356651306152 0.49787694215774536133 0.60741037130355834961 -1.2788449525833129883 
-0.94235479831695556641 -0.46079218387603759766 2.2152576446533203125 -0.52478802204132080078 -1.4180886745452880859 0.55822259187698364258 0.81766754388809204102 -0.77093178033828735352 0.57748001813888549805 -0.77186071872711181641 
2.426830291748046875 0.27677214145660400391 0.63728833198547363281 -0.23785477876663208008 0.87370640039443969727 0.17918257415294647217 1.1187022924423217773 -1.1912783384323120117 2.5384924411773681641 0.32782179117202758789 
0.42642712593078613281 0.77782118320465087891 0.40808188915252685547 0.14684297144412994385 0.93209171295166015625 -0.13620112836360931396 0.14615742862224578857 0.8577429652214050293 -0.59202355146408081055 0.45069622993469238281 
0.082992210984230041504 -1.0054427385330200195 -0.84007781744003295898 -1.2590036392211914062 0.26225000619888305664 0.31151300668716430664 0.45395636558532714844 0.1306679844856262207 -0.054185647517442703247 -0.88372075557708740234 
bias:
-0.54097461700439453125 
0.54822498559951782227 
-0.85702425241470336914 
-0.47729361057281494141 
-0.4049237370491027832 
-0.23308373987674713135 
-0.19679164886474609375 
0.36511960625648498535 
1.1522048711776733398 
-0.46787494421005249023 
10 1 
weights:
-0.38040292263031005859 -1.8604269027709960938 1.3439897298812866211 1.4954907894134521484 3.0645544528961181641 1.1988530158996582031 2.3408632278442382812 -2.7210962772369384766 -1.1838611364364624023 -0.37854570150375366211 
bias:
-0.93416935205459594727 
