1 10 
weights:
-0.87896490097045898438 
1.2262730598449707031 
-0.56821024417877197266 
0.87224185466766357422 
0.63740056753158569336 
0.59432554244995117188 
1.1764657497406005859 
-1.2800567150115966797 
0.64037305116653442383 
0.52113765478134155273 
bias:
1.8505445718765258789 
-0.12251026183366775513 
0.64295661449432373047 
2.3777167797088623047 
-1.4675719738006591797 
0.81203579902648925781 
-0.059786126017570495605 
-1.1254427433013916016 
-1.4725347757339477539 
-0.96412283182144165039 
10 10 
weights:
0.080870971083641052246 -0.56913095712661743164 0.15589804947376251221 -0.27992260456085205078 0.69113290309906005859 -0.22366861999034881592 0.10794750601053237915 0.062180962413549423218 0.002803514944389462471 -1.1493213176727294922 
2.2366857528686523438 1.0092880725860595703 1.6295903921127319336 0.29761171340942382812 -0.80587840080261230469 0.11608595401048660278 -0.92180323600769042969 0.74246746301651000977 -0.65600109100341796875 -0.87256574630737304688 
-1.0558092594146728516 -1.2570189237594604492 0.074363715946674346924 -0.15467335283756256104 1.1591209173202514648 0.15508897602558135986 -1.4342993497848510742 1.5962504148483276367 1.3943449258804321289 0.62959879636764526367 
-0.61219018697738647461 -1.175427556037902832 -0.67568922042846679688 -0.61912125349044799805 1.3353512287139892578 0.48674404621124267578 -0.44116362929344177246 -0.031840462237596511841 0.53057444095611572266 1.3403781652450561523 
-1.6926730871200561523 1.3322654962539672852 -0.62519931793212890625 0.37604364752769470215 0.34561055898666381836 0.43975564837455749512 0.66655308008193969727 -0.49666678905487060547 0.48311451077461242676 0.64270341396331787109 
0.15461350977420806885 0.34882342815399169922 -0.88037705421447753906 0.0067509687505662441254 0.40624019503593444824 -0.5057036280632019043 -0.046764366328716278076 0.074447199702262878418 -0.2257242351770401001 -0.097045227885246276855 
-1.5257676839828491211 1.5470405817031860352 -0.26077622175216674805 0.045631576329469680786 -0.059222638607025146484 0.018795000389218330383 0.40403330326080322266 -1.0713638067245483398 0.23969069123268127441 1.0822073221206665039 
-0.40319210290908813477 0.34438091516494750977 -0.16600260138511657715 0.044819299131631851196 0.99060171842575073242 -0.34375998377799987793 0.91340595483779907227 -0.3791268467903137207 -0.031535547226667404175 0.072537504136562347412 
-0.64645826816558837891 0.44394421577453613281 -0.8045699000358581543 -0.3117173314094543457 -0.73669838905334472656 -0.15651795268058776855 -0.44766157865524291992 0.17749275267124176025 -0.29781183600425720215 -0.34934020042419433594 
0.70580846071243286133 -1.528061985969543457 0.16492563486099243164 -3.4044363498687744141 -0.96886861324310302734 -1.2888153791427612305 -0.95879119634628295898 1.7413743734359741211 -0.56608438491821289062 -1.4195704460144042969 
bias:
-0.74726241827011108398 
0.25956490635871887207 
0.80787044763565063477 
-0.28442907333374023438 
-1.3211175203323364258 
-0.1895399242639541626 
-0.36316514015197753906 
-0.042475521564483642578 
0.20007821917533874512 
-0.95496523380279541016 
10 1 
weights:
0.29132944345474243164 2.6163198947906494141 -2.8151185512542724609 -1.6641092300415039062 1.5060000419616699219 0.20242841541767120361 1.1533608436584472656 0.054395757615566253662 0.30033674836158752441 3.7939662933349609375 
bias:
-1.9273866415023803711 
