1 10 
weights:
0.41359308362007141113 
-1.7492122650146484375 
-1.6042467355728149414 
0.42300373315811157227 
0.5820191502571105957 
-0.61996710300445556641 
1.674715876579284668 
0.77690732479095458984 
0.53789359331130981445 
1.4934194087982177734 
bias:
-0.57681089639663696289 
0.14745391905307769775 
1.5931437015533447266 
-0.10836915671825408936 
-1.3297804594039916992 
1.4961190223693847656 
-0.18793730437755584717 
2.0995929241180419922 
0.94071793556213378906 
1.6578793525695800781 
10 10 
weights:
-0.60974681377410888672 -0.47260361909866333008 -0.30978876352310180664 -0.43310979008674621582 -0.91670656204223632812 0.053028017282485961914 -0.56394028663635253906 -1.2066797018051147461 0.32257860898971557617 -0.77640211582183837891 
-0.44530063867568969727 -1.0550186634063720703 -1.5851209163665771484 0.27598273754119873047 0.21267955005168914795 -0.10403283685445785522 0.90335738658905029297 -0.032883062958717346191 -1.3766655921936035156 0.36754757165908813477 
-0.10518769919872283936 -0.38272812962532043457 -0.34705579280853271484 0.17418017983436584473 -0.70210671424865722656 -0.6425063014030456543 0.26684033870697021484 -0.34818917512893676758 0.36097314953804016113 -0.020050089806318283081 
0.38314875960350036621 0.68178266286849975586 0.74269562959671020508 1.1271518468856811523 1.0102771520614624023 -1.9890255928039550781 -0.62034028768539428711 0.90225428342819213867 0.72605854272842407227 -1.5928558111190795898 
1.1744598150253295898 0.43359521031379699707 0.33078265190124511719 0.47255951166152954102 1.6137480735778808594 -1.5375649929046630859 -0.79979413747787475586 0.73214221000671386719 0.69596910476684570312 -1.9293879270553588867 
-1.0909476280212402344 -0.45468813180923461914 0.48469653725624084473 0.06540559232234954834 0.20180118083953857422 -0.11340797692537307739 -0.68129318952560424805 -0.12487109005451202393 -0.73088973760604858398 0.86135685443878173828 
-0.7668870091438293457 -0.033166240900754928589 -1.1364793777465820312 -0.69230222702026367188 -0.065776340663433074951 0.86561441421508789062 0.64184784889221191406 -1.2056847810745239258 -0.39807632565498352051 0.57510685920715332031 
-0.11278344690799713135 0.33718562126159667969 -0.022290367633104324341 -0.47020903229713439941 0.29231485724449157715 -0.38729453086853027344 -0.35707563161849975586 0.12559609115123748779 -1.6714689731597900391 -0.038368757814168930054 
-0.47373971343040466309 -0.40750101208686828613 -0.83356589078903198242 -0.77848440408706665039 -0.043259885162115097046 0.5610968470573425293 0.4716650545597076416 -1.4283138513565063477 -0.70562994480133056641 -0.21124304831027984619 
1.2320952415466308594 1.2239700555801391602 0.93313950300216674805 1.1506733894348144531 0.98232805728912353516 -1.7010031938552856445 -1.039544224739074707 1.3161317110061645508 1.3531177043914794922 -1.8839862346649169922 
bias:
0.3389886319637298584 
-0.38655221462249755859 
-0.50120520591735839844 
-0.89398884773254394531 
-0.82015168666839599609 
-0.33784383535385131836 
0.35419762134552001953 
-0.16955690085887908936 
1.1963318586349487305 
-1.8978872299194335938 
10 1 
weights:
1.3038262128829956055 1.6132256984710693359 0.23376290500164031982 -2.1394343376159667969 -2.0489253997802734375 0.53612548112869262695 1.8444586992263793945 0.66790819168090820312 1.7826981544494628906 -2.7328324317932128906 
bias:
0.70801156759262084961 
