1 10 
weights:
1.5575710535049438477 
0.65368956327438354492 
0.49752125144004821777 
1.480050206184387207 
0.48123946785926818848 
0.91473710536956787109 
1.5396776199340820312 
0.47947913408279418945 
1.5713596343994140625 
0.88886815309524536133 
bias:
-0.25628563761711120605 
1.0347548723220825195 
-0.96154576539993286133 
1.7002910375595092773 
-0.6155020594596862793 
-2.5483660697937011719 
-1.7685409784317016602 
-0.19125656783580780029 
0.16918128728866577148 
2.0787572860717773438 
10 10 
weights:
0.29407334327697753906 -0.92786890268325805664 0.74509662389755249023 -0.13047882914543151855 0.53243947029113769531 -0.39435014128684997559 -0.83285492658615112305 -0.22563312947750091553 -0.42127209901809692383 -0.95679289102554321289 
1.4377634525299072266 -0.62893497943878173828 -0.91705644130706787109 0.70042395591735839844 -0.62464928627014160156 -0.65713852643966674805 1.3519926071166992188 -1.3003056049346923828 0.5741952061653137207 -2.0261244773864746094 
-0.8852360844612121582 0.3457927405834197998 1.5567021369934082031 -1.5012993812561035156 1.1123496294021606445 1.3394196033477783203 -0.2350880056619644165 0.81701791286468505859 -1.0747456550598144531 0.43011617660522460938 
-0.77880525588989257812 -1.3751680850982666016 -0.98874568939208984375 -1.0986131429672241211 -1.4359414577484130859 -0.10166375339031219482 -0.59820967912673950195 -0.7970835566520690918 0.3452796638011932373 -1.5741809606552124023 
-0.39516663551330566406 -1.2925385236740112305 0.011399224400520324707 0.41629499197006225586 -0.549427032470703125 -0.03715991973876953125 -0.18984621763229370117 -0.3357798457145690918 -0.78546071052551269531 -0.51192003488540649414 
-0.562397003173828125 0.65782707929611206055 0.35179731249809265137 -0.96921885013580322266 0.27635422348976135254 -0.11296343058347702026 -1.18144989013671875 -0.39375519752502441406 -0.9498348236083984375 -0.6863333582878112793 
0.15550158917903900146 -0.44156053662300109863 -1.4509284496307373047 -0.7794933319091796875 -0.71191781759262084961 -0.15715569257736206055 -0.10522655397653579712 -0.16505467891693115234 -0.44488966464996337891 -1.3675609827041625977 
0.94266849756240844727 -1.3307405710220336914 -0.4160900115966796875 1.6974867582321166992 -1.166904449462890625 -1.7982631921768188477 1.3297802209854125977 -0.73267841339111328125 0.80963456630706787109 -0.71459126472473144531 
-0.19861239194869995117 1.1620891094207763672 0.75304627418518066406 -0.27784070372581481934 0.49237209558486938477 0.72225427627563476562 -0.50117069482803344727 0.4929415285587310791 -0.94337064027786254883 0.48079639673233032227 
-0.72836005687713623047 -1.5087636709213256836 -0.69740730524063110352 -0.41106995940208435059 -0.48132842779159545898 -0.47748583555221557617 -0.30891346931457519531 -0.67951142787933349609 -1.4734158515930175781 -1.3277039527893066406 
bias:
-0.65392303466796875 
0.33048012852668762207 
-0.87036216259002685547 
-0.65887731313705444336 
-0.88862252235412597656 
-0.96486759185791015625 
-1.6200251579284667969 
0.31433579325675964355 
-0.79011291265487670898 
-0.37809601426124572754 
10 1 
weights:
0.50547236204147338867 2.8824188709259033203 -2.2213294506072998047 1.5397332906723022461 0.10582422465085983276 -0.74819570779800415039 1.4108585119247436523 2.8995544910430908203 -1.2746808528900146484 1.2300198078155517578 
bias:
-1.0156303644180297852 
