1 10 
weights:
0.61647355556488037109 
0.9109522700309753418 
0.95197373628616333008 
1.0914453268051147461 
0.46991366147994995117 
-0.76941013336181640625 
0.48166763782501220703 
0.46423488855361938477 
0.50909960269927978516 
1.3082882165908813477 
bias:
0.74217528104782104492 
2.4505095481872558594 
-2.5045490264892578125 
0.88923156261444091797 
-0.098123162984848022461 
1.6353859901428222656 
-0.31867349147796630859 
-0.84112310409545898438 
-0.94576942920684814453 
0.39945426583290100098 
10 10 
weights:
0.5273488163948059082 0.64352267980575561523 0.70098108053207397461 -1.4835822582244873047 0.85589498281478881836 -0.85531443357467651367 -0.16026037931442260742 0.3794447779655456543 0.14905706048011779785 -0.77351647615432739258 
0.38186630606651306152 0.085448674857616424561 1.4694910049438476562 -1.1285129785537719727 1.0625225305557250977 -0.60820591449737548828 0.80710017681121826172 0.14401829242706298828 1.1875344514846801758 -1.7253781557083129883 
1.5558317899703979492 1.7832142114639282227 0.24695277214050292969 0.36283671855926513672 0.60848510265350341797 -0.56079787015914916992 1.0881086587905883789 1.5384931564331054688 1.1588796377182006836 0.49849742650985717773 
-0.93280792236328125 -1.5991923809051513672 -0.035056784749031066895 -1.0999338626861572266 -1.4944167137145996094 -1.1826480627059936523 -1.0623705387115478516 -0.40104061365127563477 -0.66024249792098999023 -0.83145594596862792969 
-1.5930805206298828125 -0.87778413295745849609 -0.52323430776596069336 -0.23951406776905059814 -0.38867810368537902832 -0.4856274724006652832 0.16742838919162750244 -0.10520477592945098877 -0.47717207670211791992 -0.77578890323638916016 
-0.40268719196319580078 0.1131975129246711731 1.1105237007141113281 0.6981589198112487793 0.71861946582794189453 0.91275221109390258789 0.56930136680603027344 0.68971961736679077148 0.62593418359756469727 0.11602167785167694092 
-0.59058618545532226562 -1.3703029155731201172 -1.7760432958602905273 2.2869141101837158203 -0.8202902674674987793 1.2489514350891113281 -0.41039195656776428223 -0.97190201282501220703 -0.53610748052597045898 2.1383771896362304688 
-0.49720865488052368164 -0.76288264989852905273 -0.69224900007247924805 -0.71993422508239746094 -1.1410704851150512695 -0.78317612409591674805 -0.9034964442253112793 -0.51677566766738891602 -0.30305394530296325684 -1.4112402200698852539 
1.3051207065582275391 -0.2074626535177230835 0.72030556201934814453 0.6200580596923828125 0.58135932683944702148 -2.3983020782470703125 0.4563490450382232666 0.36065697669982910156 1.144906163215637207 1.4588589668273925781 
-0.48194122314453125 -0.75431597232818603516 0.44358268380165100098 -0.16939774155616760254 -0.69031602144241333008 -0.41267570853233337402 -0.27735000848770141602 -0.39553976058959960938 0.63621461391448974609 -0.52023959159851074219 
bias:
0.052900329232215881348 
-0.99956232309341430664 
-0.32394361495971679688 
-3.1448614597320556641 
-0.29218119382858276367 
1.6748893260955810547 
0.32570537924766540527 
0.15711839497089385986 
-1.7962781190872192383 
-1.3788572549819946289 
10 1 
weights:
-1.4622857570648193359 -2.2436347007751464844 -3.2927947044372558594 1.4341645240783691406 1.2337867021560668945 1.3469700813293457031 2.89678955078125 1.2722166776657104492 2.7210869789123535156 0.68111664056777954102 
bias:
-0.48728263378143310547 
