1 10 
weights:
0.56954294443130493164 
1.0587671995162963867 
0.55304151773452758789 
1.110606074333190918 
1.0199844837188720703 
1.5791338682174682617 
1.2903661727905273438 
0.75683075189590454102 
1.6300712823867797852 
1.2596082687377929688 
bias:
0.46794992685317993164 
-3.0642430782318115234 
0.2614968419075012207 
0.97667664289474487305 
2.5352067947387695312 
-0.35409921407699584961 
-0.26245856285095214844 
-1.8969436883926391602 
-1.6063028573989868164 
0.47423133254051208496 
10 10 
weights:
1.5780827999114990234 0.59426200389862060547 0.48258981108665466309 0.0026404673699289560318 1.3267699480056762695 0.26094835996627807617 -1.2837648391723632812 0.66598486900329589844 -0.89354473352432250977 -0.54637175798416137695 
-0.93300646543502807617 -1.672388911247253418 -0.6149247288703918457 0.37660902738571166992 -0.8171787261962890625 1.3238621950149536133 0.2632115483283996582 -1.9640269279479980469 1.3256485462188720703 0.91613334417343139648 
1.4166798591613769531 -0.0093291327357292175293 0.96282982826232910156 1.0030591487884521484 2.759418487548828125 1.0712902545928955078 0.96548676490783691406 0.53025460243225097656 0.39340361952781677246 1.1433670520782470703 
-1.1725088357925415039 -0.82354146242141723633 -0.065195284783840179443 0.58612078428268432617 -0.9841518402099609375 0.087397329509258270264 -0.33543708920478820801 -0.72644436359405517578 1.215641021728515625 0.159948691725730896 
-0.14249375462532043457 -0.89548796415328979492 0.83319795131683349609 0.25874921679496765137 0.11448421329259872437 0.20147217810153961182 0.098854005336761474609 -1.0389634370803833008 0.72216743230819702148 -0.015975706279277801514 
-1.2721228599548339844 -0.24507412314414978027 -0.37820658087730407715 -0.52426552772521972656 -1.4175956249237060547 -0.44882333278656005859 0.37780582904815673828 -0.027315706014633178711 -0.57869762182235717773 -0.9454345703125 
-0.74535429477691650391 -0.2420870363712310791 -0.17706002295017242432 0.7345568537712097168 -0.4774500727653503418 0.51893711090087890625 -0.53780466318130493164 -0.15797376632690429688 -0.98180031776428222656 0.12130308151245117188 
-0.21789439022541046143 0.52784365415573120117 0.70949262380599975586 1.4066714048385620117 -0.24653290212154388428 0.81783539056777954102 0.94373059272766113281 0.29312056303024291992 0.51127159595489501953 0.45071718096733093262 
0.53289628028869628906 2.0915403366088867188 0.24762511253356933594 -0.91334146261215209961 -0.27847105264663696289 0.048194132745265960693 -0.37768608331680297852 0.85274285078048706055 -0.37263673543930053711 -0.41093927621841430664 
1.0593006610870361328 -0.69126296043395996094 -0.39014971256256103516 0.0936795845627784729 -0.72242724895477294922 -0.69359588623046875 -1.048740386962890625 0.36053791642189025879 0.18511751294136047363 -0.34028524160385131836 
bias:
-0.48100259900093078613 
0.49241083860397338867 
-0.74051749706268310547 
0.42286506295204162598 
-1.6280409097671508789 
-0.76698589324951171875 
-0.68672084808349609375 
-0.4564990997314453125 
-0.44024235010147094727 
-0.98346972465515136719 
10 1 
weights:
-1.7081091403961181641 2.689205169677734375 -2.3222491741180419922 1.5801241397857666016 0.94268691539764404297 1.3757493495941162109 0.63263851404190063477 2.4617321491241455078 -1.2753790616989135742 0.39724394679069519043 
bias:
-0.64122939109802246094 
