1 10 
weights:
-0.51931500434875488281 
0.71520054340362548828 
0.70879977941513061523 
0.80752515792846679688 
1.6284695863723754883 
1.5214459896087646484 
1.7907197475433349609 
0.46531215310096740723 
0.563262939453125 
1.9378365278244018555 
bias:
0.83556520938873291016 
-1.8804204463958740234 
-1.9200998544692993164 
2.1117043495178222656 
-2.0052137374877929688 
1.784806370735168457 
-0.7994009852409362793 
0.18543560802936553955 
0.90496057271957397461 
0.27189773321151733398 
10 10 
weights:
-0.32732504606246948242 -0.081870660185813903809 0.41849100589752197266 -0.72086989879608154297 -0.29588222503662109375 -0.16052560508251190186 0.20891614258289337158 -1.1955078840255737305 -1.0484956502914428711 -0.83783936500549316406 
-1.1014049053192138672 0.58830749988555908203 0.18008659780025482178 1.0032670497894287109 -0.88682776689529418945 0.41500413417816162109 0.10026130825281143188 -0.55645698308944702148 -0.56360685825347900391 -0.46567624807357788086 
-0.71976292133331298828 0.3387183845043182373 1.2482649087905883789 0.12596614658832550049 0.053706716746091842651 -0.52732127904891967773 -0.57708597183227539062 0.74161559343338012695 0.25374686717987060547 -1.0014574527740478516 
-1.069874882698059082 1.3496263027191162109 -0.11772824078798294067 0.84640043973922729492 -0.15206845104694366455 -0.72807300090789794922 -0.38384431600570678711 0.095710650086402893066 0.64390593767166137695 -0.43328297138214111328 
-1.2137863636016845703 0.24407118558883666992 1.3614363670349121094 1.4618703126907348633 -1.8208870887756347656 0.067545436322689056396 0.2953618466854095459 0.46817171573638916016 0.65337210893630981445 -1.1396048069000244141 
1.3443269729614257812 -1.6098206043243408203 -1.5239387750625610352 -1.919316411018371582 1.6284376382827758789 1.3866910934448242188 1.4577958583831787109 -1.1978182792663574219 -1.4643998146057128906 1.206114649772644043 
-0.11706663668155670166 0.32451218366622924805 -0.6419537663459777832 -0.66831761598587036133 0.17963458597660064697 -0.3797906339168548584 -0.063164412975311279297 -0.6545708775520324707 -0.69857251644134521484 0.190958365797996521 
0.81043410301208496094 -1.3381748199462890625 -0.50336235761642456055 -0.85480123758316040039 1.3274854421615600586 0.94433653354644775391 0.41776347160339355469 -0.88212537765502929688 -0.93448501825332641602 0.055493507534265518188 
-0.13884955644607543945 0.95170778036117553711 0.22367586195468902588 -0.57114440202713012695 0.49963030219078063965 2.2445161342620849609 0.81500184535980224609 -0.2341289222240447998 -0.050855368375778198242 1.8917859792709350586 
0.4216582179069519043 -0.2335895150899887085 -0.0019901874475181102753 -1.1933437585830688477 -0.3655395805835723877 0.46872857213020324707 0.95357483625411987305 -0.17424985766410827637 -1.0849111080169677734 -0.13414207100868225098 
bias:
-1.4165781736373901367 
-0.37855026125907897949 
-0.066445320844650268555 
-0.73975330591201782227 
1.1522027254104614258 
0.069239847362041473389 
-0.00081923202378675341606 
-0.71612924337387084961 
-0.25209420919418334961 
-0.63584160804748535156 
10 1 
weights:
1.9426507949829101562 -0.58629775047302246094 -1.2958298921585083008 -1.2747735977172851562 -2.3940432071685791016 2.8768048286437988281 0.58587539196014404297 1.6142992973327636719 1.5761709213256835938 0.91232329607009887695 
bias:
-0.35927474498748779297 
