1 10 
weights:
1.1990339756011962891 
0.81537115573883056641 
0.55371141433715820312 
0.46856650710105895996 
1.1036951541900634766 
0.63965529203414916992 
1.6821219921112060547 
1.3272340297698974609 
0.83303946256637573242 
0.48143553733825683594 
bias:
-3.655521392822265625 
1.9336721897125244141 
0.42962670326232910156 
-0.74608778953552246094 
1.0150938034057617188 
1.1039133071899414062 
-0.29711157083511352539 
-1.3759310245513916016 
0.63588440418243408203 
-0.22893637418746948242 
10 10 
weights:
-0.80686777830123901367 -0.35682377219200134277 -0.38605794310569763184 -1.1759870052337646484 0.11621060967445373535 0.22277915477752685547 0.61881059408187866211 0.87801724672317504883 0.31800979375839233398 -1.2538896799087524414 
1.3431671857833862305 0.59279602766036987305 0.89695942401885986328 -0.1984284520149230957 -1.1228694915771484375 1.1313935518264770508 -0.323825836181640625 -1.0327136516571044922 -0.033880524337291717529 0.82742398977279663086 
0.57304054498672485352 0.64651203155517578125 0.9168650507926940918 1.1659040451049804688 1.2640058994293212891 1.7774732112884521484 0.12524953484535217285 0.12423795461654663086 0.93562406301498413086 0.55547446012496948242 
0.68338060379028320312 1.3441792726516723633 1.6731996536254882812 0.77287733554840087891 0.16646721959114074707 1.2348228693008422852 0.68773180246353149414 0.12623806297779083252 0.97740912437438964844 1.3596470355987548828 
-1.4961045980453491211 -0.4288272857666015625 -0.28350126743316650391 -0.40656137466430664062 0.37645918130874633789 -0.10201965272426605225 1.3715149164199829102 1.1216291189193725586 -0.33067974448204040527 -0.77405172586441040039 
-0.79556548595428466797 -0.48523041605949401855 -0.080152526497840881348 -0.84579485654830932617 -0.023055145516991615295 -0.16888217628002166748 -0.09959100186824798584 0.34867155551910400391 0.80175262689590454102 0.17554134130477905273 
0.5852940678596496582 -0.7163823246955871582 1.7592166662216186523 0.024873420596122741699 1.6897237300872802734 0.58806288242340087891 1.3550759553909301758 0.75375789403915405273 1.1434786319732666016 -0.039077226072549819946 
-0.58635997772216796875 -0.72205603122711181641 -1.5623412132263183594 -0.63001024723052978516 -0.16172476112842559814 -1.1219425201416015625 0.67505270242691040039 1.8369953632354736328 -0.14767098426818847656 -0.046548344194889068604 
-1.2673017978668212891 -1.7311503887176513672 -0.30049398541450500488 -1.190883636474609375 0.084845788776874542236 -0.78683179616928100586 1.4507099390029907227 1.1781982183456420898 0.12638165056705474854 -1.2075415849685668945 
-2.2957577705383300781 -0.089959532022476196289 0.17820507287979125977 -0.99416846036911010742 0.85278546810150146484 -0.96553200483322143555 1.7391023635864257812 0.78093874454498291016 0.051366757601499557495 -1.0605325698852539062 
bias:
-0.67335349321365356445 
-0.79630899429321289062 
-0.66774260997772216797 
-0.70688569545745849609 
-1.4585927724838256836 
-0.99797356128692626953 
-1.5492374897003173828 
-0.33866795897483825684 
0.51557385921478271484 
0.37879875302314758301 
10 1 
weights:
1.3278192281723022461 -1.5549144744873046875 -1.1012625694274902344 -2.1193075180053710938 1.5189042091369628906 0.83529365062713623047 2.4801509380340576172 1.6175974607467651367 2.2732336521148681641 2.1386766433715820312 
bias:
-0.59008604288101196289 
