1 10 
weights:
0.43757623434066772461 
1.7497121095657348633 
0.95467907190322875977 
1.4275906085968017578 
0.62521773576736450195 
1.9677180051803588867 
-0.57153230905532836914 
0.55057603120803833008 
0.4320341646671295166 
0.81200772523880004883 
bias:
-0.32080709934234619141 
-1.6465450525283813477 
-2.3115100860595703125 
1.6115549802780151367 
1.2174342870712280273 
0.066812112927436828613 
-0.99799942970275878906 
-1.2275543212890625 
-0.15885774791240692139 
0.93158227205276489258 
10 10 
weights:
-1.4126508235931396484 1.7493215799331665039 -2.3815016746520996094 2.5602476596832275391 -1.1633319854736328125 1.2589453458786010742 1.4404853582382202148 -1.3221098184585571289 -2.114345550537109375 0.28921210765838623047 
1.2743997573852539062 0.65252500772476196289 1.5064961910247802734 -0.13439850509166717529 1.3132005929946899414 0.53856235742568969727 -0.71489071846008300781 0.57616937160491943359 0.9516474604606628418 1.9073901176452636719 
1.661587834358215332 0.47202467918395996094 1.4243738651275634766 0.28303062915802001953 1.5126463174819946289 0.5347423553466796875 -1.2730239629745483398 0.62705951929092407227 0.69210660457611083984 0.75726026296615600586 
0.1289316713809967041 0.86350482702255249023 -0.049360278993844985962 1.0709232091903686523 -0.80369025468826293945 1.1506963968276977539 0.72781854867935180664 0.62489783763885498047 0.034671593457460403442 -0.16943311691284179688 
0.67833590507507324219 -0.68209987878799438477 0.9194501042366027832 -1.351177215576171875 0.44928914308547973633 0.38793960213661193848 -0.88522946834564208984 0.64200395345687866211 0.17896926403045654297 -0.77979183197021484375 
0.20405729115009307861 1.596896052360534668 -0.41382169723510742188 0.34180608391761779785 -0.47796207666397094727 0.7699820399284362793 -0.93405497074127197266 -0.56927984952926635742 -0.40501689910888671875 1.0056645870208740234 
-0.44621554017066955566 -0.22505927085876464844 -0.31887978315353393555 -0.31241852045059204102 -0.45138481259346008301 -0.26874905824661254883 0.063739039003849029541 0.24662521481513977051 0.2126461416482925415 0.16260564327239990234 
-0.14428265392780303955 0.4294554293155670166 -0.32342708110809326172 -0.13038232922554016113 -0.54911261796951293945 -0.38173007965087890625 0.11758600175380706787 0.20288969576358795166 -0.40201345086097717285 -0.020171012729406356812 
0.32042381167411804199 0.7993100285530090332 0.33586904406547546387 -0.33051893115043640137 0.23057435452938079834 0.28473061323165893555 0.36410704255104064941 -0.42431473731994628906 -0.79581636190414428711 0.45910972356796264648 
0.64455676078796386719 -0.075238563120365142822 0.21433225274085998535 -0.82820421457290649414 0.38765537738800048828 -0.15233403444290161133 -0.29601874947547912598 0.40169659256935119629 0.63536751270294189453 -0.66482973098754882812 
bias:
0.52123230695724487305 
-0.020727969706058502197 
0.35491302609443664551 
0.0384481772780418396 
-0.49077126383781433105 
-1.2916443347930908203 
-0.90932804346084594727 
-1.0075963735580444336 
-1.1113011837005615234 
-1.2959830760955810547 
10 1 
weights:
3.6360411643981933594 -2.1525416374206542969 -2.067501068115234375 2.4621233940124511719 -1.2563439607620239258 1.8373038768768310547 0.22541376948356628418 0.56543153524398803711 0.35833004117012023926 -0.789936065673828125 
bias:
-1.161929011344909668 
