1 10 
weights:
-0.98803001642227172852 
0.7476323246955871582 
1.2509199380874633789 
0.63816189765930175781 
0.44207355380058288574 
1.5371726751327514648 
0.4865093231201171875 
0.95394903421401977539 
0.56650406122207641602 
1.2440675497055053711 
bias:
-0.91484159231185913086 
1.4826179742813110352 
0.28496396541595458984 
0.95000600814819335938 
-0.45479485392570495605 
-1.1918287277221679688 
0.058382421731948852539 
0.5430768132209777832 
0.75286805629730224609 
-3.4315979480743408203 
10 10 
weights:
-0.27889144420623779297 -0.33863219618797302246 -0.63748699426651000977 -0.66178536415100097656 -0.25818052887916564941 -0.95282799005508422852 -1.1682869195938110352 -0.30725303292274475098 -0.84437584877014160156 -0.9783719182014465332 
0.69064986705780029297 0.30820801854133605957 -0.73994773626327514648 0.40338468551635742188 0.9551652073860168457 -1.8886488676071166992 1.2152117490768432617 -0.63646245002746582031 0.048203930258750915527 1.9652354717254638672 
-0.0041730157099664211273 -0.65046226978302001953 -0.30726343393325805664 -1.3457820415496826172 -0.085347227752208709717 0.4958368837833404541 -0.60322964191436767578 -0.33115857839584350586 -1.4326812028884887695 0.24031791090965270996 
-1.6122870445251464844 -1.9559022188186645508 -1.1817376613616943359 -1.2755943536758422852 -1.4446485042572021484 -0.26707887649536132812 -0.91548442840576171875 -1.1528211832046508789 -1.1247133016586303711 -0.86449402570724487305 
0.017321961000561714172 -0.95991253852844238281 0.2524808347225189209 -1.1138637065887451172 -0.10770925134420394897 0.53469866514205932617 -0.81890356540679931641 -0.19070297479629516602 -0.43471613526344299316 0.085332654416561126709 
0.122460193932056427 0.56227588653564453125 -0.96577978134155273438 0.40789917111396789551 0.60084420442581176758 -1.2595139741897583008 0.23567122220993041992 -1.1184381246566772461 1.2815786600112915039 2.6023185253143310547 
0.1990897059440612793 -0.93686431646347045898 0.45720434188842773438 1.256608128547668457 -0.40431001782417297363 0.052040383219718933105 0.43834364414215087891 0.66277337074279785156 0.78422510623931884766 -0.26696473360061645508 
-0.88291227817535400391 -0.25857681035995483398 1.2931733131408691406 0.71271294355392456055 0.16194954514503479004 0.57276034355163574219 0.79689401388168334961 0.61907315254211425781 0.97797465324401855469 1.5184068679809570312 
0.95054048299789428711 -1.3390634059906005859 0.098413445055484771729 -1.9038147926330566406 -0.96285605430603027344 -0.65831738710403442383 -1.6483117341995239258 -1.3324868679046630859 -1.2193144559860229492 -0.60802274942398071289 
0.22275388240814208984 -1.4281353950500488281 0.19595541059970855713 -0.39671802520751953125 -0.2562141716480255127 -0.50874054431915283203 -1.126843571662902832 -0.65915471315383911133 -1.1706273555755615234 -0.042107269167900085449 
bias:
-1.0355343818664550781 
-0.57362914085388183594 
-0.23102430999279022217 
-1.9341280460357666016 
-0.5620320439338684082 
-1.0924535989761352539 
0.94345498085021972656 
-1.1591167449951171875 
-0.07338514178991317749 
-0.29365238547325134277 
10 1 
weights:
0.44320347905158996582 -2.7460794448852539062 2.2610940933227539062 1.4969140291213989258 1.7389718294143676758 -2.6256103515625 -0.1163503602147102356 2.1881444454193115234 2.3161942958831787109 2.2069153785705566406 
bias:
0.43586018681526184082 
