1 10 
weights:
0.61131012439727783203 
1.5840508937835693359 
1.5786905288696289062 
2.0219190120697021484 
1.8122322559356689453 
1.5640887022018432617 
2.1386055946350097656 
0.65434867143630981445 
0.82646858692169189453 
1.6301457881927490234 
bias:
-1.107396245002746582 
0.28951177000999450684 
1.087319493293762207 
-2.3463804721832275391 
-0.45647862553596496582 
2.5710399150848388672 
-0.98357784748077392578 
-1.3374235630035400391 
2.0497121810913085938 
0.24571087956428527832 
10 10 
weights:
-0.0031057358719408512115 -0.40018045902252197266 -0.050675977021455764771 -0.10627243667840957642 -0.81751000881195068359 -0.89067381620407104492 0.038821753114461898804 0.20910349488258361816 0.88302206993103027344 -0.14957641065120697021 
-0.078532144427299499512 0.011081743985414505005 -0.82606530189514160156 -0.39789378643035888672 -0.19649721682071685791 -0.17111013829708099365 -0.26819741725921630859 0.10323844105005264282 0.72703057527542114258 0.078826911747455596924 
3.3248744010925292969 -0.2079766690731048584 -1.1183058023452758789 -0.69752645492553710938 -1.2254633903503417969 -1.277744293212890625 -0.71722853183746337891 2.9438264369964599609 2.722469329833984375 -0.80203640460968017578 
-0.017615364864468574524 -0.97892904281616210938 -0.28915360569953918457 0.14353024959564208984 -0.13878929615020751953 -0.76828271150588989258 0.12329027056694030762 -0.42891663312911987305 0.34729230403900146484 -0.14425295591354370117 
-0.90907710790634155273 -1.4244085550308227539 -0.52648520469665527344 -0.78342151641845703125 -0.17050381004810333252 -1.7897896766662597656 -0.38754817843437194824 -0.13711565732955932617 -0.19982662796974182129 -0.059474043548107147217 
0.89134812355041503906 -0.16152289509773254395 -0.21500720083713531494 -1.0303527116775512695 -0.54228389263153076172 -0.87464743852615356445 0.68053287267684936523 0.54323220252990722656 0.20415662229061126709 0.27863445878028869629 
1.9820502996444702148 -0.64907920360565185547 -0.95489108562469482422 -1.6130025386810302734 0.24887868762016296387 -0.54233533143997192383 -0.76802521944046020508 2.0616922378540039062 1.8276495933532714844 0.016795238479971885681 
-0.79430174827575683594 -0.67379128932952880859 -0.71378028392791748047 -0.56776332855224609375 -0.59046798944473266602 -0.49014842510223388672 -0.60405009984970092773 -1.625946044921875 -1.4864565134048461914 -0.61067831516265869141 
-0.55587077140808105469 -0.15853089094161987305 -0.77882122993469238281 -0.63287407159805297852 0.20334362983703613281 -1.1066133975982666016 0.236212119460105896 -0.80474865436553955078 -0.53037965297698974609 0.501190185546875 
-1.5610449314117431641 -0.30047145485877990723 -0.72382754087448120117 0.21310365200042724609 -1.020913243293762207 -1.3537207841873168945 0.14425207674503326416 -1.3873708248138427734 -1.4992498159408569336 -0.12121746689081192017 
bias:
-1.1802995204925537109 
-1.2304564714431762695 
-1.4750243425369262695 
-0.88621830940246582031 
-1.6570692062377929688 
-0.82600677013397216797 
-0.72579455375671386719 
-1.0728172063827514648 
-1.3108203411102294922 
-0.30388346314430236816 
10 1 
weights:
-0.88859140872955322266 -0.96048200130462646484 -3.6513211727142333984 -0.23017415404319763184 0.57419025897979736328 -1.178469538688659668 -2.2864382266998291016 1.2648826837539672852 0.21429812908172607422 2.5460932254791259766 
bias:
2.6755154132843017578 
