1 10 
weights:
0.65082639455795288086 
0.76882159709930419922 
0.62156069278717041016 
1.092376708984375 
0.80176347494125366211 
0.51956439018249511719 
0.46228736639022827148 
0.90303915739059448242 
1.4717696905136108398 
1.5514656305313110352 
bias:
0.682109832763671875 
-1.9900708198547363281 
-1.5684241056442260742 
0.8880443572998046875 
-2.1784088611602783203 
0.31439864635467529297 
-0.24530327320098876953 
1.9767763614654541016 
0.19603800773620605469 
-1.4429135322570800781 
10 10 
weights:
-0.86541014909744262695 0.098833367228507995605 -0.5357570648193359375 0.11275558918714523315 -0.13275016844272613525 -0.63578081130981445312 -0.93397539854049682617 -1.3670794963836669922 0.50777620077133178711 1.6851484775543212891 
-1.4152109622955322266 0.55372565984725952148 -0.4485377967357635498 -1.6789116859436035156 -0.2736873626708984375 -1.7129194736480712891 -1.6391412019729614258 -1.8197658061981201172 -1.3667805194854736328 -0.58045953512191772461 
-0.54729121923446655273 0.1238212287425994873 -0.80247515439987182617 1.8129619359970092773 -0.60463881492614746094 -0.18655192852020263672 -0.07156839221715927124 -1.0466749668121337891 0.86010861396789550781 1.0109698772430419922 
-0.32050365209579467773 -0.21791249513626098633 0.34853327274322509766 -0.53980481624603271484 -0.71452748775482177734 -0.59148883819580078125 -0.50105404853820800781 0.1057688295841217041 -0.64950019121170043945 0.46975940465927124023 
0.39330002665519714355 -0.17209662497043609619 0.46822312474250793457 0.76346719264984130859 0.91826230287551879883 0.10976141691207885742 0.27233257889747619629 -0.099410645663738250732 0.13954216241836547852 0.33318856358528137207 
-0.79429578781127929688 -0.22740463912487030029 -1.4806666374206542969 1.0458126068115234375 -0.73044145107269287109 -0.28987160325050354004 -0.31653794646263122559 0.14584209024906158447 0.94916874170303344727 1.2431148290634155273 
0.15058131515979766846 -0.72773289680480957031 -1.1717716455459594727 0.9220669865608215332 -1.3408272266387939453 -0.46377453207969665527 -0.63287240266799926758 -0.05370400846004486084 0.58467578887939453125 1.4001786708831787109 
-0.22406879067420959473 1.701201319694519043 1.3837218284606933594 -1.6154328584671020508 1.1899141073226928711 0.69820249080657958984 1.1882224082946777344 -0.062233947217464447021 -0.88285601139068603516 -0.81281590461730957031 
-0.3133703768253326416 0.59628850221633911133 0.39899328351020812988 -0.85878634452819824219 -0.57224863767623901367 0.7867463231086730957 1.2060662508010864258 1.5038443803787231445 -0.34920296072959899902 0.026498021557927131653 
0.11548732966184616089 0.46891558170318603516 0.32025325298309326172 -0.87919020652770996094 1.0086096525192260742 0.5686944127082824707 -0.13729035854339599609 0.73132628202438354492 -0.66589426994323730469 -0.75654071569442749023 
bias:
-0.27489584684371948242 
0.36853304505348205566 
0.40126222372055053711 
0.20829445123672485352 
-0.74803197383880615234 
-0.95491671562194824219 
0.12017161399126052856 
-0.94203609228134155273 
0.23234826326370239258 
-0.13847307860851287842 
10 1 
weights:
1.340735316276550293 3.8650646209716796875 3.1244845390319824219 0.53866487741470336914 0.52890747785568237305 1.4597860574722290039 1.6544096469879150391 -2.1555509567260742188 -1.7371178865432739258 -1.4186983108520507812 
bias:
-1.7119311094284057617 
