1 10 
weights:
1.4874137639999389648 
0.76710671186447143555 
0.37939909100532531738 
0.72384172677993774414 
1.553250432014465332 
-0.52738922834396362305 
-0.70457017421722412109 
1.4285082817077636719 
0.36387616395950317383 
0.62116014957427978516 
bias:
-1.6929214000701904297 
-1.9864858388900756836 
-0.28996887803077697754 
-1.8466738462448120117 
-0.14516396820545196533 
-1.2594939470291137695 
-1.9860806465148925781 
1.4421571493148803711 
-0.2717189788818359375 
1.5117324590682983398 
10 10 
weights:
0.24081379175186157227 -0.13138240575790405273 -0.84700882434844970703 0.54954802989959716797 0.097741767764091491699 0.042754035443067550659 -0.15015514194965362549 0.58875715732574462891 -0.1261126101016998291 -0.82095491886138916016 
0.79187846183776855469 -0.24360029399394989014 0.049377165734767913818 0.099658839404582977295 0.27961331605911254883 0.85097163915634155273 0.45672693848609924316 0.11534379422664642334 0.44669654965400695801 1.0638729333877563477 
1.2138850688934326172 -0.34165325760841369629 0.0010225269943475723267 -0.0018375504296272993088 1.1805695295333862305 1.4373266696929931641 0.83088850975036621094 0.5430729985237121582 0.58448868989944458008 0.24072277545928955078 
-0.23756682872772216797 -0.11939093470573425293 -1.3261204957962036133 0.48546022176742553711 -0.75750601291656494141 0.40839421749114990234 0.50105249881744384766 -0.59649509191513061523 -0.60655188560485839844 -0.59074199199676513672 
0.16793574392795562744 0.26749452948570251465 0.12037173658609390259 0.52503472566604614258 -0.10187575966119766235 -0.58958345651626586914 0.0092166913673281669617 -0.33730363845825195312 0.4418080747127532959 -0.65067642927169799805 
-0.025262322276830673218 -0.48396530747413635254 0.040927365422248840332 -0.92843669652938842773 -0.035333849489688873291 -0.25177305936813354492 -0.14872984588146209717 -1.5605150461196899414 -1.5738017559051513672 -1.3257017135620117188 
-0.027583036571741104126 0.18892708420753479004 -0.14841298758983612061 0.51206374168395996094 -0.060542054474353790283 0.10610362142324447632 -0.062779024243354797363 0.36693277955055236816 -0.49344432353973388672 -0.85559278726577758789 
-1.3352049589157104492 1.8263876438140869141 0.44127309322357177734 1.9839078187942504883 -0.98091846704483032227 -0.48753643035888671875 -0.81955409049987792969 -2.2291259765625 0.96709525585174560547 1.6325740814208984375 
1.2151031494140625 -0.75186598300933837891 -1.0445226430892944336 -0.83159613609313964844 1.5007268190383911133 0.31662797927856445312 0.53378731012344360352 0.45159220695495605469 -0.09539744257926940918 -1.318667292594909668 
1.1729787588119506836 -0.92608350515365600586 -0.83001756668090820312 -0.78793954849243164062 1.748669743537902832 1.0033987760543823242 1.502608180046081543 1.3447972536087036133 -1.4419970512390136719 -1.2074847221374511719 
bias:
-0.94780963659286499023 
1.8646384477615356445 
-0.55042082071304321289 
-0.20417280495166778564 
-0.99745249748229980469 
-1.5599892139434814453 
-0.47198238968849182129 
-0.56322461366653442383 
-0.63612353801727294922 
-0.70428687334060668945 
10 1 
weights:
0.30943524837493896484 -2.8360342979431152344 2.2066533565521240234 0.25106200575828552246 -0.51042288541793823242 1.3093013763427734375 0.057018835097551345825 -3.2483530044555664062 1.8087511062622070312 2.7087595462799072266 
bias:
0.38847023248672485352 
