1 10 
weights:
0.72858393192291259766 
0.44562810659408569336 
1.785841822624206543 
0.78221440315246582031 
0.96670192480087280273 
1.6222928762435913086 
1.2992494106292724609 
0.44921073317527770996 
1.30181121826171875 
0.45104321837425231934 
bias:
-2.138378143310546875 
-0.18699581921100616455 
0.050430677831172943115 
-2.176860809326171875 
2.535675048828125 
1.5979536771774291992 
-1.2954155206680297852 
-0.38089001178741455078 
-1.2170325517654418945 
-0.089415512979030609131 
10 10 
weights:
0.094960093498229980469 -3.7388213968370109797e-05 -0.66919183731079101562 -0.087447203695774078369 -1.1104123592376708984 -0.33811181783676147461 0.68258577585220336914 -0.20447784662246704102 0.78629344701766967773 0.29374092817306518555 
-0.45830604434013366699 -0.36109915375709533691 -0.50018209218978881836 0.63008540868759155273 -0.47862550616264343262 0.12974222004413604736 0.6288617253303527832 -0.54508328437805175781 -0.22948753833770751953 -0.55285322666168212891 
0.17593680322170257568 -0.43160668015480041504 -0.36692073941230773926 -0.0061296653002500534058 -0.18050946295261383057 -0.3239561617374420166 0.5386664271354675293 -0.60013359785079956055 -0.45045161247253417969 0.23098011314868927002 
-1.5547344684600830078 -0.7844791412353515625 1.0964376926422119141 -1.29187774658203125 -2.8039815425872802734 1.0569128990173339844 2.0504593849182128906 -1.2317180633544921875 1.1298679113388061523 -1.3726165294647216797 
-0.90038621425628662109 -0.46038913726806640625 0.58433419466018676758 -0.20388005673885345459 -0.97363340854644775391 0.71478712558746337891 0.078761637210845947266 -0.75656110048294067383 0.6038430333137512207 -0.53902298212051391602 
0.64472079277038574219 -0.72051012516021728516 0.39619901776313781738 0.048211939632892608643 0.10464659333229064941 0.33215814828872680664 0.71112871170043945312 -0.87778973579406738281 0.4209289848804473877 0.3699359893798828125 
-0.44847577810287475586 -0.44598171114921569824 0.36945447325706481934 0.11460608243942260742 -0.30282893776893615723 0.73312711715698242188 -0.73842805624008178711 -0.35656604170799255371 -0.0074272747151553630829 -0.085159540176391601562 
1.0799585580825805664 1.1634355783462524414 -1.1827187538146972656 1.7497920989990234375 1.0704785585403442383 -1.7959684133529663086 -0.62407946586608886719 0.77408492565155029297 -0.64561402797698974609 0.92082428932189941406 
-1.0042361021041870117 -0.54305422306060791016 1.2188664674758911133 -0.38121753931045532227 -0.86145174503326416016 0.58508771657943725586 0.51873224973678588867 -0.90033590793609619141 0.59600359201431274414 -1.0275784730911254883 
0.50894129276275634766 -0.71186876296997070312 0.010389927774667739868 0.4235210418701171875 -0.23459379374980926514 0.77338713407516479492 0.36394080519676208496 -0.68738156557083129883 0.68034839630126953125 0.099354930222034454346 
bias:
0.57896780967712402344 
0.053280528634786605835 
-0.66229712963104248047 
1.0612784624099731445 
-0.34632071852684020996 
-0.083570316433906555176 
-0.5472882390022277832 
-0.95964652299880981445 
-0.16740232706069946289 
-1.4731234312057495117 
10 1 
weights:
-0.0083983903750777244568 0.28358528017997741699 0.094414435327053070068 3.1376214027404785156 1.3030633926391601562 0.40559595823287963867 0.4830519556999206543 -2.6301953792572021484 1.507954716682434082 0.34145462512969970703 
bias:
-1.2374393939971923828 
