1 10 
weights:
-1.8579037189483642578 
0.41860288381576538086 
1.6403985023498535156 
1.6558351516723632812 
0.49457988142967224121 
-0.61346483230590820312 
-0.50970447063446044922 
0.42291048169136047363 
-0.95144993066787719727 
1.7971922159194946289 
bias:
-0.14688061177730560303 
-0.067817427217960357666 
1.6714059114456176758 
-0.6975129246711730957 
1.0497897863388061523 
-1.6014977693557739258 
-0.90451645851135253906 
-0.35561385750770568848 
2.678913116455078125 
-1.9118634462356567383 
10 10 
weights:
0.7058035731315612793 -0.24026377499103546143 -0.079660855233669281006 -0.68655061721801757812 0.67094123363494873047 0.41969954967498779297 -0.14149348437786102295 -0.90749639272689819336 -0.42117568850517272949 -0.84344589710235595703 
-0.20515018701553344727 -0.048297479748725891113 0.58212924003601074219 -0.14615331590175628662 0.46692705154418945312 -0.34390756487846374512 -0.21741704642772674561 0.41567713022232055664 -0.71813309192657470703 -0.50855666399002075195 
-0.38478937745094299316 0.99943572282791137695 0.47427216172218322754 0.38658553361892700195 -0.44642111659049987793 -0.31925868988037109375 -0.51717722415924072266 0.18721330165863037109 -1.687480926513671875 -0.74716395139694213867 
-0.35284191370010375977 -0.89677900075912475586 0.98102879524230957031 0.021069213747978210449 -0.6619103550910949707 -0.069479547441005706787 1.119459986686706543 -0.79050022363662719727 -0.24935486912727355957 0.51914584636688232422 
-1.2157218456268310547 -0.69142889976501464844 0.10305983573198318481 1.0865511894226074219 0.052705895155668258667 0.043199352920055389404 -0.70970010757446289062 -0.82669919729232788086 -0.93157267570495605469 1.4469560384750366211 
1.7672020196914672852 1.795518040657043457 -1.8518762588500976562 -0.98461669683456420898 2.1348142623901367188 -1.4880838394165039062 -0.97333496809005737305 2.2068190574645996094 -1.876507878303527832 -1.685240626335144043 
-0.81455641984939575195 -1.3125262260437011719 1.2959934473037719727 0.89592862129211425781 -1.0726975202560424805 1.7454074621200561523 1.1394257545471191406 -0.68655276298522949219 0.97734826803207397461 0.54817479848861694336 
-0.47053471207618713379 0.19184245169162750244 2.0660841464996337891 0.87049502134323120117 -0.048210393637418746948 0.029285056516528129578 0.39874720573425292969 0.39524507522583007812 -0.16589462757110595703 0.55357962846755981445 
-0.45691689848899841309 0.5960490107536315918 -0.57034629583358764648 0.35122096538543701172 -0.23398096859455108643 -1.2482783794403076172 0.17456567287445068359 0.72416806221008300781 0.031777009367942810059 0.69137626886367797852 
-0.44873547554016113281 0.10943342000246047974 -0.1975250244140625 0.63571470975875854492 0.14809857308864593506 -0.29512611031532287598 -0.44174826145172119141 0.42334550619125366211 0.072545103728771209717 0.7567608952522277832 
bias:
-0.22672380506992340088 
-0.83317965269088745117 
-0.49323245882987976074 
-0.11891078948974609375 
-0.91507250070571899414 
0.076853930950164794922 
-1.1568043231964111328 
0.17322355508804321289 
-0.059804670512676239014 
-0.3891315758228302002 
10 1 
weights:
0.26776659488677978516 -0.57588148117065429688 -1.1542435884475708008 0.98036605119705200195 0.92727971076965332031 -3.2763528823852539062 2.2206432819366455078 1.170561671257019043 -0.50129395723342895508 -0.2322197258472442627 
bias:
-0.3603013157844543457 
