1 10 
weights:
1.9113185405731201172 
0.90231287479400634766 
0.58652400970458984375 
0.90091568231582641602 
1.8294625282287597656 
1.1624443531036376953 
0.85218065977096557617 
0.74549704790115356445 
1.2836982011795043945 
0.53943657875061035156 
bias:
-2.0798847675323486328 
2.0662026405334472656 
-1.0481891632080078125 
1.5282266139984130859 
-0.074324756860733032227 
0.45689597725868225098 
-2.2831428050994873047 
-1.8422353267669677734 
1.2459644079208374023 
-0.16871762275695800781 
10 10 
weights:
0.64386713504791259766 -0.24343277513980865479 0.39758518338203430176 -0.30281674861907958984 -0.14366078376770019531 0.47914853692054748535 -1.1242388486862182617 -0.60786175727844238281 0.0086613828316330909729 -0.68097615242004394531 
2.2499017715454101562 -1.0992703437805175781 -1.7039637565612792969 0.77894866466522216797 1.3365143537521362305 0.58038491010665893555 -1.8804379701614379883 -1.9170832633972167969 1.7541412115097045898 -1.3622983694076538086 
-0.6460940241813659668 0.28973519802093505859 0.86077398061752319336 -0.84319519996643066406 -0.93354779481887817383 0.14648386836051940918 2.0769014358520507812 0.99547606706619262695 -0.59326529502868652344 0.40111818909645080566 
0.59861534833908081055 1.2618132829666137695 0.95858722925186157227 1.9449599981307983398 0.62910676002502441406 1.0294766426086425781 0.5293343663215637207 0.27263984084129333496 2.1454188823699951172 1.0197805166244506836 
-0.89250427484512329102 0.58127957582473754883 0.55511742830276489258 -0.16978761553764343262 -0.93426752090454101562 0.40821862220764160156 -0.1526168137788772583 0.22128026187419891357 -0.6624062657356262207 -0.16493473947048187256 
-0.40108641982078552246 1.8566850423812866211 0.80051499605178833008 1.4106280803680419922 0.73107296228408813477 0.55487078428268432617 1.1535876989364624023 1.0992897748947143555 0.36467835307121276855 1.2290983200073242188 
-0.74703907966613769531 -0.38566473126411437988 -0.016564123332500457764 -0.14759948849678039551 0.36430686712265014648 -0.56174814701080322266 0.56958520412445068359 -0.3573449254035949707 0.29920297861099243164 -0.065572395920753479004 
0.3105691075325012207 -0.089251220226287841797 -0.13999249041080474854 0.39412915706634521484 0.61904633045196533203 0.28269270062446594238 -0.16348889470100402832 -0.10716421157121658325 0.47792860865592956543 -0.057142574340105056763 
0.39550867676734924316 -1.0795770883560180664 -0.471225738525390625 0.61577880382537841797 0.08481381833553314209 0.27273717522621154785 -0.49345055222511291504 -0.67471677064895629883 0.76950973272323608398 -0.89348810911178588867 
0.57327926158905029297 -0.024453403428196907043 0.063338339328765869141 0.52146810293197631836 0.85624945163726806641 0.038470976054668426514 -0.083274982869625091553 0.48173528909683227539 0.68733888864517211914 -0.34184464812278747559 
bias:
0.29560676217079162598 
-0.69148176908493041992 
-0.56036490201950073242 
-0.033326160162687301636 
-0.69298595190048217773 
-0.38467517495155334473 
-1.1901843547821044922 
1.01950836181640625 
-0.66410738229751586914 
0.96633040904998779297 
10 1 
weights:
1.0108816623687744141 2.6801941394805908203 -1.522707819938659668 -2.9970133304595947266 -0.57942223548889160156 -3.1635341644287109375 0.018549814820289611816 2.3188643455505371094 1.0921052694320678711 2.9485995769500732422 
bias:
-0.2520281374454498291 
