1 10 
weights:
1.3047001361846923828 
1.54814910888671875 
1.1095064878463745117 
0.92091333866119384766 
1.3787922859191894531 
0.71595340967178344727 
1.2591611146926879883 
0.70934474468231201172 
0.59619349241256713867 
1.3442307710647583008 
bias:
1.8198254108428955078 
-1.2909846305847167969 
-3.1388061046600341797 
2.0684566497802734375 
0.062243416905403137207 
1.2127029895782470703 
0.65350198745727539062 
1.3451478481292724609 
-1.0708843469619750977 
0.35486021637916564941 
10 10 
weights:
-0.095546513795852661133 -0.0080424677580595016479 -0.50006777048110961914 -0.65058135986328125 -0.22398978471755981445 -0.20462247729301452637 0.82189840078353881836 -0.2425931394100189209 -0.78263890743255615234 -0.35861286520957946777 
-0.27416774630546569824 0.22606162726879119873 -0.22212617099285125732 -0.4173736274242401123 0.31525629758834838867 -0.20972901582717895508 0.32669153809547424316 -0.67132854461669921875 -1.0006641149520874023 0.46440964937210083008 
1.3985452651977539062 0.75585281848907470703 0.27354839444160461426 1.6830145120620727539 0.93835741281509399414 1.4055860042572021484 1.3937222957611083984 0.57549959421157836914 0.062464222311973571777 0.48169189691543579102 
-0.13706645369529724121 -0.30113613605499267578 1.050192713737487793 -0.0025363026652485132217 -0.58481746912002563477 0.71967750787734985352 -0.56662970781326293945 0.83687108755111694336 1.4138891696929931641 -0.96740859746932983398 
0.33994746208190917969 1.0169496536254882812 -1.0921251773834228516 -0.93551999330520629883 0.58433729410171508789 -0.96153116226196289062 0.6006386876106262207 -1.0919079780578613281 0.017560137435793876648 0.80439656972885131836 
1.3256611824035644531 0.5008137822151184082 -2.3022131919860839844 -0.22646540403366088867 1.2849718332290649414 -0.96744179725646972656 0.36582535505294799805 -0.55382639169692993164 -2.1194748878479003906 1.1663264036178588867 
-0.13176257908344268799 1.058338165283203125 -1.4765301942825317383 -0.34289181232452392578 1.1657636165618896484 -0.78539752960205078125 0.61395955085754394531 -1.1633347272872924805 -0.77522367238998413086 1.1300698518753051758 
-0.043563585728406906128 0.42133596539497375488 0.56302863359451293945 1.6870095729827880859 1.5289361476898193359 0.40252679586410522461 -0.12977436184883117676 0.5250104069709777832 0.80584239959716796875 0.27245825529098510742 
-1.0950410366058349609 -0.6080760955810546875 0.24606193602085113525 0.26603710651397705078 -0.20540146529674530029 -0.060016568750143051147 -0.71408069133758544922 0.20127634704113006592 -0.49420532584190368652 -0.26013287901878356934 
-0.16695007681846618652 1.3488587141036987305 -0.19292977452278137207 -1.5284571647644042969 0.98187297582626342773 -1.402751922607421875 0.312602996826171875 -1.1269437074661254883 0.0025113380979746580124 0.062068130820989608765 
bias:
-0.49568375945091247559 
-0.50778424739837646484 
0.13627299666404724121 
-1.3435455560684204102 
-0.33748969435691833496 
0.2680028080940246582 
-0.30070754885673522949 
0.51653724908828735352 
-0.0044382447376847267151 
0.17890024185180664062 
10 1 
weights:
0.88024890422821044922 0.79422104358673095703 -2.0946264266967773438 -1.2731983661651611328 1.7869135141372680664 2.4999399185180664062 1.7882467508316040039 -1.5989041328430175781 -0.79793024063110351562 1.4832968711853027344 
bias:
0.71019321680068969727 
