1 10 
weights:
1.03211212158203125 
1.5409716367721557617 
0.97124505043029785156 
1.5148346424102783203 
0.53038036823272705078 
0.83043247461318969727 
0.54180938005447387695 
1.1834939718246459961 
1.2225278615951538086 
1.4159258604049682617 
bias:
0.23043574392795562744 
0.13914141058921813965 
1.9637371301651000977 
-1.4400522708892822266 
-0.16058875620365142822 
1.4728522300720214844 
-0.14857243001461029053 
1.1135467290878295898 
-3.5680010318756103516 
-0.17996670305728912354 
10 10 
weights:
1.4314490556716918945 1.3309688568115234375 0.49644297361373901367 1.2706986665725708008 -0.28203400969505310059 -0.35675561428070068359 -0.14469330012798309326 0.19424335658550262451 0.50143957138061523438 0.82429158687591552734 
0.20585803687572479248 -0.63598483800888061523 -0.25173467397689819336 0.48356875777244567871 -0.34074929356575012207 -0.96661043167114257812 -0.11602475494146347046 -0.28782013058662414551 -0.17112132906913757324 -1.2365394830703735352 
-0.25825634598731994629 -0.42228749394416809082 -0.20363755524158477783 -0.11072873324155807495 -0.53715729713439941406 -0.74447166919708251953 -0.85881638526916503906 -1.2183139324188232422 0.04660355299711227417 -0.46629992127418518066 
-0.60613214969635009766 -0.95728933811187744141 -0.20084743201732635498 -0.22672224044799804688 -0.87658470869064331055 -0.41304022073745727539 -0.07537364959716796875 -0.13354006409645080566 -0.085056476294994354248 0.50554943084716796875 
-0.58991509675979614258 0.55444103479385375977 0.56013476848602294922 -0.050633862614631652832 0.58654105663299560547 0.28414714336395263672 0.73324525356292724609 0.69592571258544921875 0.28119671344757080078 0.89986222982406616211 
0.39063760638236999512 0.086098954081535339355 0.027906961739063262939 -0.08521060645580291748 0.026182129979133605957 -0.78547519445419311523 0.41987311840057373047 -0.25161924958229064941 1.9869829416275024414 -0.075028784573078155518 
0.86304205656051635742 0.51209819316864013672 3.0541679859161376953 0.61141616106033325195 0.60634386539459228516 1.6649382114410400391 0.84351593255996704102 0.90045666694641113281 1.1431443691253662109 1.2338882684707641602 
0.32790678739547729492 -1.0493453741073608398 -0.42100700736045837402 -0.44104692339897155762 0.82434237003326416016 0.14962513744831085205 0.18990284204483032227 -0.31397274136543273926 1.5855284929275512695 0.59502291679382324219 
-0.18798997998237609863 1.1144888401031494141 0.23682568967342376709 2.0188453197479248047 -1.107331395149230957 -1.9191410541534423828 -1.0352680683135986328 0.5359064936637878418 -2.5172631740570068359 1.2953892946243286133 
-0.43870705366134643555 -0.31867691874504089355 -0.15435470640659332275 -0.20026409626007080078 0.022807475179433822632 -0.51965051889419555664 0.11832939833402633667 -1.0818675756454467773 -0.36418297886848449707 -0.52068370580673217773 
bias:
-0.37984868884086608887 
-0.7720972895622253418 
-0.73362255096435546875 
-0.020593516528606414795 
0.030690558254718780518 
-0.89975494146347045898 
-0.71136099100112915039 
-0.65349256992340087891 
-0.1116418987512588501 
0.29025912284851074219 
10 1 
weights:
2.6425173282623291016 0.084618136286735534668 0.88746130466461181641 -0.038729917258024215698 -0.68302357196807861328 -1.348079681396484375 -3.5566599369049072266 -1.3046882152557373047 2.9834532737731933594 -0.40350741147994995117 
bias:
1.6057486534118652344 
