1 10 
weights:
-1.0727499723434448242 
1.1312780380249023438 
0.47841829061508178711 
1.2326002120971679688 
-0.46749848127365112305 
1.0895214080810546875 
0.74384075403213500977 
1.4169909954071044922 
0.58791351318359375 
0.74228447675704956055 
bias:
-0.074178941547870635986 
2.5254316329956054688 
-0.96835380792617797852 
-3.2788486480712890625 
-0.18135966360569000244 
-0.51102972030639648438 
1.0640964508056640625 
0.76435834169387817383 
0.86645293235778808594 
-1.9412860870361328125 
10 10 
weights:
0.55310004949569702148 0.52688819169998168945 0.042453933507204055786 1.4540836811065673828 0.32990092039108276367 -1.3215963840484619141 1.0447717905044555664 -1.2615222930908203125 -0.093121841549873352051 0.62101060152053833008 
0.51525229215621948242 -1.4792885780334472656 -0.75206369161605834961 0.36541384458541870117 0.90133905410766601562 -0.66611975431442260742 -2.5116841793060302734 0.51585209369659423828 -1.1246925592422485352 -0.47642749547958374023 
1.1519112586975097656 0.46719965338706970215 0.82017415761947631836 0.80109602212905883789 1.3092839717864990234 0.87598764896392822266 0.41957780718803405762 0.30090227723121643066 0.27104869484901428223 0.31565889716148376465 
0.35637992620468139648 -0.1309566497802734375 0.5720379948616027832 1.2379381656646728516 -0.6296265721321105957 -0.44165617227554321289 0.10376234352588653564 -0.68721926212310791016 -0.1670016944408416748 1.1883474588394165039 
-1.016665339469909668 -0.12401916086673736572 -0.42733365297317504883 -1.4083188772201538086 -0.34221529960632324219 2.0033042430877685547 -1.1079032421112060547 0.70200419425964355469 -0.056852132081985473633 -0.50834321975708007812 
-0.067269362509250640869 2.0630636215209960938 1.1208901405334472656 0.45321556925773620605 -0.63746500015258789062 0.29821428656578063965 0.58307528495788574219 0.22567923367023468018 1.086963653564453125 0.056759592145681381226 
0.96541941165924072266 -0.43552944064140319824 1.4909371137619018555 0.83065181970596313477 -0.68251818418502807617 -0.36512038111686706543 -0.89443129301071166992 -1.2758197784423828125 1.0228593349456787109 1.0574464797973632812 
0.50426882505416870117 0.029054982587695121765 0.78462481498718261719 1.3503614664077758789 -0.81394428014755249023 -0.68731850385665893555 -0.36965554952621459961 -0.68016648292541503906 0.21523040533065795898 0.39110291004180908203 
-1.0093170404434204102 -0.46207603812217712402 0.10452016443014144897 -0.64764308929443359375 0.17918324470520019531 2.2486958503723144531 -0.10564257949590682983 0.45551830530166625977 -0.46104162931442260742 -0.42479968070983886719 
0.72865670919418334961 0.96963292360305786133 0.4179840385913848877 0.57718878984451293945 1.2582417726516723633 0.95046204328536987305 1.0096755027770996094 1.5678079128265380859 0.75289249420166015625 0.87914240360260009766 
bias:
-0.93979179859161376953 
-0.68491524457931518555 
0.011175906285643577576 
-1.0434845685958862305 
-0.27733400464057922363 
0.44528585672378540039 
-0.71066313982009887695 
-0.64608675241470336914 
-0.95504528284072875977 
0.83096265792846679688 
10 1 
weights:
-1.9202349185943603516 2.7025532722473144531 -0.67425191402435302734 -1.3665933609008789062 1.7655293941497802734 -2.7741091251373291016 -1.5310369729995727539 -1.3234486579895019531 2.2096085548400878906 2.8885447978973388672 
bias:
0.91340947151184082031 
