1 10 
weights:
-1.1800053119659423828 
0.51027023792266845703 
-0.96800208091735839844 
0.4642333984375 
1.5928112268447875977 
0.4177392423152923584 
0.43424072861671447754 
1.589603424072265625 
-0.79861491918563842773 
1.7333649396896362305 
bias:
-0.023423278704285621643 
0.89893853664398193359 
2.8077208995819091797 
0.53753846883773803711 
-0.27365019917488098145 
-0.11160761862993240356 
0.11132254451513290405 
-2.1055610179901123047 
-2.0868608951568603516 
1.700426936149597168 
10 10 
weights:
0.055372342467308044434 -0.088829882442951202393 -0.036427319049835205078 1.8740696907043457031 0.80235111713409423828 -0.019865274429321289062 0.82128363847732543945 0.12029004842042922974 0.39126873016357421875 1.2061258554458618164 
0.098358392715454101562 -0.68822830915451049805 -0.91814684867858886719 1.1040390729904174805 0.032492652535438537598 0.20670008659362792969 -0.61406463384628295898 -0.066244438290596008301 0.16513901948928833008 0.17840901017189025879 
-0.27470135688781738281 -0.2755374908447265625 -1.1215308904647827148 0.33340305089950561523 1.5303350687026977539 1.4376537799835205078 -0.35874727368354797363 0.80940830707550048828 0.54287415742874145508 0.83065074682235717773 
0.39968386292457580566 -0.43342241644859313965 -0.14593787491321563721 -0.48106950521469116211 0.19088190793991088867 0.50646626949310302734 -0.85457825660705566406 0.1478436887264251709 0.27754890918731689453 -1.582996368408203125 
0.76166391372680664062 0.081397451460361480713 -0.66820579767227172852 -0.2107337266206741333 -0.85933434963226318359 -0.79658216238021850586 0.29577213525772094727 0.24574144184589385986 -0.851413726806640625 -0.81302177906036376953 
-0.71293210983276367188 0.79771745204925537109 -2.5329220294952392578 0.056788120418787002563 -0.48012784123420715332 0.37359660863876342773 1.1407923698425292969 0.67595106363296508789 -0.85102331638336181641 -1.1927442550659179688 
-0.27826571464538574219 -2.3140504360198974609 1.2394773960113525391 -1.4253865480422973633 1.6726607084274291992 -1.4451428651809692383 -0.82900369167327880859 1.424157261848449707 2.542461395263671875 1.8613848686218261719 
0.54002183675765991211 1.050469517707824707 -1.3667196035385131836 0.10338442027568817139 -0.70925259590148925781 0.77643507719039916992 0.27548995614051818848 -0.63910013437271118164 -0.55777937173843383789 -0.15465959906578063965 
0.43912976980209350586 0.53520131111145019531 -0.30346542596817016602 -1.2654970884323120117 -0.75193345546722412109 -0.55053031444549560547 -0.61922407150268554688 -0.49333611130714416504 0.57822889089584350586 -0.081303261220455169678 
0.36069026589393615723 0.32790294289588928223 0.0527134723961353302 0.18700870871543884277 -0.50121808052062988281 -0.2354396432638168335 -0.48314887285232543945 0.17542976140975952148 -0.08544610440731048584 -0.86320203542709350586 
bias:
0.70941132307052612305 
-1.2350939512252807617 
-0.64674514532089233398 
-0.20506881177425384521 
0.048125863075256347656 
-0.2808710634708404541 
-1.0357004404067993164 
-0.35783252120018005371 
-0.69505459070205688477 
-0.78715860843658447266 
10 1 
weights:
-0.60394936800003051758 -0.2713940739631652832 1.905449986457824707 -0.14133676886558532715 -0.91971582174301147461 -2.6291997432708740234 3.6243844032287597656 -1.5365908145904541016 0.35315144062042236328 -0.45812690258026123047 
bias:
-0.54513245820999145508 
