1 10 
weights:
1.0585665702819824219 
-1.4743070602416992188 
1.5925873517990112305 
1.5401444435119628906 
-0.47524857521057128906 
0.49895843863487243652 
0.63093012571334838867 
1.8990931510925292969 
0.66652190685272216797 
-1.439938664436340332 
bias:
-2.5267069339752197266 
0.68006408214569091797 
-0.79554080963134765625 
2.1530232429504394531 
0.55437928438186645508 
-0.84679442644119262695 
1.1612130403518676758 
0.40848946571350097656 
1.3505856990814208984 
-0.12801627814769744873 
10 10 
weights:
2.0246462821960449219 0.61461347341537475586 -2.1357889175415039062 -2.2342431545257568359 -2.5346798896789550781 2.3467996120452880859 1.5979143381118774414 -1.2413957118988037109 1.6227877140045166016 0.47448629140853881836 
0.54359495639801025391 -0.75536233186721801758 0.060465864837169647217 -0.60687536001205444336 0.30065163969993591309 -0.031114073470234870911 -0.6878039240837097168 -0.31002378463745117188 0.021918775513768196106 0.3462943732738494873 
0.37947264313697814941 0.29222354292869567871 -0.073926940560340881348 -0.88654649257659912109 -0.72079509496688842773 0.64431756734848022461 -0.30360957980155944824 0.34919172525405883789 0.024895267561078071594 -0.082110062241554260254 
-0.38650190830230712891 0.14220392704010009766 -0.34915134310722351074 -1.6289731264114379883 0.51649504899978637695 -1.1834741830825805664 -1.5608618259429931641 -0.47101727128028869629 -2.1928765773773193359 0.73817050457000732422 
-0.017364859580993652344 0.80169141292572021484 -0.16396318376064300537 -0.088953241705894470215 -0.95840001106262207031 -0.27345126867294311523 0.92421472072601318359 0.11660367995500564575 1.19942474365234375 0.3876533806324005127 
0.70689916610717773438 0.82145392894744873047 -0.68893414735794067383 -0.036052327603101730347 -0.0061931419186294078827 -0.12149099260568618774 0.48315083980560302734 -0.7220910191535949707 0.59752452373504638672 -0.064156450331211090088 
0.25969538092613220215 0.12047473341226577759 0.098115906119346618652 -0.41504651308059692383 0.0062744924798607826233 0.25831082463264465332 0.85122525691986083984 0.36881148815155029297 0.35813844203948974609 0.59640562534332275391 
-0.52078968286514282227 -0.49129897356033325195 0.67655223608016967773 0.19605988264083862305 -0.1740179210901260376 -0.25984305143356323242 -0.46992129087448120117 0.21886418759822845459 -0.59891563653945922852 -0.3866614997386932373 
-0.51597917079925537109 -1.1442800760269165039 1.3185256719589233398 0.51249575614929199219 -0.3512077033519744873 -0.18737143278121948242 -0.75386595726013183594 -0.16801276803016662598 -0.2478748708963394165 -1.1704497337341308594 
0.51386618614196777344 0.060391865670680999756 -0.096632666885852813721 -0.15541733801364898682 0.21848173439502716064 -0.0024670101702213287354 -0.94866430759429931641 -0.81374800205230712891 -0.47800478339195251465 0.23565454781055450439 
bias:
-0.18523430824279785156 
-0.36799192428588867188 
-0.85560643672943115234 
-0.76858234405517578125 
0.53548467159271240234 
0.25509586930274963379 
-0.21070678532123565674 
-0.16971339285373687744 
-0.61761480569839477539 
-0.80991584062576293945 
10 1 
weights:
-3.7664654254913330078 0.0746213570237159729 -0.63185226917266845703 2.6432278156280517578 -2.2843663692474365234 -1.1256008148193359375 -0.46456533670425415039 0.80880832672119140625 1.7619581222534179688 0.10678434371948242188 
bias:
3.7672734260559082031 
