1 10 
weights:
0.37541654706001281738 
1.790195465087890625 
0.46240580081939697266 
1.4855082035064697266 
-0.49231868982315063477 
0.72483307123184204102 
0.67631965875625610352 
0.45949900150299072266 
0.77931898832321166992 
1.7580875158309936523 
bias:
-0.24998798966407775879 
0.21002879738807678223 
-0.75177413225173950195 
1.8764437437057495117 
0.95858615636825561523 
-1.5613478422164916992 
1.5321569442749023438 
-0.86146986484527587891 
2.0993154048919677734 
-1.6017438173294067383 
10 10 
weights:
0.21063421666622161865 0.60595417022705078125 -0.43951630592346191406 0.73298466205596923828 -0.83728641271591186523 0.088954262435436248779 -0.61497986316680908203 0.82923913002014160156 -0.066633865237236022949 0.56480556726455688477 
-0.30562892556190490723 1.0437113046646118164 -0.63134109973907470703 0.11667554080486297607 -0.14900331199169158936 -0.19319714605808258057 -1.1124625205993652344 0.51067143678665161133 -0.70241606235504150391 1.6573692560195922852 
0.28628203272819519043 -0.52391642332077026367 0.019379293546080589294 0.29235386848449707031 0.033008899539709091187 -0.36529138684272766113 -0.79918265342712402344 -0.27992480993270874023 0.09196548163890838623 -0.22014957666397094727 
-0.12912836670875549316 -0.72420620918273925781 -0.73171085119247436523 0.12913517653942108154 0.35984504222869873047 -1.1833025217056274414 -1.4760243892669677734 -1.5158861875534057617 -0.44089406728744506836 0.38655021786689758301 
-0.61711370944976806641 0.024492403492331504822 -0.11847262829542160034 -0.95477265119552612305 0.61516976356506347656 0.2390394061803817749 -1.1432249546051025391 -0.60515534877777099609 -0.6848405003547668457 1.2964609861373901367 
-0.73324316740036010742 -0.1445087045431137085 1.0472565889358520508 -0.95386940240859985352 -0.83391106128692626953 -0.53639507293701171875 -0.54849582910537719727 0.23013027012348175049 0.67323070764541625977 -0.48096624016761779785 
-0.17623353004455566406 0.98653048276901245117 -0.06577501446008682251 1.7325062751770019531 -0.11875999718904495239 0.98069840669631958008 0.039361994713544845581 0.42625230550765991211 0.073681659996509552002 1.2969112396240234375 
-0.089949265122413635254 -0.48413753509521484375 0.97283136844635009766 -0.0065640369430184364319 -1.1071000099182128906 0.25437274575233459473 0.68100523948669433594 0.1922887265682220459 1.5869942903518676758 0.28906333446502685547 
1.4554060697555541992 -1.9927866458892822266 1.745480656623840332 -1.8562628030776977539 -2.0545530319213867188 2.1390912532806396484 1.2247414588928222656 2.0905566215515136719 1.1265439987182617188 -2.8360757827758789062 
0.56987053155899047852 0.52214264869689941406 -0.64444482326507568359 0.34216710925102233887 1.0502916574478149414 0.21201437711715698242 0.051220763474702835083 -1.3557126522064208984 -0.86347329616546630859 -0.79726994037628173828 
bias:
0.35341268777847290039 
-0.95391577482223510742 
-0.50897490978240966797 
-0.21411086618900299072 
-0.028577283024787902832 
0.055074032396078109741 
-0.95544809103012084961 
0.49993839859962463379 
0.057783231139183044434 
-0.40403565764427185059 
10 1 
weights:
0.30412125587463378906 1.3677741289138793945 0.33942309021949768066 1.6255511045455932617 1.2671796083450317383 -0.44700786471366882324 2.0850200653076171875 -1.6743175983428955078 -3.6830627918243408203 0.56979161500930786133 
bias:
0.35459420084953308105 
