1 10 
weights:
1.6928151845932006836 
0.58351212739944458008 
-1.1080907583236694336 
-0.65815180540084838867 
-1.3380547761917114258 
-0.45802429318428039551 
-0.71913158893585205078 
0.82531958818435668945 
0.87545889616012573242 
-0.63619494438171386719 
bias:
1.2485232353210449219 
-0.72752165794372558594 
0.90338557958602905273 
1.1781799793243408203 
0.97624856233596801758 
-0.32845279574394226074 
1.1464121341705322266 
1.7202559709548950195 
2.0239052772521972656 
0.75425589084625244141 
10 10 
weights:
-0.69562524557113647461 1.6185222864151000977 0.38881567120552062988 -0.29396775364875793457 1.4462366104125976562 -1.3519204854965209961 -0.60664135217666625977 2.3196651935577392578 2.7594516277313232422 -0.11436098068952560425 
-1.9317957162857055664 0.17930625379085540771 0.51550698280334472656 1.0835058689117431641 0.072050899267196655273 -0.78977298736572265625 0.23259989917278289795 -0.45397186279296875 -0.41356748342514038086 0.11960142850875854492 
1.4938228130340576172 0.60243493318557739258 -1.1165094375610351562 0.03591660037636756897 -1.1826876401901245117 0.41869103908538818359 -1.351613163948059082 0.81432694196701049805 0.22271806001663208008 -0.59551107883453369141 
-1.2774473428726196289 -1.3787914514541625977 -0.84814161062240600586 -0.66841089725494384766 -1.0761015415191650391 -1.0873644351959228516 -0.43681693077087402344 -1.2360090017318725586 -1.5841381549835205078 -0.46171462535858154297 
-0.83265513181686401367 0.2613449394702911377 -0.22789217531681060791 -0.43482387065887451172 0.75230050086975097656 -0.99603641033172607422 -0.50667434930801391602 -0.49755087494850158691 0.082587622106075286865 -0.46786740422248840332 
0.53025442361831665039 -0.4043566584587097168 0.058301273733377456665 -0.021744230762124061584 -0.12762512266635894775 -0.53170895576477050781 -0.77176886796951293945 -0.23836563527584075928 -0.61815476417541503906 0.24317327141761779785 
-0.83367174863815307617 0.28424185514450073242 -1.8008306026458740234 -1.4919347763061523438 -0.53811931610107421875 -0.33284786343574523926 -0.54164463281631469727 -0.066693015396595001221 0.45064887404441833496 -0.78092652559280395508 
-0.67858719825744628906 -1.3404089212417602539 1.1224194765090942383 2.2807717323303222656 1.3183507919311523438 1.6753070354461669922 1.7548997402191162109 -0.017827972769737243652 -0.30883073806762695312 1.7450060844421386719 
-1.0093396902084350586 0.071706585586071014404 -1.2849333286285400391 -0.37302219867706298828 -0.41768035292625427246 -0.21024121344089508057 -0.49727365374565124512 -0.77700597047805786133 -0.72329372167587280273 -0.53342717885971069336 
-0.37723550200462341309 1.1964936256408691406 0.72003704309463500977 -0.64280265569686889648 0.61655426025390625 -0.22863245010375976562 -0.49212285876274108887 0.67622548341751098633 -0.2227443009614944458 -0.29862758517265319824 
bias:
-1.2894842624664306641 
-0.21463096141815185547 
0.24837657809257507324 
-1.5410743951797485352 
-0.74144631624221801758 
0.014551624655723571777 
-1.0160763263702392578 
0.71116930246353149414 
-1.3336054086685180664 
-0.62224674224853515625 
10 1 
weights:
-3.7020888328552246094 -1.3611011505126953125 2.4967489242553710938 0.33592313528060913086 -0.32217830419540405273 0.39606779813766479492 -1.2335964441299438477 3.4296305179595947266 -1.0080006122589111328 -1.1545152664184570312 
bias:
-0.16872511804103851318 
