1 10 
weights:
0.46800687909126281738 
1.0756983757019042969 
0.55619162321090698242 
0.8307883143424987793 
1.3762954473495483398 
0.90015828609466552734 
1.67724609375 
-0.60556864738464355469 
0.49627906084060668945 
-0.85401844978332519531 
bias:
0.02334684319794178009 
1.2601829767227172852 
-0.79686522483825683594 
-1.0136045217514038086 
0.9052804112434387207 
2.0493397712707519531 
-1.0677707195281982422 
0.83739370107650756836 
-0.206195831298828125 
1.8935704231262207031 
10 10 
weights:
-0.067082449793815612793 0.28678208589553833008 -0.15697769820690155029 1.6084511280059814453 2.3251860141754150391 -0.36253568530082702637 0.24197073280811309814 -0.64281481504440307617 0.3841196894645690918 -0.75519019365310668945 
0.041394393891096115112 -0.35597792267799377441 0.34410524368286132812 -0.71213871240615844727 -0.37555420398712158203 0.28618261218070983887 -0.54548788070678710938 0.18261583149433135986 -0.30023169517517089844 -0.44218650460243225098 
-1.7012078762054443359 1.215695500373840332 -1.6908284425735473633 -1.1117905378341674805 1.7932724952697753906 -0.24502287805080413818 1.1298447847366333008 1.5892392396926879883 -1.2594122886657714844 2.1785335540771484375 
0.84221643209457397461 1.7696321010589599609 0.77993816137313842773 0.18160417675971984863 1.7942966222763061523 2.5639722347259521484 0.72894674539566040039 -0.46592947840690612793 1.5229499340057373047 -0.49336889386177062988 
-0.57238906621932983398 1.016432642936706543 -0.46183517575263977051 0.64416271448135375977 0.22858630120754241943 -0.12402113527059555054 1.6530900001525878906 -0.42990732192993164062 0.11796393990516662598 -0.64071732759475708008 
-0.21898582577705383301 -0.19737550616264343262 -0.29413381218910217285 0.025905262678861618042 0.80122107267379760742 0.023454109206795692444 0.771148681640625 1.8314117193222045898 -1.0616757869720458984 0.38655456900596618652 
0.039044372737407684326 0.48581746220588684082 -0.69714009761810302734 -0.076173678040504455566 0.93538874387741088867 -0.282501220703125 0.40752512216567993164 -0.049494706094264984131 -0.46905475854873657227 0.68104577064514160156 
-0.82338106632232666016 -0.3770796656608581543 -1.0247375965118408203 -0.31141754984855651855 -0.9383449554443359375 -0.4383195042610168457 -0.059040706604719161987 -0.34471926093101501465 -0.833789825439453125 0.054241552948951721191 
-0.75136464834213256836 -0.030493631958961486816 0.18482029438018798828 0.85041075944900512695 -0.27812901139259338379 -0.13700506091117858887 -0.090367347002029418945 0.51479691267013549805 -0.24897457659244537354 0.58789277076721191406 
0.36983117461204528809 -0.58424705266952514648 0.66043490171432495117 0.22831526398658752441 -0.29133808612823486328 0.30779305100440979004 -0.041474591940641403198 -0.085747160017490386963 0.66961216926574707031 -0.38969448208808898926 
bias:
-0.86434823274612426758 
-0.65956866741180419922 
-0.097468063235282897949 
0.4292583167552947998 
-0.9796631932258605957 
-0.55364334583282470703 
-1.2885766029357910156 
-0.27310743927955627441 
-1.3768813610076904297 
-0.2611478269100189209 
10 1 
weights:
2.2697832584381103516 -0.55649018287658691406 3.5658001899719238281 -5.0002350807189941406 1.6234985589981079102 0.89675784111022949219 0.82765847444534301758 0.18255195021629333496 0.18112574517726898193 -0.68332660198211669922 
bias:
-0.82689726352691650391 
