1 10 
weights:
1.4125155210494995117 
0.48131322860717773438 
1.452672123908996582 
0.85775333642959594727 
0.44815352559089660645 
0.52287918329238891602 
0.44503426551818847656 
0.91006046533584594727 
1.0937563180923461914 
1.1863806247711181641 
bias:
0.52308446168899536133 
-0.24462105333805084229 
-1.072182774543762207 
1.9947417974472045898 
-0.6600062251091003418 
0.20477712154388427734 
-0.75986647605895996094 
2.0709338188171386719 
-3.1660017967224121094 
1.1921224594116210938 
10 10 
weights:
-0.19137197732925415039 0.96964019536972045898 0.76307606697082519531 0.68034398555755615234 0.58947336673736572266 1.4851593971252441406 0.55601924657821655273 1.0205236673355102539 0.30876657366752624512 0.52234816551208496094 
0.38584864139556884766 -0.27171796560287475586 1.8900457620620727539 -0.37988188862800598145 -0.527858734130859375 -0.094276726245880126953 0.01054035872220993042 -1.1219427585601806641 -1.5940850973129272461 0.85194796323776245117 
0.48423925042152404785 0.95394146442413330078 0.63855826854705810547 0.81661206483840942383 0.18644918501377105713 -0.050096586346626281738 0.22902792692184448242 0.56668853759765625 0.99428635835647583008 0.087142206728458404541 
0.32307586073875427246 -0.25570577383041381836 1.113144993782043457 -0.78027290105819702148 -1.1502627134323120117 -0.90428113937377929688 0.22689083218574523926 0.023917043581604957581 -0.73928332328796386719 0.65418225526809692383 
-0.33873355388641357422 -0.43463888764381408691 -0.58921200037002563477 -0.077437072992324829102 -0.60254341363906860352 -0.62204980850219726562 0.11027984321117401123 0.15567025542259216309 0.23693065345287322998 0.13334263861179351807 
-0.096673473715782165527 -0.12248760461807250977 -0.31480890512466430664 -1.1443216800689697266 0.18547347187995910645 -0.39782243967056274414 0.1655124276876449585 -0.88269025087356567383 0.30418249964714050293 0.064335621893405914307 
1.3486776351928710938 -0.59605574607849121094 1.5098943710327148438 -1.2223837375640869141 -0.087081193923950195312 -0.52280145883560180664 -0.8787059783935546875 -0.42780649662017822266 -1.2633585929870605469 1.6247768402099609375 
1.0397257804870605469 0.61428248882293701172 -0.21314324438571929932 1.0361763238906860352 0.27423045039176940918 0.79923802614212036133 -0.035887349396944046021 2.2387456893920898438 0.97349417209625244141 0.041509274393320083618 
-1.3457421064376831055 0.11704183369874954224 -1.1456153392791748047 0.35575452446937561035 0.7779381871223449707 0.6884860992431640625 1.0919791460037231445 0.056493874639272689819 1.6094151735305786133 -0.85261636972427368164 
0.85310971736907958984 -0.66182482242584228516 1.386592864990234375 -0.38266250491142272949 -0.43294194340705871582 -1.0427119731903076172 -0.99680668115615844727 -0.42837050557136535645 -1.4051201343536376953 2.0071396827697753906 
bias:
0.41139757633209228516 
-0.80603086948394775391 
0.6060078740119934082 
-0.44623365998268127441 
-0.29841452836990356445 
-0.61578100919723510742 
-0.58352833986282348633 
-0.3874963223934173584 
-0.61798453330993652344 
0.62873226404190063477 
10 1 
weights:
-2.7777569293975830078 1.5462374687194824219 -1.2160419225692749023 1.0933325290679931641 -0.026602061465382575989 0.70014667510986328125 1.9576929807662963867 -1.889628291130065918 -1.6726766824722290039 3.1364872455596923828 
bias:
2.5108168125152587891 
