1 10 
weights:
0.71754914522171020508 
1.263998866081237793 
0.58227908611297607422 
0.40986973047256469727 
0.55020684003829956055 
0.36812871694564819336 
0.61285835504531860352 
0.47804853320121765137 
1.1372504234313964844 
1.3453072309494018555 
bias:
-2.0106029510498046875 
-0.96093636751174926758 
-1.6518893241882324219 
-0.52593302726745605469 
-1.5102940797805786133 
-0.7060191035270690918 
-1.5335489511489868164 
0.87919217348098754883 
3.2150232791900634766 
0.91529005765914916992 
10 10 
weights:
0.51723843812942504883 1.5904906988143920898 -0.085162736475467681885 0.64301151037216186523 0.50629633665084838867 -0.19964239001274108887 0.70236194133758544922 -0.52940374612808227539 -0.47370573878288269043 0.73701500892639160156 
0.37626722455024719238 -0.012809770181775093079 0.29662966728210449219 -0.026507204398512840271 -0.48312807083129882812 0.54120361804962158203 0.54045635461807250977 -0.55463868379592895508 -0.48286074399948120117 -0.32326474785804748535 
0.33218604326248168945 0.64100825786590576172 0.42962524294853210449 -0.64167016744613647461 -1.0988813638687133789 -1.0745066404342651367 -0.29839748144149780273 0.018744323402643203735 -1.1983373165130615234 0.55232483148574829102 
1.018967747688293457 0.49431836605072021484 0.2640743553638458252 0.019618147984147071838 0.45835489034652709961 0.90185844898223876953 0.36945095658302307129 0.029446110129356384277 0.8779506683349609375 -0.020175034180283546448 
1.5554732084274291992 -1.9198396205902099609 0.86758899688720703125 0.67437970638275146484 1.1722556352615356445 -0.12788845598697662354 1.5139393806457519531 0.0056571881286799907684 0.77352273464202880859 -1.5500947237014770508 
-0.1234852522611618042 -0.64559209346771240234 -0.37100243568420410156 -0.1578429490327835083 0.7840048670768737793 0.32033914327621459961 0.63930052518844604492 -0.13432806730270385742 -0.84684956073760986328 0.19248461723327636719 
-0.40397316217422485352 1.700879216194152832 -0.98606395721435546875 -0.31363499164581298828 -1.4225074052810668945 -0.55476921796798706055 -0.066783882677555084229 -1.1137037277221679688 -1.7566379308700561523 1.6497707366943359375 
-0.64938557147979736328 1.5235941410064697266 -0.20732371509075164795 -1.0113141536712646484 -0.31264439225196838379 -0.52156668901443481445 0.41516903042793273926 -0.50972563028335571289 -0.75131314992904663086 0.10905998200178146362 
-0.72303557395935058594 1.811768651008605957 -1.3129515647888183594 -0.30117040872573852539 -0.13326016068458557129 -0.6853160858154296875 -0.70984882116317749023 -1.3589080572128295898 -1.0359301567077636719 1.9391295909881591797 
-0.62009662389755249023 0.82192564010620117188 -0.79163318872451782227 0.47997373342514038086 -0.3461367189884185791 0.62905555963516235352 -1.1281507015228271484 -0.3009325861930847168 -0.56888461112976074219 0.95727497339248657227 
bias:
-0.81105095148086547852 
-0.21203377842903137207 
-0.13855876028537750244 
0.40693047642707824707 
-0.81115633249282836914 
-0.31053054332733154297 
0.96378535032272338867 
-0.39197143912315368652 
0.60895991325378417969 
-0.98628437519073486328 
10 1 
weights:
1.1129244565963745117 -0.087835922837257385254 1.2567402124404907227 -0.80139434337615966797 -2.3715329170227050781 -0.0057882806286215782166 2.4064834117889404297 1.3178999423980712891 2.4607439041137695312 1.1270492076873779297 
bias:
-1.6591422557830810547 
