1 10 
weights:
1.8662192821502685547 
0.65034323930740356445 
0.43052527308464050293 
1.6526817083358764648 
0.58365797996520996094 
0.77529454231262207031 
0.6160252690315246582 
0.46873000264167785645 
0.63997536897659301758 
1.7805430889129638672 
bias:
-0.12842638790607452393 
1.1330219507217407227 
-0.16745457053184509277 
1.7824239730834960938 
0.96690958738327026367 
-2.169605255126953125 
-1.5678207874298095703 
-0.34614077210426330566 
1.0007503032684326172 
-1.8659514188766479492 
10 10 
weights:
-1.3241399526596069336 -2.0536103248596191406 -0.98035705089569091797 0.38864850997924804688 -0.76935094594955444336 0.075648300349712371826 -0.79463475942611694336 -1.6515812873840332031 -1.2810852527618408203 -0.1068186536431312561 
1.073342442512512207 -0.58415389060974121094 -0.14476130902767181396 2.1325943470001220703 -0.85511738061904907227 -0.068502865731716156006 -1.182043910026550293 -0.7146880030632019043 -0.38312509655952453613 0.42838072776794433594 
0.35166245698928833008 0.92232429981231689453 0.38725820183753967285 -0.88043963909149169922 1.3399299383163452148 0.56015568971633911133 1.1233066320419311523 1.2863342761993408203 1.2814022302627563477 -2.4644417762756347656 
-0.30458480119705200195 -2.1235225200653076172 -0.31584975123405456543 -0.8786137700080871582 -0.86389851570129394531 -1.1207625865936279297 -1.1891734600067138672 -0.93833816051483154297 -1.5310674905776977539 0.49683362245559692383 
0.50846594572067260742 -0.8445008397102355957 -0.92430502176284790039 0.61811697483062744141 -0.038464345037937164307 -0.0019729617051780223846 -1.2031180858612060547 -0.25196409225463867188 -0.74653190374374389648 0.74559956789016723633 
-1.3704359531402587891 -0.050857916474342346191 -0.47425708174705505371 0.23153121769428253174 -0.23853147029876708984 -0.45788940787315368652 0.037117674946784973145 -0.46486675739288330078 -1.7386221885681152344 -0.60130953788757324219 
0.19622662663459777832 -0.3374417722225189209 -0.16365411877632141113 -0.69187688827514648438 -0.86107909679412841797 -0.49541541934013366699 -0.20913033187389373779 -0.77803218364715576172 -1.1550806760787963867 0.61017614603042602539 
-0.21136507391929626465 -0.97002321481704711914 -0.44151127338409423828 0.17515388131141662598 -0.51483744382858276367 -0.053100802004337310791 -0.44418323040008544922 0.74840396642684936523 -0.64539009332656860352 0.19297672808170318604 
0.023717613890767097473 0.32385814189910888672 -0.15144166350364685059 0.47194567322731018066 -0.80325704813003540039 -0.25367897748947143555 -0.93677026033401489258 0.41400769352912902832 -0.49763026833534240723 0.43833404779434204102 
2.1583395004272460938 -0.96079927682876586914 -1.1610877513885498047 1.7998270988464355469 -1.3711272478103637695 -2.2095398902893066406 -1.6701308488845825195 -0.56535995006561279297 -0.48447436094284057617 1.8677735328674316406 
bias:
-1.9330102205276489258 
-0.056592531502246856689 
-0.297969818115234375 
-1.1280148029327392578 
-0.075516358017921447754 
-1.7628320455551147461 
-0.28068485856056213379 
-1.3730158805847167969 
-1.0844987630844116211 
0.78807860612869262695 
10 1 
weights:
1.768273472785949707 2.1192569732666015625 -3.6473987102508544922 1.3412249088287353516 1.2184092998504638672 0.59416699409484863281 0.3416595458984375 -0.16423533856868743896 0.56733167171478271484 3.3986089229583740234 
bias:
-0.2702306210994720459 
