1 10 
weights:
0.69751566648483276367 
0.45547348260879516602 
1.7471265792846679688 
1.707301020622253418 
-0.45572647452354431152 
-0.43026557564735412598 
0.75011283159255981445 
-1.6888316869735717773 
1.7698512077331542969 
-0.49534761905670166016 
bias:
1.7762503623962402344 
-0.52791261672973632812 
-2.2611086368560791016 
-1.0586568117141723633 
0.39658814668655395508 
-0.10465581715106964111 
-2.0304937362670898438 
-2.0358319282531738281 
0.11073304712772369385 
-0.67086488008499145508 
10 10 
weights:
0.38944867253303527832 0.61460572481155395508 0.75435984134674072266 -0.10254720598459243774 0.98211282491683959961 0.85051709413528442383 0.80900198221206665039 1.3696664571762084961 1.3380471467971801758 0.54301851987838745117 
0.99260187149047851562 1.0204472541809082031 -0.39928853511810302734 -0.36277803778648376465 -1.0749109983444213867 -0.45448592305183410645 0.72493016719818115234 1.074954986572265625 -0.83613550662994384766 -0.68133634328842163086 
0.24280607700347900391 0.29053297638893127441 0.33523723483085632324 0.14723724126815795898 -0.82812470197677612305 -0.2972132265567779541 0.57521778345108032227 -0.18388949334621429443 0.519466400146484375 -0.10481127351522445679 
-1.695189356803894043 -0.96478706598281860352 0.83725750446319580078 0.61309540271759033203 0.4329763948917388916 0.61285758018493652344 -0.89337748289108276367 -0.77495586872100830078 1.0189980268478393555 1.0082137584686279297 
0.61423826217651367188 0.17835198342800140381 1.3663232326507568359 1.8102872371673583984 0.12082637101411819458 0.89608162641525268555 1.4472398757934570312 0.89377635717391967773 1.8629052639007568359 0.9327570796012878418 
-0.098836816847324371338 -0.21534386277198791504 -0.41065064072608947754 0.14822536706924438477 -0.43051919341087341309 0.45348969101905822754 0.48883336782455444336 -0.093404732644557952881 -0.78433245420455932617 0.037139564752578735352 
-2.190288543701171875 -1.5823122262954711914 1.5717383623123168945 0.67912769317626953125 1.4109596014022827148 1.1878783702850341797 -1.6306229829788208008 -1.4232976436614990234 1.840451359748840332 1.0236256122589111328 
-0.12405128031969070435 -0.92393815517425537109 0.724395751953125 0.27244979143142700195 -0.10524351149797439575 -0.01050282549113035202 0.73766094446182250977 0.42458373308181762695 -1.2455576658248901367 -0.72683477401733398438 
1.3858714103698730469 0.95431315898895263672 -0.34645217657089233398 -0.93803054094314575195 -1.3146108388900756836 -1.4521824121475219727 1.4547824859619140625 1.519153594970703125 -1.2909978628158569336 -0.61472415924072265625 
0.12443072348833084106 0.22384919226169586182 0.055198565125465393066 -0.45978158712387084961 -1.0949711799621582031 -0.12670893967151641846 -0.39562246203422546387 0.70781731605529785156 -0.49442982673645019531 -0.60120052099227905273 
bias:
0.93553489446640014648 
-0.72001308202743530273 
-1.1857944726943969727 
-0.5135104060173034668 
0.85193693637847900391 
-1.3529593944549560547 
-0.56776267290115356445 
-0.9095128178596496582 
-0.03520461544394493103 
-0.56920742988586425781 
10 1 
weights:
-3.3148093223571777344 -1.5321544408798217773 0.10669171810150146484 1.9757516384124755859 3.8562254905700683594 -0.13103914260864257812 2.8228023052215576172 -0.18130491673946380615 -2.2450597286224365234 -0.75065708160400390625 
bias:
-1.0662475824356079102 
