1 10 
weights:
1.2086772918701171875 
-0.73457372188568115234 
1.1845053434371948242 
0.77101331949234008789 
0.97586834430694580078 
-0.37006607651710510254 
1.2989221811294555664 
0.93667709827423095703 
1.5496309995651245117 
1.5849977731704711914 
bias:
-1.5417054891586303711 
1.7876753807067871094 
-0.41484215855598449707 
1.8753644227981567383 
-2.9617631435394287109 
-0.40133592486381530762 
0.8287506103515625 
2.0842742919921875 
0.048127200454473495483 
-0.45005637407302856445 
10 10 
weights:
-0.092127032577991485596 -0.40670236945152282715 -0.28504231572151184082 -0.84461063146591186523 -0.41134065389633178711 -0.16572268307209014893 -0.82726699113845825195 -0.49100404977798461914 -0.066020511090755462646 -0.27612480521202087402 
1.3192032575607299805 0.81768220663070678711 0.6687647700309753418 -2.2370767593383789062 -1.740875244140625 1.2097893953323364258 0.56373053789138793945 -2.8056464195251464844 0.81205844879150390625 1.2073671817779541016 
-0.03848371654748916626 -1.3813393115997314453 0.31164145469665527344 0.34717839956283569336 0.67665487527847290039 -0.69112825393676757812 -0.20733495056629180908 0.88436239957809448242 -0.52978974580764770508 -0.56585705280303955078 
-0.92046630382537841797 -0.93792784214019775391 -0.67362809181213378906 -0.56124949455261230469 0.70144981145858764648 -1.2170946598052978516 -0.63705301284790039062 -0.18743455410003662109 -0.94997251033782958984 -0.31378096342086791992 
0.2597961723804473877 -0.45445722341537475586 -0.010186201892793178558 -0.87430703639984130859 -0.39994978904724121094 0.041272647678852081299 0.54015105962753295898 -0.68776190280914306641 0.92437922954559326172 0.27294972538948059082 
0.26233789324760437012 0.23518328368663787842 0.33971327543258666992 -0.73836696147918701172 -0.70169234275817871094 -0.8865445256233215332 0.17599295079708099365 -0.73782742023468017578 0.25179019570350646973 0.44629275798797607422 
0.46103152632713317871 -2.4498410224914550781 1.2880315780639648438 -0.55595892667770385742 0.71301960945129394531 -0.5598704218864440918 -0.19471128284931182861 -0.68255889415740966797 0.037574600428342819214 0.54750680923461914062 
-1.1867939233779907227 -1.0568315982818603516 -0.32187798619270324707 1.024079442024230957 1.1680459976196289062 -0.94155472517013549805 -1.0949087142944335938 1.1671459674835205078 -0.166555747389793396 -0.88928741216659545898 
-0.023244155570864677429 -0.65691775083541870117 0.92177212238311767578 0.62654209136962890625 1.0585296154022216797 -0.55633711814880371094 1.1944223642349243164 0.80429261922836303711 0.82173818349838256836 1.6254326105117797852 
0.086095318198204040527 1.1108543872833251953 0.21966564655303955078 -0.87934345006942749023 -1.0659375190734863281 0.77532678842544555664 0.5405985713005065918 -0.041980125010013580322 0.56082236766815185547 0.44040203094482421875 
bias:
-0.81710356473922729492 
-0.43141078948974609375 
-0.93489789962768554688 
-1.7617036104202270508 
-0.43100515007972717285 
-0.60234367847442626953 
-0.87217783927917480469 
1.2183616161346435547 
-0.66163426637649536133 
-0.24593767523765563965 
10 1 
weights:
-0.19307100772857666016 3.0262460708618164062 -1.6052271127700805664 0.20834994316101074219 0.71229374408721923828 0.66019153594970703125 -1.3810952901840209961 -2.2985851764678955078 1.5468535423278808594 2.0891840457916259766 
bias:
-1.9569017887115478516 
