1 10 
weights:
1.6679874658584594727 
0.44805306196212768555 
-0.5013605952262878418 
1.6218621730804443359 
0.4375610053539276123 
0.64154249429702758789 
-1.7025923728942871094 
0.81023448705673217773 
0.44076338410377502441 
-1.4429041147232055664 
bias:
0.3880316317081451416 
-0.70898610353469848633 
-0.79850417375564575195 
-0.93247365951538085938 
-0.35383638739585876465 
1.3149007558822631836 
-2.3225398063659667969 
-2.2014000415802001953 
-0.073337405920028686523 
1.4272848367691040039 
10 10 
weights:
-0.19004392623901367188 0.21672204136848449707 0.79514938592910766602 0.88454580307006835938 -0.33890864253044128418 -0.58986705541610717773 -0.416538238525390625 -0.045629266649484634399 -0.072294183075428009033 -0.32018974423408508301 
-1.0900013446807861328 -0.57894891500473022461 -0.73523682355880737305 -0.71447741985321044922 -0.55643194913864135742 -0.023381903767585754395 0.24032491445541381836 -0.081101059913635253906 -0.16383542120456695557 -0.1205898970365524292 
-0.8193575739860534668 1.6241862773895263672 -1.594159245491027832 -0.84294736385345458984 0.89767128229141235352 1.2671538591384887695 0.7234007716178894043 0.0050181420519948005676 1.3388538360595703125 0.3981876671314239502 
-1.2570911645889282227 0.011490563862025737762 -0.94759505987167358398 0.099588543176651000977 0.32246595621109008789 -0.6138560175895690918 -0.24302086234092712402 0.061745483428239822388 0.60782003402709960938 -0.020953623577952384949 
1.1563483476638793945 -1.1248627901077270508 0.25234431028366088867 0.35245805978775024414 -0.82812160253524780273 -1.0790437459945678711 0.53936904668807983398 -0.23850627243518829346 -0.27286121249198913574 -1.5804351568222045898 
-0.79583531618118286133 0.4890620112419128418 -0.69143474102020263672 0.36020693182945251465 -0.47833684086799621582 -0.78345400094985961914 -0.42161890864372253418 -0.5555279850959777832 0.030297443270683288574 -0.84341353178024291992 
-0.96924871206283569336 -1.3212484121322631836 -0.43961873650550842285 -1.1070497035980224609 -0.92114967107772827148 -1.0571241378784179688 -0.31247985363006591797 -0.22025969624519348145 -1.6172062158584594727 -1.0365099906921386719 
-2.3401558399200439453 1.2497756481170654297 -2.1619822978973388672 -1.5102535486221313477 1.343754887580871582 1.5719317197799682617 1.7493845224380493164 2.2879033088684082031 1.6149299144744873047 0.61300444602966308594 
0.86444884538650512695 0.19452427327632904053 -0.14220239222049713135 0.10184761881828308105 -0.685520172119140625 -0.31635242700576782227 -0.17821012437343597412 -0.75231212377548217773 -0.49151277542114257812 -1.0557241439819335938 
0.46132305264472961426 -0.29978951811790466309 -0.70634227991104125977 0.74019265174865722656 0.2687479555606842041 -0.19135743379592895508 -0.73489344120025634766 0.3261877894401550293 -0.36676070094108581543 -0.83980041742324829102 
bias:
-0.70749664306640625 
-0.97750991582870483398 
-0.83010500669479370117 
-1.0392106771469116211 
0.27762845158576965332 
-1.4671522378921508789 
0.32001093029975891113 
-2.2498657703399658203 
-0.32156237959861755371 
-0.77508985996246337891 
10 1 
weights:
0.8719990849494934082 -0.15691033005714416504 -2.4684467315673828125 -0.30064600706100463867 1.9673963785171508789 0.26807612180709838867 1.7989165782928466797 -3.7812926769256591797 1.3075889348983764648 1.016289830207824707 
bias:
1.9526823759078979492 
