1 10 
weights:
1.8814836740493774414 
1.9222216606140136719 
0.47748616337776184082 
0.4844614863395690918 
0.46894910931587219238 
-0.66482466459274291992 
1.8600236177444458008 
1.7356104850769042969 
0.61097580194473266602 
0.52462649345397949219 
bias:
-0.52532696723937988281 
-2.1605193614959716797 
-0.56356137990951538086 
-0.40857294201850891113 
-0.64814436435699462891 
-1.7212927341461181641 
0.35541984438896179199 
2.0192301273345947266 
-1.3954359292984008789 
0.83986651897430419922 
10 10 
weights:
0.64971995353698730469 0.54201477766036987305 -1.2703100442886352539 0.16942976415157318115 -0.50019854307174682617 0.22206079959869384766 0.16514369845390319824 0.34890988469123840332 -0.10193854570388793945 -0.83261519670486450195 
0.049894459545612335205 -0.42513141036033630371 -0.18318313360214233398 0.0064993263222277164459 0.26071766018867492676 -1.0788197517395019531 -0.47555375099182128906 -0.15078423917293548584 -0.13441178202629089355 -0.82279789447784423828 
-1.3563998937606811523 -0.063050501048564910889 -0.25974813103675842285 -0.10650638490915298462 0.1853949129581451416 -0.72997444868087768555 -0.59822875261306762695 -1.3399040699005126953 -0.041550394147634506226 -0.20928442478179931641 
1.2266879081726074219 2.0286967754364013672 -1.6976282596588134766 -0.64999628067016601562 -2.6740162372589111328 2.3258059024810791016 1.5714896917343139648 2.3058922290802001953 -2.1811416149139404297 -2.1692247390747070312 
-0.54470711946487426758 0.41869938373565673828 -1.637322545051574707 -1.0807938575744628906 -1.2453452348709106445 -0.93994194269180297852 -1.5091820955276489258 -0.98582357168197631836 -0.13998839259147644043 -1.5433957576751708984 
0.58082622289657592773 0.12023568898439407349 -0.98585683107376098633 -0.98520034551620483398 -0.48726931214332580566 -0.093802832067012786865 -1.0266773700714111328 -0.86056417226791381836 -1.0946723222732543945 -0.92688477039337158203 
-0.4506797492504119873 -0.70023882389068603516 -0.31149834394454956055 -0.74222862720489501953 0.58852851390838623047 0.16996066272258758545 -0.75953131914138793945 -0.21123281121253967285 -0.15911607444286346436 -0.88458245992660522461 
0.9576237797737121582 0.62676507234573364258 1.0274769067764282227 1.9142614603042602539 1.936600804328918457 1.6053825616836547852 1.0867764949798583984 1.490530848503112793 1.0996530055999755859 1.7592763900756835938 
-1.0221136808395385742 -0.96041202545166015625 -0.26075699925422668457 0.65316408872604370117 -0.32689586281776428223 -0.23107986152172088623 -0.50033169984817504883 -0.49611616134643554688 -0.37187018990516662598 -0.56354093551635742188 
0.14413753151893615723 0.71434301137924194336 -0.19149698317050933838 -0.32758337259292602539 -0.45588362216949462891 0.037426806986331939697 -0.20574691891670227051 -0.57858866453170776367 -0.28645089268684387207 -0.53955531120300292969 
bias:
-1.0387040376663208008 
-1.5211771726608276367 
-0.93604111671447753906 
-0.039901077747344970703 
-1.4288353919982910156 
-1.4097853899002075195 
-2.0358083248138427734 
1.3865011930465698242 
-1.7082843780517578125 
-0.25871422886848449707 
10 1 
weights:
1.082318425178527832 -0.17714348435401916504 -1.0727523565292358398 4.6685123443603515625 0.031076001003384590149 0.37260469794273376465 0.46047005057334899902 -2.4801831245422363281 -0.38408684730529785156 0.65807807445526123047 
bias:
-0.35567572712898254395 
