1 10 
weights:
0.50468611717224121094 
0.88285857439041137695 
0.53808665275573730469 
0.77419304847717285156 
0.47392740845680236816 
1.887595057487487793 
1.5687667131423950195 
0.81055498123168945312 
0.89171510934829711914 
1.4696245193481445312 
bias:
-0.16080795228481292725 
-2.5248684883117675781 
0.092633098363876342773 
-2.0634236335754394531 
-0.63158142566680908203 
-0.052264865487813949585 
-1.6451199054718017578 
1.7621039152145385742 
1.9834271669387817383 
1.3973642587661743164 
10 10 
weights:
-0.16690467298030853271 -0.86300665140151977539 -0.065663963556289672852 -0.4937247931957244873 -0.68464171886444091797 0.90254110097885131836 0.4533240199089050293 -0.48080480098724365234 -0.34255737066268920898 1.0182172060012817383 
-0.25112524628639221191 -0.21679051220417022705 0.12015138566493988037 0.66388404369354248047 0.33942934870719909668 -0.91642564535140991211 -0.1782156825065612793 -1.4486879110336303711 -0.90852743387222290039 -0.067812547087669372559 
-0.68698972463607788086 -1.4511061906814575195 -0.85867536067962646484 -0.37331241369247436523 -0.85613590478897094727 0.97697693109512329102 1.8807427883148193359 -1.2921535968780517578 -1.3016846179962158203 2.0529489517211914062 
-0.57400375604629516602 -0.096765793859958648682 -0.290073394775390625 -0.26230704784393310547 -0.42882123589515686035 -0.92367482185363769531 0.92272675037384033203 -0.71615719795227050781 -1.0302735567092895508 -1.4920865297317504883 
-0.9616909027099609375 0.31659087538719177246 -1.1559661626815795898 -0.14139562845230102539 -0.62666374444961547852 -0.67999362945556640625 -0.29149201512336730957 -1.6552587747573852539 -1.4869675636291503906 -0.90033352375030517578 
-0.83580744266510009766 0.43094807863235473633 -1.5697060823440551758 0.06460491567850112915 -0.39954388141632080078 -0.76663494110107421875 -0.27800974249839782715 -1.1646173000335693359 -2.0540528297424316406 -1.2350412607192993164 
-0.3400745093822479248 -0.27573174238204956055 0.33567896485328674316 0.28216913342475891113 -0.6295598149299621582 -1.2858785390853881836 -0.48748737573623657227 0.14208199083805084229 0.62014651298522949219 0.012665065936744213104 
0.75581610202789306641 1.5913475751876831055 0.78310281038284301758 1.5559904575347900391 0.13948832452297210693 -0.20736970007419586182 -1.4311585426330566406 1.0496666431427001953 0.18294984102249145508 -2.1738049983978271484 
-0.032211404293775558472 0.36355769634246826172 -0.27374762296676635742 -0.15572313964366912842 0.13664586842060089111 -0.28449866175651550293 0.24053420126438140869 -0.4741376340389251709 -0.78201246261596679688 -0.56079423427581787109 
0.26893785595893859863 -0.55748468637466430664 1.2424643039703369141 0.5482037663459777832 -0.59465038776397705078 -0.15741021931171417236 0.59392374753952026367 -0.053029071539640426636 0.22101035714149475098 -0.76118892431259155273 
bias:
-0.55499023199081420898 
-1.0946003198623657227 
0.53981882333755493164 
-1.6387259960174560547 
0.11701910197734832764 
-1.5872299671173095703 
-0.93902468681335449219 
-0.88397145271301269531 
-1.1006181240081787109 
-0.3746890723705291748 
10 1 
weights:
1.4524502754211425781 0.37105596065521240234 3.5183174610137939453 0.73686820268630981445 1.8365398645401000977 2.2806696891784667969 -0.78286594152450561523 -2.7290947437286376953 -0.085650034248828887939 -0.27235931158065795898 
bias:
-0.78728288412094116211 
