1 10 
weights:
1.5865378379821777344 
-0.41723334789276123047 
0.42458781599998474121 
2.0189738273620605469 
0.73643076419830322266 
-0.67491477727890014648 
1.6967591047286987305 
1.7464399337768554688 
0.41648519039154052734 
-0.42712888121604919434 
bias:
-1.5860583782196044922 
-0.58345812559127807617 
-0.39056196808815002441 
0.39579102396965026855 
-1.7989345788955688477 
-1.7417844533920288086 
2.1519496440887451172 
-1.3629316091537475586 
-0.012243611738085746765 
-0.72481787204742431641 
10 10 
weights:
-0.78613603115081787109 -0.85592550039291381836 1.6207908391952514648 -1.3752484321594238281 1.6342053413391113281 -0.78091919422149658203 -1.4305329322814941406 -0.78544527292251586914 1.4693013429641723633 -1.043835759162902832 
0.97801911830902099609 0.19871069490909576416 -0.63325494527816772461 -0.12547424435615539551 -0.39638110995292663574 0.52860426902770996094 -0.19341799616813659668 0.40002226829528808594 1.0231872797012329102 -0.067060329020023345947 
0.82402443885803222656 1.2826380729675292969 0.42937326431274414062 1.0221592187881469727 -0.018853530287742614746 0.14733520150184631348 -0.49306964874267578125 -0.30487638711929321289 0.37366172671318054199 0.32420417666435241699 
-0.76720029115676879883 -0.015423163771629333496 -0.011173986829817295074 -0.1258001178503036499 -0.23689068853855133057 0.43349981307983398438 -0.4170074760913848877 -0.097652874886989593506 0.064256899058818817139 1.1787188053131103516 
-0.34232422709465026855 -0.11020973324775695801 -0.52000403404235839844 -0.21645659208297729492 -0.26865169405937194824 0.035024788230657577515 -0.090221196413040161133 -0.38733112812042236328 -0.61665564775466918945 -0.10902082920074462891 
0.974308013916015625 -0.10225481539964675903 0.065197236835956573486 0.19656158983707427979 0.76137870550155639648 -1.0681958198547363281 -0.24120372533798217773 0.44804847240447998047 1.8194615840911865234 0.095665954053401947021 
0.95271188020706176758 -0.19625931978225708008 -0.71800661087036132812 0.19480057060718536377 -1.0498121976852416992 0.38687720894813537598 0.60655379295349121094 0.58174014091491699219 -0.89881241321563720703 -0.23047971725463867188 
1.1076254844665527344 1.1276350021362304688 -1.503865361213684082 1.0952329635620117188 -1.91510772705078125 0.98107302188873291016 1.3842536211013793945 1.8423819541931152344 -2.0439693927764892578 1.1564782857894897461 
-0.32957628369331359863 -0.085488982498645782471 1.1264661550521850586 -1.3641977310180664062 1.5223604440689086914 -0.39858281612396240234 -1.4964928627014160156 -0.32744947075843811035 1.2618385553359985352 -1.1133228540420532227 
0.10501454770565032959 -0.1333853602409362793 -0.41692519187927246094 -0.030170990154147148132 -0.11547514796257019043 -0.11671969294548034668 -0.30784040689468383789 -0.20818290114402770996 0.74715352058410644531 -0.45454767346382141113 
bias:
0.56588566303253173828 
-1.5637880563735961914 
-0.1079662814736366272 
-0.95881885290145874023 
0.033619534224271774292 
0.80532169342041015625 
-0.21820655465126037598 
-1.2938632965087890625 
-0.22231370210647583008 
-0.86722153425216674805 
10 1 
weights:
-2.5384628772735595703 0.75220161676406860352 1.4263317584991455078 0.16983675956726074219 0.042797755450010299683 -2.1086189746856689453 1.3229628801345825195 3.1484508514404296875 -2.0108315944671630859 -0.13709066808223724365 
bias:
-0.72761064767837524414 
