1 10 
weights:
0.44779512286186218262 
0.48970913887023925781 
0.49800345301628112793 
1.7335405349731445312 
1.9438177347183227539 
0.64813274145126342773 
-0.42038816213607788086 
0.52968806028366088867 
0.8265749812126159668 
1.5230865478515625 
bias:
-0.73050147294998168945 
0.5766728520393371582 
0.48222088813781738281 
-1.7442604303359985352 
0.0060088764876127243042 
1.4054540395736694336 
0.58722078800201416016 
0.9482415318489074707 
-2.2693085670471191406 
1.718442082405090332 
10 10 
weights:
-0.55841308832168579102 -1.2317011356353759766 -1.3611943721771240234 1.6697927713394165039 0.6562353968620300293 -1.3415864706039428711 1.094142913818359375 0.0699613913893699646 -0.13409827649593353271 1.7708443403244018555 
1.1854060888290405273 1.2658100128173828125 0.10604356974363327026 -0.96262180805206298828 -1.0443716049194335938 0.41519528627395629883 -1.6091661453247070312 0.5559374690055847168 1.1454801559448242188 -1.7324606180191040039 
-0.14230379462242126465 -0.26743969321250915527 -1.1121848821640014648 -0.029477961361408233643 -0.78939473628997802734 -0.56529623270034790039 -1.1351740360260009766 -0.58714509010314941406 -0.061523664742708206177 -0.1565513312816619873 
0.0028200447559356689453 0.25252330303192138672 0.24059817194938659668 0.39070633053779602051 0.27618706226348876953 -0.9845854640007019043 -0.4485175013542175293 0.20753930509090423584 0.23462854325771331787 -0.25126290321350097656 
1.4250988960266113281 0.024978790432214736938 1.1445459127426147461 -1.2888315916061401367 -0.92027938365936279297 0.63883566856384277344 -1.2473535537719726562 0.17097036540508270264 1.2069135904312133789 -1.3219082355499267578 
1.0309122800827026367 0.57688051462173461914 0.38267919421195983887 0.65457570552825927734 0.065450429916381835938 0.19207139313220977783 -0.3701190948486328125 1.6827238798141479492 0.13244961202144622803 0.87328124046325683594 
0.19490340352058410645 1.3668460845947265625 0.75560456514358520508 -1.4450563192367553711 -1.654571533203125 1.1681760549545288086 -1.2203153371810913086 1.4410256147384643555 1.765654444694519043 -1.9816085100173950195 
-0.6081587672233581543 0.062371551990509033203 0.33643984794616699219 -0.045920211821794509888 0.0061661894433200359344 -0.25730180740356445312 -0.53285974264144897461 -0.12015121430158615112 0.043399471789598464966 -0.53171825408935546875 
-0.21535898745059967041 -0.2098973691463470459 -0.82965677976608276367 -0.27882590889930725098 -0.18724298477172851562 -0.36739009618759155273 -0.72645276784896850586 -0.6548321843147277832 -0.0013761006994172930717 -0.37305334210395812988 
-0.46113628149032592773 -0.35974860191345214844 0.23137019574642181396 0.4893264472484588623 -0.33740136027336120605 -1.2605546712875366211 0.058360483497381210327 -0.21545907855033874512 -0.18602924048900604248 0.48651829361915588379 
bias:
-0.17452225089073181152 
-0.12178322672843933105 
-0.46520847082138061523 
-0.34021446108818054199 
-0.31255269050598144531 
-0.52983206510543823242 
-0.5324382781982421875 
-0.95183169841766357422 
-0.7166474461555480957 
-0.71584719419479370117 
10 1 
weights:
2.6807954311370849609 -2.0775556564331054688 1.1695121526718139648 0.47061103582382202148 -2.0127265453338623047 -0.75889045000076293945 -2.7050340175628662109 -0.20933471620082855225 1.022372126579284668 0.89141601324081420898 
bias:
1.2794203758239746094 
