1 10 
weights:
-0.3882795870304107666 
0.4485677182674407959 
-0.38371253013610839844 
1.7513813972473144531 
-0.88530153036117553711 
0.79428756237030029297 
-0.57137703895568847656 
-0.46052560210227966309 
1.5122381448745727539 
1.5872249603271484375 
bias:
-0.27747172117233276367 
-0.8146298527717590332 
-0.29071310162544250488 
-0.0027045251335948705673 
-2.751392364501953125 
-1.927214503288269043 
0.91907662153244018555 
-0.86758553981781005859 
1.6652121543884277344 
-1.7739224433898925781 
10 10 
weights:
-1.3717039823532104492 -0.49349200725555419922 -0.51957917213439941406 -0.2815062403678894043 -0.70421427488327026367 0.10490475594997406006 -0.8700885772705078125 -0.21376942098140716553 -1.7927217483520507812 -0.54000693559646606445 
-0.39278927445411682129 0.82606852054595947266 0.25100085139274597168 -0.35013926029205322266 -0.7087618708610534668 -1.0270013809204101562 0.64728665351867675781 -0.034065730869770050049 -1.3290041685104370117 -1.4480321407318115234 
-0.94654649496078491211 -0.49292159080505371094 -1.2087118625640869141 -0.084791935980319976807 0.87027215957641601562 -0.3286253511905670166 -0.30170997977256774902 -0.61269819736480712891 0.10057653486728668213 -0.84323698282241821289 
-0.65481513738632202148 1.7025079727172851562 -1.0728831291198730469 -0.6408984065055847168 -0.10549247264862060547 1.1963132619857788086 -1.69846343994140625 -0.86017549037933349609 -0.14080123603343963623 -1.0322716236114501953 
0.54237735271453857422 -2.1002173423767089844 0.77065861225128173828 1.4623979330062866211 1.5538036823272705078 -0.85849040746688842773 0.33847570419311523438 0.80481553077697753906 0.33340212702751159668 1.7910212278366088867 
-0.90403848886489868164 0.93407011032104492188 -0.13406389951705932617 -1.2666159868240356445 -0.62697488069534301758 1.143229365348815918 -1.3192697763442993164 0.16133056581020355225 -0.49309682846069335938 0.1824505925178527832 
-0.65331548452377319336 0.42537236213684082031 -1.2884156703948974609 -0.69566386938095092773 -0.74560362100601196289 0.13083890080451965332 0.011768342927098274231 -0.27929958701133728027 -0.93839240074157714844 -0.64274919033050537109 
-0.48776781558990478516 0.79235053062438964844 0.5217596888542175293 -0.93369764089584350586 -0.86580693721771240234 -0.84573417901992797852 0.10631730407476425171 -0.23622307181358337402 -0.7674891352653503418 -0.26753944158554077148 
-0.54777354001998901367 0.58518111705780029297 0.082687072455883026123 -1.0980257987976074219 -1.4848128557205200195 -0.21609409153461456299 0.30043143033981323242 -0.73371624946594238281 -1.3397786617279052734 -0.51179212331771850586 
1.1118158102035522461 0.43120720982551574707 -0.12357326596975326538 -0.62805092334747314453 -0.37256297469139099121 0.052370026707649230957 -1.2115807533264160156 -0.68498623371124267578 -0.68707102537155151367 -0.28666505217552185059 
bias:
-1.337328791618347168 
-0.61634039878845214844 
-1.4115307331085205078 
0.27989754080772399902 
-2.3115971088409423828 
0.079151667654514312744 
1.0524611473083496094 
-0.79616528749465942383 
0.71216952800750732422 
-0.62299454212188720703 
10 1 
weights:
0.34953355789184570312 -1.6602256298065185547 -0.24355798959732055664 -2.6783964633941650391 3.3710703849792480469 -1.8807439804077148438 -1.950087428092956543 -1.2110666036605834961 -2.3403925895690917969 -1.1671757698059082031 
bias:
1.1157560348510742188 
