1 10 
weights:
-1.4479181766510009766 
-0.48525232076644897461 
-0.43584805727005004883 
-0.69878149032592773438 
1.8732588291168212891 
-0.51759696006774902344 
-0.43735459446907043457 
-0.41724988818168640137 
-1.5360368490219116211 
0.50396037101745605469 
bias:
1.7929215431213378906 
-0.93812888860702514648 
-0.2095057070255279541 
-1.8111226558685302734 
-0.28245684504508972168 
0.61796283721923828125 
-0.62639993429183959961 
-0.1729892343282699585 
-1.4448637962341308594 
-0.66456884145736694336 
10 10 
weights:
1.165345311164855957 0.48408794403076171875 2.2913591861724853516 1.3697817325592041016 -0.071157366037368774414 1.9483499526977539062 1.0516601800918579102 1.245013117790222168 0.078890331089496612549 -1.8822778463363647461 
1.3006608486175537109 -0.64498603343963623047 -0.032945819199085235596 -1.3978899717330932617 -0.94962769746780395508 -0.65161114931106567383 -1.7882857322692871094 -0.81521385908126831055 1.6531291007995605469 1.3455232381820678711 
1.1357362270355224609 -0.058542907238006591797 0.42174687981605529785 -0.92337650060653686523 -1.0137913227081298828 -1.1278384923934936523 0.1313476264476776123 0.13151501119136810303 0.35155946016311645508 0.47396486997604370117 
-0.37879776954650878906 -0.28907412290573120117 -1.0440479516983032227 -0.42650622129440307617 0.53151720762252807617 -0.8520457148551940918 -0.25220435857772827148 -0.32341277599334716797 0.68816655874252319336 -0.59382808208465576172 
-0.79935175180435180664 0.41082170605659484863 -0.42966294288635253906 0.43121951818466186523 0.61692833900451660156 0.1187643781304359436 0.69587475061416625977 -0.45789098739624023438 -0.39400705695152282715 0.1759389042854309082 
0.4762471318244934082 -0.28985920548439025879 -0.37829738855361938477 0.15132696926593780518 -0.46818774938583374023 -0.8866907954216003418 -0.03423490375280380249 -0.95587831735610961914 1.1898802518844604492 -0.27024117112159729004 
-1.6548335552215576172 1.1082803010940551758 1.6334441900253295898 1.0165655612945556641 0.74466985464096069336 0.89619654417037963867 0.62643951177597045898 1.4797605276107788086 -2.5399935245513916016 -1.4885768890380859375 
-1.3162560462951660156 0.49560445547103881836 -0.33886203169822692871 0.076142691075801849365 0.25218850374221801758 -0.067758552730083465576 -0.042181622236967086792 0.19254045188426971436 -0.25738626718521118164 -0.56429761648178100586 
0.30763468146324157715 -0.63323831558227539062 -0.54389047622680664062 0.1697985231876373291 -1.0988010168075561523 0.20646512508392333984 0.093097858130931854248 -0.14545176923274993896 0.74605911970138549805 0.14940348267555236816 
-1.2328844070434570312 0.70533311367034912109 0.9513975977897644043 1.7781777381896972656 0.78002554178237915039 0.10412625223398208618 0.14511416852474212646 -0.26726871728897094727 -1.0235427618026733398 -0.61776018142700195312 
bias:
0.68946403264999389648 
0.90712910890579223633 
-0.72883325815200805664 
-0.41746756434440612793 
-0.86077147722244262695 
-0.3572692573070526123 
-0.85785830020904541016 
-0.43283918499946594238 
-1.0603414773941040039 
-0.53990095853805541992 
10 1 
weights:
2.9614026546478271484 -2.9270427227020263672 -1.2020294666290283203 -0.11905550211668014526 0.49951785802841186523 -1.1803601980209350586 2.7731113433837890625 0.71241813898086547852 -0.96545958518981933594 1.5367996692657470703 
bias:
-2.0476558208465576172 
