1 10 
weights:
1.6739145517349243164 
0.47793465852737426758 
0.50327908992767333984 
0.45706415176391601562 
0.8117993474006652832 
0.7098382115364074707 
2.0498728752136230469 
0.46217891573905944824 
0.45367392897605895996 
1.6330804824829101562 
bias:
-1.7439889907836914062 
-0.65438187122344970703 
0.27992448210716247559 
-0.49682721495628356934 
1.8979675769805908203 
-1.8925058841705322266 
-0.046003162860870361328 
0.087786026298999786377 
-0.032366879284381866455 
1.7860071659088134766 
10 10 
weights:
1.4678348302841186523 -0.36141958832740783691 -1.8586999177932739258 -0.73123657703399658203 -1.3296605348587036133 -0.44515311717987060547 0.63887697458267211914 0.11374943703413009644 0.16352713108062744141 -0.00079909118358045816422 
-0.57535684108734130859 1.8217710256576538086 -0.043355215340852737427 0.17703080177307128906 0.41208025813102722168 0.98187613487243652344 -0.65712207555770874023 -0.038941174745559692383 1.323572993278503418 -1.8873381614685058594 
0.59359318017959594727 -0.85213029384613037109 -0.49627146124839782715 -0.92584282159805297852 -1.225548863410949707 0.23464304208755493164 0.027377346530556678772 -0.51317650079727172852 -0.18572956323623657227 0.9456996917724609375 
1.447147369384765625 0.61587846279144287109 0.99055588245391845703 1.0335965156555175781 1.3025590181350708008 0.44089296460151672363 -0.055125188082456588745 0.58259105682373046875 0.60505348443984985352 0.37165418267250061035 
1.8738129138946533203 -0.80292081832885742188 -1.0935337543487548828 -0.89086693525314331055 -0.9526837468147277832 -1.287585139274597168 1.2355536222457885742 -0.58432823419570922852 -1.2685643434524536133 2.0595400333404541016 
-1.2436358928680419922 0.91268926858901977539 0.20747053623199462891 0.75653368234634399414 -0.12702864408493041992 1.9864429235458374023 -1.3419747352600097656 1.6200373172760009766 0.31483536958694458008 -1.2581455707550048828 
0.26234650611877441406 -0.81837540864944458008 -0.09854351729154586792 0.57159018516540527344 -0.65911763906478881836 -0.038293179124593734741 0.8746941685676574707 0.016890138387680053711 -0.39069092273712158203 0.72826868295669555664 
2.1069724559783935547 -0.33593586087226867676 -1.0554740428924560547 -1.5078786611557006836 -0.034104011952877044678 -0.1880540698766708374 0.68665462732315063477 -0.7549107670783996582 -1.0910267829895019531 0.30359497666358947754 
0.82817947864532470703 -0.049310211092233657837 -1.2118562459945678711 -0.84358555078506469727 0.068034671247005462646 -0.015887256711721420288 -0.21918784081935882568 -0.26822885870933532715 -0.36076256632804870605 0.94793701171875 
0.13237588107585906982 -0.21016605198383331299 -0.99330782890319824219 0.011392034590244293213 -0.050669562071561813354 -0.43631637096405029297 0.80749303102493286133 0.029414992779493331909 -0.54609727859497070312 0.5715968012809753418 
bias:
0.11383732408285140991 
-0.8519986271858215332 
-0.68754428625106811523 
0.0040796897374093532562 
0.55253142118453979492 
-0.64277404546737670898 
-0.79060411453247070312 
-0.25971499085426330566 
-1.0009336471557617188 
-1.206363677978515625 
10 1 
weights:
1.4539214372634887695 -1.7390855550765991211 1.9970395565032958984 -2.3882448673248291016 2.6288099288940429688 -2.0869243144989013672 0.76901996135711669922 1.6626217365264892578 0.91275727748870849609 0.74472737312316894531 
bias:
0.81608408689498901367 
