1 10 
weights:
0.65358942747116088867 
0.82392954826354980469 
0.52556902170181274414 
1.6116116046905517578 
0.94189929962158203125 
0.55953162908554077148 
0.64218133687973022461 
1.6543785333633422852 
1.5949950218200683594 
1.9794884920120239258 
bias:
-1.4904409646987915039 
-2.2987530231475830078 
-0.86425411701202392578 
-1.7718175649642944336 
2.4216368198394775391 
-1.0999541282653808594 
0.82106661796569824219 
1.6586606502532958984 
-0.40101259946823120117 
-0.27557802200317382812 
10 10 
weights:
0.66771131753921508789 -0.20459769666194915771 0.17960150539875030518 -0.55692958831787109375 -0.35318079590797424316 -0.001398372231051325798 -0.17645843327045440674 0.3296724855899810791 -0.34881141781806945801 -0.39888712763786315918 
-0.85082811117172241211 -1.0619390010833740234 -0.95767432451248168945 0.82209581136703491211 -0.83021116256713867188 -0.6670576930046081543 -0.54772818088531494141 2.0404179096221923828 -0.027583181858062744141 1.2977688312530517578 
0.20228925347328186035 1.1034054756164550781 0.95135849714279174805 0.48280221223831176758 2.7495243549346923828 1.0356482267379760742 1.2090311050415039062 0.32834455370903015137 0.54727977514266967773 1.6128249168395996094 
-0.060811050236225128174 0.013535316102206707001 0.32640719413757324219 0.17980580031871795654 -0.17459082603454589844 -0.065528996288776397705 -0.28430339694023132324 0.55425620079040527344 0.80175954103469848633 0.46018335223197937012 
-0.3433183133602142334 -1.1208930015563964844 -1.1761870384216308594 1.4986009597778320312 -0.47279328107833862305 -0.61346620321273803711 -0.23554810881614685059 0.6615880131721496582 0.64890068769454956055 0.17586936056613922119 
-0.29756718873977661133 0.43041324615478515625 0.14760680496692657471 0.064712412655353546143 -0.6601288914680480957 -0.3259919583797454834 0.024602357298135757446 0.72526651620864868164 0.61147010326385498047 0.24027338624000549316 
-0.70502418279647827148 -0.16900129616260528564 0.82774627208709716797 1.0960556268692016602 -0.045223534107208251953 0.47108954191207885742 0.58820503950119018555 0.20751522481441497803 0.077680014073848724365 0.72122925519943237305 
1.0521034002304077148 2.6067855358123779297 0.58502191305160522461 -0.81149345636367797852 -0.36108943819999694824 0.80066609382629394531 0.81381976604461669922 -1.0331482887268066406 -0.66573113203048706055 -0.92542850971221923828 
-0.584957122802734375 -0.79434537887573242188 -0.95191597938537597656 1.9712024927139282227 -1.8769358396530151367 -0.83070981502532958984 -1.5215657949447631836 0.8147894740104675293 0.44127470254898071289 0.21876187622547149658 
-0.85191482305526733398 -0.4293435215950012207 -0.17736034095287322998 0.70258486270904541016 0.059029586613178253174 -0.99344599246978759766 -0.50907462835311889648 0.8156769871711730957 -0.51968693733215332031 1.1249808073043823242 
bias:
-0.89836204051971435547 
-0.26552039384841918945 
-0.69174176454544067383 
0.80303966999053955078 
-0.84269100427627563477 
-0.31842300295829772949 
-0.2226791679859161377 
-0.52044498920440673828 
0.44980913400650024414 
-0.89735305309295654297 
10 1 
weights:
0.0320586375892162323 2.1835684776306152344 -2.4789106845855712891 0.72849726676940917969 1.5004233121871948242 0.7686621546745300293 -0.011887046508491039276 -1.8400658369064331055 2.5197057723999023438 1.1778470277786254883 
bias:
-0.50359338521957397461 
