1 10 
weights:
-1.475735783576965332 
0.60391074419021606445 
1.333985447883605957 
1.1751602888107299805 
0.76086777448654174805 
1.9235165119171142578 
0.80621397495269775391 
0.55179309844970703125 
-0.89354354143142700195 
0.66822731494903564453 
bias:
1.189062952995300293 
-1.2456288337707519531 
0.95497268438339233398 
-0.71983027458190917969 
-2.0620443820953369141 
0.269832611083984375 
1.9766800403594970703 
-1.0524681806564331055 
-2.4163591861724853516 
-1.5430749654769897461 
10 10 
weights:
0.5065682530403137207 1.5149388313293457031 -1.8572552204132080078 -0.38842380046844482422 1.3995053768157958984 -0.51032960414886474609 0.45568817853927612305 1.1692301034927368164 -0.20843428373336791992 1.3472374677658081055 
-1.9709115028381347656 0.08928324282169342041 0.73561322689056396484 1.3081341981887817383 0.23027369379997253418 0.20478931069374084473 0.044901870191097259521 -0.10941995680332183838 -0.91114813089370727539 -0.49621841311454772949 
-0.42475616931915283203 0.55334740877151489258 0.99154233932495117188 -0.071506924927234649658 0.43456125259399414062 1.1334441900253295898 -0.72445112466812133789 -0.13961207866668701172 0.5709171295166015625 0.07949628680944442749 
-0.2690175473690032959 0.37189117074012756348 1.8716942071914672852 0.59109568595886230469 0.35216763615608215332 -0.032788231968879699707 -0.60555285215377807617 0.23132033646106719971 0.84158807992935180664 -0.0033346344716846942902 
-0.45414510369300842285 0.20584066212177276611 -0.63776171207427978516 0.40642088651657104492 0.75359731912612915039 -0.2972081601619720459 -1.081935882568359375 -0.32426318526268005371 -0.070281557738780975342 0.34012079238891601562 
0.83398294448852539062 0.37733250856399536133 -0.6547304987907409668 -0.23578916490077972412 1.1953519582748413086 -0.93258374929428100586 1.9720213413238525391 0.39521524310111999512 -1.3324156999588012695 0.055678535252809524536 
1.1515597105026245117 -0.040899366140365600586 -0.39067426323890686035 0.31875494122505187988 -0.020638430491089820862 -1.1031004190444946289 0.35031294822692871094 -1.02689361572265625 1.4224897623062133789 -1.0819822549819946289 
-0.47908505797386169434 -0.035014633089303970337 0.57493799924850463867 -0.040410947054624557495 -0.51189583539962768555 0.41041344404220581055 -0.50931626558303833008 -0.39880284667015075684 0.39063674211502075195 -1.4290469884872436523 
0.41950047016143798828 1.1095702648162841797 -1.8579950332641601562 0.50244194269180297852 1.4977527856826782227 -0.68876725435256958008 -0.64651733636856079102 1.2904250621795654297 -0.63165837526321411133 1.6740155220031738281 
-0.29345676302909851074 0.85903072357177734375 -0.3457832634449005127 0.49556249380111694336 0.62576574087142944336 1.129166722297668457 1.3070026636123657227 1.1358381509780883789 -1.1707342863082885742 0.99388766288757324219 
bias:
-1.6202656030654907227 
-1.3309980630874633789 
-0.82392805814743041992 
1.4100127220153808594 
-0.44413411617279052734 
-0.20127105712890625 
-0.65109872817993164062 
0.33999475836753845215 
-1.3243366479873657227 
0.70797938108444213867 
10 1 
weights:
-2.2532787322998046875 1.359521031379699707 0.85312741994857788086 3.8361442089080810547 -0.20672833919525146484 -3.21612548828125 -0.3877716064453125 1.0900007486343383789 -2.2233474254608154297 -2.2535581588745117188 
bias:
0.87250804901123046875 
