1 10 
weights:
0.61178791522979736328 
-1.2611041069030761719 
1.4733691215515136719 
-0.37317004799842834473 
0.69179886579513549805 
1.2729585170745849609 
1.5238831043243408203 
0.70522969961166381836 
0.5734818577766418457 
1.06572723388671875 
bias:
-1.5435748100280761719 
-0.33243119716644287109 
-1.6519541740417480469 
-0.11443862318992614746 
-1.8296103477478027344 
1.0234678983688354492 
0.056204255670309066772 
-1.8384554386138916016 
1.1361309289932250977 
2.8126766681671142578 
10 10 
weights:
-0.66679149866104125977 0.52989292144775390625 -1.3171759843826293945 0.65705990791320800781 0.11356588453054428101 -0.75454181432723999023 -1.0395075082778930664 1.0184006690979003906 -0.55038875341415405273 -0.13201673328876495361 
0.093620896339416503906 -0.74881905317306518555 -0.99766123294830322266 -0.3098284602165222168 -1.4458314180374145508 0.087134547531604766846 -0.55863285064697265625 -0.028418827801942825317 -0.24788245558738708496 -0.77301740646362304688 
0.32973515987396240234 -0.22022143006324768066 0.080375045537948608398 0.1235351264476776123 0.0098771257326006889343 0.45816984772682189941 -0.32597503066062927246 -0.54583823680877685547 -0.6931794285774230957 -0.82717686891555786133 
-0.3251520991325378418 -0.23552888631820678711 0.054706256836652755737 -1.2052278518676757812 -0.72937446832656860352 -0.076243959367275238037 -0.60924947261810302734 0.050468787550926208496 -1.4897639751434326172 -1.1536802053451538086 
1.2273992300033569336 0.12416074424982070923 -0.79534363746643066406 -1.1453490257263183594 1.438892364501953125 -0.9070568084716796875 -0.51671630144119262695 1.6567749977111816406 0.093330673873424530029 0.45122075080871582031 
0.29731461405754089355 0.61939865350723266602 0.67159646749496459961 0.88394302129745483398 0.4607397913932800293 2.0608978271484375 0.89563786983489990234 0.26838371157646179199 -0.024498507380485534668 -0.91423696279525756836 
-1.0289458036422729492 -0.15942572057247161865 0.096673242747783660889 -0.2025070488452911377 0.88020151853561401367 -0.60410803556442260742 -0.61175537109375 -0.055090401321649551392 0.67330724000930786133 0.11660392582416534424 
0.43310692906379699707 -0.055994864553213119507 0.21495960652828216553 -0.35967832803726196289 0.85178422927856445312 -0.52430224418640136719 -0.61818832159042358398 -0.080222688615322113037 0.11044732481241226196 0.044056143611669540405 
-1.3439966440200805664 -0.33752676844596862793 1.9784849882125854492 1.5017369985580444336 -1.4241793155670166016 1.1884419918060302734 1.9291837215423583984 -1.1081000566482543945 -2.0915942192077636719 -1.8628513813018798828 
0.92478597164154052734 0.055728636682033538818 -0.8964774012565612793 0.065337546169757843018 0.49221223592758178711 -0.37783342599868774414 -0.15706944465637207031 0.686115264892578125 0.85362136363983154297 1.2828801870346069336 
bias:
-0.077311210334300994873 
-0.84213370084762573242 
-0.19171535968780517578 
-0.80569040775299072266 
-0.8628457188606262207 
-0.48235711455345153809 
-1.0099356174468994141 
-0.84578090906143188477 
0.42682158946990966797 
-0.61576277017593383789 
10 1 
weights:
-1.3271887302398681641 0.71235078573226928711 0.47897559404373168945 1.253447413444519043 -2.2489707469940185547 1.6327871084213256836 -0.35223448276519775391 -0.65208041667938232422 3.3712198734283447266 -1.9226000308990478516 
bias:
-0.17208053171634674072 
