1 10 
weights:
1.2202222347259521484 
1.21654510498046875 
0.49229186773300170898 
1.0237441062927246094 
0.52512329816818237305 
1.2509902715682983398 
0.49942642450332641602 
1.5827734470367431641 
-1.5249787569046020508 
1.2784327268600463867 
bias:
-0.62561905384063720703 
-0.65997880697250366211 
-0.057317260652780532837 
2.9091081619262695312 
0.15812259912490844727 
-3.7919299602508544922 
0.031933002173900604248 
0.33771440386772155762 
-0.17809183895587921143 
1.2569110393524169922 
10 10 
weights:
-0.33901581168174743652 0.14260549843311309814 0.18274414539337158203 -0.97666049003601074219 0.5695464015007019043 0.084621496498584747314 -0.18708094954490661621 -0.20215737819671630859 0.034559447318315505981 -0.36622282862663269043 
1.7055763006210327148 1.0375576019287109375 -0.64353156089782714844 -1.0403782129287719727 -0.52582556009292602539 -2.0177102088928222656 -0.88433873653411865234 0.92931026220321655273 -0.30384182929992675781 -0.43511521816253662109 
0.37258571386337280273 0.75464260578155517578 -0.84501475095748901367 -1.0449976921081542969 0.053345393389463424683 0.53173655271530151367 -0.086904436349868774414 1.3613847494125366211 -0.24828745424747467041 1.4851316213607788086 
0.3506189882755279541 0.61823797225952148438 0.21780088543891906738 -0.6311321258544921875 -0.014275755733251571655 1.5946580171585083008 -0.78170859813690185547 0.48465883731842041016 0.40816220641136169434 1.0701003074645996094 
-0.078579977154731750488 -1.2687699794769287109 0.55823224782943725586 1.7657495737075805664 0.82755923271179199219 0.98296850919723510742 0.67176318168640136719 -0.19312578439712524414 0.065440647304058074951 0.70596599578857421875 
0.24698142707347869873 -1.0006176233291625977 0.65971142053604125977 0.46624410152435302734 0.3320337831974029541 0.90855705738067626953 0.0074662254191935062408 -0.26766952872276306152 0.0023632545489817857742 -0.12625768780708312988 
-0.24911758303642272949 -0.032076157629489898682 0.026133460924029350281 0.2027110755443572998 0.95917963981628417969 1.5569083690643310547 0.71216994524002075195 -0.89801180362701416016 -0.47044301033020019531 -1.0621995925903320312 
-1.1575716733932495117 -0.72955137491226196289 0.81425273418426513672 1.6709372997283935547 0.25544115900993347168 2.0749113559722900391 0.41301733255386352539 -0.67798691987991333008 -0.0558702126145362854 -0.76667344570159912109 
0.59393084049224853516 -0.12100027501583099365 0.41491520404815673828 -0.85131245851516723633 -0.8743864893913269043 0.29816877841949462891 -0.26967146992683410645 -0.20835433900356292725 0.00066351273562759160995 0.10093575716018676758 
0.28413066267967224121 0.21216319501399993896 -0.058427125215530395508 -1.105485081672668457 -0.99066984653472900391 -0.21434442698955535889 0.037011619657278060913 0.52538084983825683594 -0.47544509172439575195 -0.69769757986068725586 
bias:
-0.77907675504684448242 
-0.063336968421936035156 
1.526047825813293457 
-0.15877763926982879639 
-0.71285235881805419922 
-0.22986884415149688721 
-0.23146477341651916504 
-0.67028075456619262695 
-0.54273438453674316406 
-1.0706913471221923828 
10 1 
weights:
0.032250065356492996216 2.2509288787841796875 2.3550963401794433594 0.52957504987716674805 -2.6080660820007324219 -0.92846339941024780273 -1.4973212480545043945 -2.0934283733367919922 0.31144019961357116699 1.5566346645355224609 
bias:
1.1856825351715087891 
