1 10 
weights:
0.40112841129302978516 
0.55476129055023193359 
-0.363590240478515625 
-0.3756586909294128418 
0.91817677021026611328 
-1.3603034019470214844 
1.0856214761734008789 
0.41396629810333251953 
0.40014952421188354492 
-1.2075369358062744141 
bias:
-0.5320441126823425293 
0.88028758764266967773 
0.022016415372490882874 
0.26003679633140563965 
-2.6319439411163330078 
1.0975019931793212891 
2.5757341384887695312 
-0.4518375694751739502 
-0.27880254387855529785 
-1.2216157913208007812 
10 10 
weights:
0.44562780857086181641 0.50517660379409790039 -2.0267133712768554688 -1.7389645576477050781 1.8081101179122924805 2.4236779212951660156 -0.30507254600524902344 0.91128462553024291992 0.67540419101715087891 1.1188435554504394531 
-0.67495048046112060547 -0.47921073436737060547 0.92180037498474121094 0.8588549494743347168 -0.76168590784072875977 -1.6828694343566894531 -0.46022298932075500488 -0.230035439133644104 -0.57540518045425415039 -0.27732601761817932129 
-0.48747342824935913086 0.51864099502563476562 0.30895522236824035645 0.0030724508687853813171 -1.2108423709869384766 -1.9273138046264648438 0.40934801101684570312 -0.62265557050704956055 -0.46046227216720581055 -1.2561868429183959961 
-1.1237065792083740234 -1.5653581619262695312 0.85347825288772583008 0.27837923169136047363 -0.49512976408004760742 0.73657709360122680664 -2.7328062057495117188 -1.1843663454055786133 -0.61098492145538330078 0.57808548212051391602 
-1.4236091375350952148 -0.27620944380760192871 -0.1186842694878578186 0.83504909276962280273 0.001700024469755589962 -0.30398583412170410156 -0.25475993752479553223 -0.22773501276969909668 -0.23554618656635284424 -0.50491327047348022461 
0.14113819599151611328 -0.12766782939434051514 0.097571194171905517578 -0.37826231122016906738 -0.27188310027122497559 0.047652609646320343018 -0.80475842952728271484 -0.71890139579772949219 -0.73399060964584350586 -0.49842286109924316406 
0.46459734439849853516 0.17852279543876647949 -1.1565270423889160156 -0.5353978276252746582 1.0519798994064331055 0.82524371147155761719 -0.45018434524536132812 -0.46117088198661804199 0.59281134605407714844 -0.49889597296714782715 
-0.96029835939407348633 -0.19529825448989868164 0.09416224062442779541 -0.35152760148048400879 -0.059588067233562469482 -0.21988621354103088379 -0.61557155847549438477 0.23204770684242248535 -0.83625376224517822266 0.097378812730312347412 
-0.509296417236328125 -1.5201691389083862305 0.57420784235000610352 0.59746479988098144531 -0.18168707191944122314 2.2454295158386230469 -1.4479165077209472656 -0.51766830682754516602 -1.1123555898666381836 1.4680812358856201172 
-0.044249113649129867554 -0.41009449958801269531 0.5646654963493347168 -0.35097908973693847656 -0.45104888081550598145 -0.33258447051048278809 -0.47881835699081420898 -0.73079353570938110352 -0.48993137478828430176 -1.1215521097183227539 
bias:
-1.8554998636245727539 
0.50511568784713745117 
-0.015450454317033290863 
-0.86464697122573852539 
-0.52365714311599731445 
-0.60606431961059570312 
-0.47331273555755615234 
-0.26175642013549804688 
-0.039573725312948226929 
-0.65433770418167114258 
10 1 
weights:
-3.5508029460906982422 2.2294917106628417969 1.8606405258178710938 2.4574592113494873047 1.3596603870391845703 0.42443603277206420898 -1.1978157758712768555 0.77141594886779785156 -2.3976316452026367188 0.39621430635452270508 
bias:
1.0267900228500366211 
