1 10 
weights:
1.1270390748977661133 
0.38955107331275939941 
-0.35947582125663757324 
0.44147923588752746582 
0.69032365083694458008 
1.5209033489227294922 
0.59759604930877685547 
1.2192146778106689453 
0.36552205681800842285 
0.63793569803237915039 
bias:
3.0144104957580566406 
-0.059072948992252349854 
0.15079954266548156738 
-0.6801655888557434082 
-1.6676018238067626953 
-1.3972283601760864258 
-1.3374937772750854492 
0.51829373836517333984 
0.10358142107725143433 
-1.415978550910949707 
10 10 
weights:
2.4384107589721679688 1.035550236701965332 -0.22147683799266815186 0.80616945028305053711 0.33627244830131530762 1.6191716194152832031 0.90771639347076416016 0.37121665477752685547 0.64320760965347290039 1.1632466316223144531 
-0.86843246221542358398 -0.68385273218154907227 1.0157675743103027344 -0.71986931562423706055 -1.3958389759063720703 1.6166942119598388672 -0.7143802642822265625 3.0296087265014648438 -0.96159511804580688477 -0.44794547557830810547 
0.46289557218551635742 0.31231999397277832031 -0.06116370856761932373 0.0096127111464738845825 -0.09314807504415512085 0.85147178173065185547 0.73852097988128662109 0.012307856231927871704 0.36624559760093688965 0.64107346534729003906 
0.38049715757369995117 -0.26186093688011169434 -0.95627582073211669922 0.10301437228918075562 -0.24160164594650268555 -0.41301509737968444824 0.20461957156658172607 -0.70696580410003662109 -0.28446540236473083496 -0.26901406049728393555 
-0.17403285205364227295 0.10377328097820281982 -0.018490605056285858154 0.68490481376647949219 1.5575906038284301758 0.25991657376289367676 -0.28241676092147827148 0.61245101690292358398 0.13327015936374664307 -0.030846746638417243958 
-0.25056371092796325684 0.71841466426849365234 -0.28859117627143859863 0.41728869080543518066 0.52487933635711669922 -0.509006500244140625 0.25821393728256225586 -1.800288081169128418 0.2508462071418762207 1.2415676116943359375 
-0.92700302600860595703 -0.50880002975463867188 -0.05617626383900642395 -0.87730079889297485352 -0.86180192232131958008 1.2703055143356323242 -0.42715859413146972656 1.7022622823715209961 -0.82450836896896362305 -0.20944875478744506836 
-0.89001601934432983398 -0.56132620573043823242 0.75348818302154541016 0.020408576354384422302 0.13720391690731048584 0.49870634078979492188 -0.019576750695705413818 0.66216665506362915039 -1.2093610763549804688 -0.1764339059591293335 
0.46750012040138244629 1.0075957775115966797 -0.65089148283004760742 0.79243731498718261719 0.85777342319488525391 -1.1226028203964233398 0.6238721013069152832 -2.5799407958984375 0.016468254849314689636 1.1620402336120605469 
0.35550653934478759766 0.0087488600984215736389 -0.94203037023544311523 0.51244217157363891602 1.3540158271789550781 -1.4243408441543579102 1.6328085660934448242 -1.9739233255386352539 0.39020147919654846191 0.66776627302169799805 
bias:
-0.57691186666488647461 
-0.4369049072265625 
0.34530726075172424316 
-0.39605745673179626465 
1.0140262842178344727 
-0.61370754241943359375 
-0.058416407555341720581 
-0.78169739246368408203 
-0.22728428244590759277 
-0.21210610866546630859 
10 1 
weights:
-2.3068280220031738281 2.2300827503204345703 -0.1057386249303817749 -0.54751265048980712891 1.3976083993911743164 -1.3258484601974487305 1.6014282703399658203 1.0640238523483276367 -2.2407076358795166016 -1.9807782173156738281 
bias:
1.1551189422607421875 
