1 10 
weights:
0.60832053422927856445 
-0.61953854560852050781 
0.80497556924819946289 
0.41903072595596313477 
1.4734075069427490234 
0.39704936742782592773 
-1.5284131765365600586 
-0.25529488921165466309 
-1.7391477823257446289 
-0.75890296697616577148 
bias:
-1.5712876319885253906 
-1.6134629249572753906 
-2.3057255744934082031 
-0.52480351924896240234 
-1.3265899419784545898 
0.17494374513626098633 
-1.8772072792053222656 
0.68518167734146118164 
-0.2876395881175994873 
-2.0419747829437255859 
10 10 
weights:
0.48787164688110351562 -0.16488759219646453857 -0.057458151131868362427 0.41436651349067687988 -0.32576522231101989746 -0.1930859684944152832 0.18021002411842346191 0.19681414961814880371 0.16348239779472351074 0.24254682660102844238 
0.12371036410331726074 -0.41673195362091064453 1.054621577262878418 0.56399750709533691406 -0.93582266569137573242 1.0329062938690185547 -0.033380538225173950195 -0.85596692562103271484 1.3605468273162841797 -0.76032519340515136719 
-1.0067858695983886719 0.072639435529708862305 -0.2339321821928024292 -0.37862625718116760254 1.1620161533355712891 -0.99234271049499511719 0.047335967421531677246 -1.0385626554489135742 -0.70386517047882080078 1.1858336925506591797 
0.16747604310512542725 0.15486180782318115234 -0.49239963293075561523 0.38496538996696472168 -0.42100378870964050293 -0.12118796259164810181 -0.92193955183029174805 -0.55804336071014404297 0.27454245090484619141 -0.30616450309753417969 
-0.13390707969665527344 -0.11449678987264633179 0.5342884063720703125 -0.38916051387786865234 -0.65075057744979858398 -0.78779697418212890625 -0.19005626440048217773 -1.2023085355758666992 -0.15196268260478973389 -0.00021234324958641082048 
-0.17091543972492218018 0.96864461898803710938 -1.0611970424652099609 -1.1167337894439697266 1.0500327348709106445 -0.070560827851295471191 -0.051256503909826278687 -0.013026894070208072662 -0.86098855733871459961 0.55266720056533813477 
-0.096669226884841918945 -0.42293518781661987305 -0.61386942863464355469 0.034066580235958099365 -0.84023559093475341797 -0.86901652812957763672 1.2834866046905517578 -0.42388573288917541504 0.49019122123718261719 -0.3852112889289855957 
-0.3757928311824798584 0.64401769638061523438 -0.44617438316345214844 -0.54532420635223388672 1.2281721830368041992 -1.0438725948333740234 -0.59521746635437011719 -0.66407048702239990234 -0.29863315820693969727 1.8549256324768066406 
1.7709128856658935547 -1.7262233495712280273 1.8238037824630737305 0.33356252312660217285 -1.7852065563201904297 0.92947047948837280273 1.9263139963150024414 -0.85000383853912353516 0.92950952053070068359 -1.3898222446441650391 
-0.089676752686500549316 0.61679762601852416992 0.26888510584831237793 0.85575413703918457031 -0.48681607842445373535 -0.35239040851593017578 0.07784210890531539917 -0.76809352636337280273 0.53048533201217651367 -0.094724886119365692139 
bias:
-1.1742703914642333984 
-0.59540092945098876953 
0.35081711411476135254 
-0.87937700748443603516 
-0.4526805877685546875 
0.36694601178169250488 
-0.46238252520561218262 
-0.10354774445295333862 
-0.91348791122436523438 
-0.55479645729064941406 
10 1 
weights:
-0.27665206789970397949 -1.490314483642578125 1.5999754667282104492 0.30425295233726501465 0.073009252548217773438 2.088470458984375 -1.2223515510559082031 1.8468216657638549805 -3.4087853431701660156 -0.27165889739990234375 
bias:
0.52149522304534912109 
