1 10 
weights:
0.75817507505416870117 
0.52631402015686035156 
1.1654849052429199219 
1.0738021135330200195 
-0.97976946830749511719 
0.42169010639190673828 
0.53460901975631713867 
0.5286540985107421875 
-1.3148761987686157227 
0.89502292871475219727 
bias:
1.4862271547317504883 
-0.16471339762210845947 
-0.015017970465123653412 
0.90868407487869262695 
0.099021963775157928467 
-0.16619509458541870117 
0.2623672187328338623 
-0.20690862834453582764 
3.3029386997222900391 
1.5922363996505737305 
10 10 
weights:
-0.039601493626832962036 -0.58134633302688598633 0.46861279010772705078 0.25797680020332336426 0.36465379595756530762 -0.38013413548469543457 -0.37147924304008483887 0.39091369509696960449 0.55279326438903808594 -0.42536345124244689941 
-0.18822091817855834961 0.0017409268766641616821 -0.07371892780065536499 -1.4470347166061401367 -0.39129462838172912598 -0.14935685694217681885 -0.029394090175628662109 -0.34834596514701843262 -0.29338431358337402344 -0.090352594852447509766 
0.51628464460372924805 1.3154758214950561523 -0.35738614201545715332 -1.0820571184158325195 -0.31715452671051025391 0.65357470512390136719 0.36864715814590454102 0.32539314031600952148 -2.3864712715148925781 -0.19720824062824249268 
-0.11043626070022583008 -0.17519649863243103027 0.25959342718124389648 0.99216020107269287109 -0.33626994490623474121 -0.31482833623886108398 -0.27862256765365600586 -0.14214247465133666992 0.96631765365600585938 -0.002510251244530081749 
0.52618330717086791992 0.74383002519607543945 -0.98696136474609375 -0.73436647653579711914 0.82880151271820068359 0.42940729856491088867 0.47182628512382507324 0.63934957981109619141 -1.5929726362228393555 -0.12846052646636962891 
2.2137901782989501953 1.2573800086975097656 0.2485809624195098877 0.91337621212005615234 -0.83938556909561157227 0.50147855281829833984 1.9347780942916870117 1.5263235569000244141 -0.40568208694458007812 2.0719647407531738281 
1.2207534313201904297 0.8770720362663269043 0.42621365189552307129 1.2827870845794677734 -1.4490112066268920898 -0.081011429429054260254 -0.21379569172859191895 0.39486429095268249512 -2.4012987613677978516 0.66480731964111328125 
-0.80846607685089111328 -0.66137909889221191406 -0.27789390087127685547 0.4553120732307434082 -0.32308492064476013184 -0.791278839111328125 0.54748493432998657227 -0.68223351240158081055 -0.38608670234680175781 0.55265080928802490234 
0.5071690678596496582 0.43683570623397827148 0.71870696544647216797 0.90953916311264038086 1.1870650053024291992 0.85835915803909301758 -0.52290147542953491211 1.2044250965118408203 0.41504684090614318848 0.46758785843849182129 
-0.3704134523868560791 0.2740262448787689209 0.12923721969127655029 -0.87368834018707275391 0.93987375497817993164 0.78700596094131469727 0.55452990531921386719 0.84521341323852539062 -1.4280045032501220703 0.084631964564323425293 
bias:
-0.73956167697906494141 
-0.034644085913896560669 
-0.48874828219413757324 
-0.72435933351516723633 
-0.35283949971199035645 
-0.51818716526031494141 
-0.39687836170196533203 
0.37416234612464904785 
0.72416466474533081055 
-0.88467925786972045898 
10 1 
weights:
0.68539142608642578125 -0.1503455042839050293 -2.1668040752410888672 1.1215491294860839844 -1.9179797172546386719 -3.1302089691162109375 3.1832242012023925781 0.35520902276039123535 -2.3715951442718505859 -1.5537045001983642578 
bias:
4.1494097709655761719 
