1 10 
weights:
0.41862186789512634277 
0.6083342432975769043 
1.1364394426345825195 
0.78854805231094360352 
1.2167954444885253906 
0.4479884803295135498 
1.5179783105850219727 
0.43941998481750488281 
0.37016302347183227539 
1.186797022819519043 
bias:
-0.15851593017578125 
-1.4251062870025634766 
0.60566842555999755859 
-2.1543362140655517578 
0.33858188986778259277 
-0.7154763340950012207 
-1.4933922290802001953 
-0.31076279282569885254 
0.041769810020923614502 
3.1219384670257568359 
10 10 
weights:
-1.1622453927993774414 0.39838433265686035156 -0.95537179708480834961 0.06414353102445602417 -0.086971841752529144287 0.22904363274574279785 -0.32075428962707519531 0.22791792452335357666 -0.092877097427845001221 0.055644065141677856445 
0.50210118293762207031 1.2015165090560913086 0.10812718421220779419 0.42853555083274841309 0.44929701089859008789 -0.38141921162605285645 -0.13542506098747253418 0.20631869137287139893 0.64883399009704589844 0.43395897746086120605 
-0.052963715046644210815 0.84762132167816162109 -1.0071769952774047852 1.2094588279724121094 -1.2218472957611083984 0.015403970144689083099 -0.088967688381671905518 0.51376104354858398438 0.085798524320125579834 0.18400815129280090332 
0.41699904203414916992 0.096937105059623718262 -0.71552640199661254883 0.4369983971118927002 -0.88206434249877929688 -0.032336279749870300293 0.05996312946081161499 0.4459673464298248291 0.39788165688514709473 -0.1530465930700302124 
0.9150835871696472168 0.78050887584686279297 0.26840177178382873535 0.2895851433277130127 -0.60671442747116088867 0.61801695823669433594 -0.35347816348075866699 0.031773053109645843506 1.1489572525024414062 1.5433211326599121094 
-0.77728277444839477539 0.74151569604873657227 -0.71062302589416503906 0.051313474774360656738 0.22028692066669464111 -0.18510991334915161133 -0.57229340076446533203 0.42068082094192504883 0.21114663779735565186 -0.44632437825202941895 
-0.16327415406703948975 -1.020205378532409668 0.81188762187957763672 -0.56962490081787109375 2.3024463653564453125 -1.3040696382522583008 1.125012516975402832 -0.42445147037506103516 -1.3174024820327758789 -1.8636212348937988281 
-0.79405272006988525391 -0.54000633955001831055 1.2032139301300048828 -0.90021187067031860352 1.1243255138397216797 -0.32676517963409423828 1.5682201385498046875 -1.2287285327911376953 -0.17576417326927185059 -1.5333807468414306641 
-1.0183845758438110352 -0.90632176399230957031 1.4325006008148193359 -2.1779718399047851562 2.3711004257202148438 -1.3176712989807128906 1.0492457151412963867 -0.60550767183303833008 -0.75132018327713012695 -0.90647536516189575195 
-0.72500497102737426758 0.41597893834114074707 0.25907939672470092773 0.33305063843727111816 0.16296122968196868896 -0.048246059566736221313 -0.42891204357147216797 -0.53623056411743164062 -0.32891535758972167969 -0.73261749744415283203 
bias:
-0.32038223743438720703 
1.1358219385147094727 
-0.48038178682327270508 
-0.9669958949089050293 
-0.26755505800247192383 
-0.50427979230880737305 
0.64857780933380126953 
-0.38088896870613098145 
0.78730106353759765625 
-0.59384316205978393555 
10 1 
weights:
-0.39935502409934997559 -0.77956783771514892578 -1.2461476325988769531 -0.73433685302734375 -2.0846719741821289062 -0.18311093747615814209 2.3923585414886474609 2.0174398422241210938 2.6648087501525878906 0.51140421628952026367 
bias:
0.27095463871955871582 
