1 10 
weights:
-1.712430119514465332 
1.4239897727966308594 
0.44993540644645690918 
0.51043087244033813477 
1.0580290555953979492 
-0.78074628114700317383 
-0.8000100255012512207 
0.48768860101699829102 
-0.47615197300910949707 
-1.5645412206649780273 
bias:
0.27123221755027770996 
-1.6086786985397338867 
-0.7941843867301940918 
0.76674664020538330078 
2.8075439929962158203 
1.9558901786804199219 
2.0314443111419677734 
0.60217744112014770508 
0.33007720112800598145 
-1.5324829816818237305 
10 10 
weights:
-0.86383301019668579102 1.6377725601196289062 -0.63480007648468017578 -0.74754834175109863281 -2.2557806968688964844 0.77782291173934936523 0.87080681324005126953 -1.3514329195022583008 0.42044302821159362793 -1.1812797784805297852 
0.93255275487899780273 -1.8818839788436889648 -0.11183173209428787231 0.20052939653396606445 0.11808827519416809082 -0.31833449006080627441 -0.22234418988227844238 0.60351419448852539062 0.48788329958915710449 1.584672093391418457 
1.0784142017364501953 -1.16733551025390625 0.38969114422798156738 1.0909507274627685547 0.90704709291458129883 -2.0505900382995605469 -0.50463736057281494141 0.67584592103958129883 -0.32304584980010986328 1.6322144269943237305 
0.20927724242210388184 1.097887873649597168 -1.0858818292617797852 -0.45070371031761169434 0.29592442512512207031 0.69222599267959594727 0.8336544036865234375 -0.0035540885291993618011 0.46623620390892028809 -0.034573372453451156616 
-0.50427198410034179688 -0.79423028230667114258 0.85244673490524291992 -0.12808716297149658203 -0.025701440870761871338 0.059947516769170761108 -1.0254434347152709961 -0.1437107771635055542 -0.45132622122764587402 0.35368713736534118652 
-0.35669359564781188965 0.62511682510375976562 0.34535008668899536133 -0.77605921030044555664 -1.3357932567596435547 0.74847328662872314453 0.59729415178298950195 0.022610154002904891968 -0.062343887984752655029 -0.8848235011100769043 
-1.2797043323516845703 -0.56868708133697509766 -0.86820042133331298828 -1.3691500425338745117 -1.4272719621658325195 -0.97431910037994384766 -1.392045140266418457 -0.9335415959358215332 -1.0099306106567382812 -0.94402927160263061523 
-1.0852769613265991211 -0.060899190604686737061 -0.12039107084274291992 -1.3842812776565551758 0.27151158452033996582 -0.74268949031829833984 -0.8039258122444152832 0.29347953200340270996 0.18062208592891693115 -0.30598935484886169434 
-0.28393653035163879395 0.17029884457588195801 -0.50162130594253540039 0.012544395402073860168 -0.056011199951171875 2.01708221435546875 2.0270168781280517578 -0.55611759424209594727 0.59895873069763183594 0.15371559560298919678 
0.20614255964756011963 0.89046990871429443359 0.43030580878257751465 1.3636937141418457031 1.4355398416519165039 0.46696951985359191895 -0.12797141075134277344 1.4241470098495483398 -0.10285001248121261597 -0.663177490234375 
bias:
0.95305752754211425781 
-1.077229619026184082 
-0.96898978948593139648 
-1.0433212518692016602 
-0.51907944679260253906 
-0.38775807619094848633 
-1.5204458236694335938 
-0.90360987186431884766 
-0.48087424039840698242 
-0.38005122542381286621 
10 1 
weights:
2.6861758232116699219 -2.6964972019195556641 -1.9885149002075195312 0.90113997459411621094 -0.7535012364387512207 1.2741301059722900391 1.7707239389419555664 -0.34028783440589904785 2.1924571990966796875 -1.6654285192489624023 
bias:
0.26239755749702453613 
