1 10 
weights:
-0.82767796516418457031 
-1.2405872344970703125 
1.2236778736114501953 
-0.57497668266296386719 
0.89967942237854003906 
0.50870758295059204102 
0.47473472356796264648 
0.78137874603271484375 
0.64367443323135375977 
1.1600090265274047852 
bias:
2.2735688686370849609 
2.1383597850799560547 
1.7625130414962768555 
-0.10276719927787780762 
1.8161103725433349609 
0.087962426245212554932 
-0.0382917746901512146 
1.1958106756210327148 
0.56393325328826904297 
-0.086417905986309051514 
10 10 
weights:
-0.78088128566741943359 -2.4319734573364257812 1.0904849767684936523 -0.37458553910255432129 0.52054154872894287109 0.20621159672737121582 0.026081223040819168091 1.4994387626647949219 0.33237227797508239746 1.3392424583435058594 
0.97297775745391845703 -0.51671963930130004883 0.33237287402153015137 -0.30093649029731750488 -0.84371936321258544922 -0.09431196749210357666 -1.5188258886337280273 -0.66692084074020385742 0.41690376400947570801 0.87597376108169555664 
-0.18444660305976867676 0.042799595743417739868 -0.31432601809501647949 0.46270269155502319336 -0.054356839507818222046 0.15693655610084533691 0.88958966732025146484 -0.44822955131530761719 -0.68655377626419067383 -0.64354348182678222656 
-0.0027186870574951171875 -0.63043522834777832031 -0.6597080230712890625 -0.52898943424224853516 -0.40871399641036987305 -0.0062380279414355754852 -0.56142854690551757812 -0.14564256370067596436 -1.0438479185104370117 -0.28898641467094421387 
0.13601343333721160889 0.30939188599586486816 0.28261971473693847656 -0.18613152205944061279 1.1924210786819458008 0.54794138669967651367 0.50322556495666503906 0.23687478899955749512 1.458971858024597168 -0.42976939678192138672 
-0.78269356489181518555 -0.2894744575023651123 -0.83465337753295898438 -0.060363665223121643066 -1.2117007970809936523 -0.17020331323146820068 -0.17992883920669555664 -0.23621006309986114502 -0.47271397709846496582 0.25906264781951904297 
2.8849828243255615234 2.0232069492340087891 0.59192377328872680664 0.80353951454162597656 0.58843344449996948242 -1.7820087671279907227 -1.3067939281463623047 0.23822090029716491699 -0.64038920402526855469 0.71443122625350952148 
0.026899475604295730591 -0.44980373978614807129 -0.47089096903800964355 -0.49066621065139770508 0.46221575140953063965 -0.34149453043937683105 -0.14179080724716186523 -1.0455713272094726562 0.22135613858699798584 -0.49390101432800292969 
-0.161508217453956604 -0.73611313104629516602 -0.88553196191787719727 -0.2932752072811126709 -0.010113682597875595093 -0.073997288942337036133 0.12626758217811584473 -0.64632958173751831055 -0.50271838903427124023 -0.60911554098129272461 
0.27575993537902832031 -0.094339244067668914795 0.60840690135955810547 -1.1609797477722167969 1.8954761028289794922 1.6287562847137451172 1.072852015495300293 0.9490630030632019043 2.1978933811187744141 0.51736503839492797852 
bias:
-0.34765124320983886719 
-0.22753310203552246094 
-0.29301553964614868164 
0.29857546091079711914 
0.094609320163726806641 
-0.16885781288146972656 
-0.38828366994857788086 
-0.17737202346324920654 
0.064848870038986206055 
-0.33674457669258117676 
10 1 
weights:
3.2655777931213378906 0.88028275966644287109 -0.59090012311935424805 0.011392011307179927826 -2.1893312931060791016 0.10438232868909835815 3.2626893520355224609 -0.39937478303909301758 -0.29777467250823974609 -3.4647579193115234375 
bias:
0.60932964086532592773 
