1 10 
weights:
0.4031333625316619873 
0.45102179050445556641 
-1.3630729913711547852 
0.52223074436187744141 
0.93893849849700927734 
0.58287358283996582031 
1.5328989028930664062 
-0.34112599492073059082 
-0.47873491048812866211 
0.37240657210350036621 
bias:
-0.64823323488235473633 
0.4441731572151184082 
-1.3409962654113769531 
0.90011364221572875977 
-2.21321868896484375 
1.1250244379043579102 
-0.55998343229293823242 
0.63544481992721557617 
-0.83477288484573364258 
-0.77570718526840209961 
10 10 
weights:
-0.57077860832214355469 -1.3505847454071044922 -0.37189203500747680664 -1.0429790019989013672 -0.73294311761856079102 -1.4820102453231811523 -1.1239761114120483398 -0.899379730224609375 -0.66689962148666381836 -1.065049290657043457 
0.276294708251953125 0.49297916889190673828 -0.94779127836227416992 -0.67977470159530639648 -0.12582689523696899414 -0.40369814634323120117 -0.60641312599182128906 -0.32352012395858764648 -1.2211846113204956055 0.55589598417282104492 
-0.18807901442050933838 -1.0704579353332519531 0.0602666512131690979 -0.78971451520919799805 -0.29884228110313415527 -1.2711495161056518555 -0.47274976968765258789 0.43757581710815429688 0.28497263789176940918 -0.43865758180618286133 
-0.72996366024017333984 -1.2996835708618164062 -0.70207124948501586914 -1.2728083133697509766 0.027732750400900840759 -1.0072584152221679688 0.63533943891525268555 0.36836504936218261719 1.6841647624969482422 -0.52490556240081787109 
0.79330331087112426758 0.84039574861526489258 3.1517224311828613281 1.0453238487243652344 2.2601580619812011719 0.71814781427383422852 -3.3496460914611816406 -2.8772220611572265625 -2.0368912220001220703 0.98283100128173828125 
1.3931766748428344727 0.16731218993663787842 -0.57471060752868652344 -0.1968841552734375 0.50612688064575195312 -0.92652964591979980469 2.0297210216522216797 -0.40997657179832458496 -2.2658472061157226562 0.32494661211967468262 
-0.36035007238388061523 0.25839924812316894531 -0.62554609775543212891 -0.82078939676284790039 -0.063628107309341430664 -0.17774003744125366211 0.67541372776031494141 -0.17547328770160675049 0.099592097103595733643 -0.47506108880043029785 
-0.48281365633010864258 -1.6168380975723266602 -0.41066646575927734375 0.083916403353214263916 0.032196924090385437012 -0.57289934158325195312 -0.79376852512359619141 -0.88337105512619018555 -0.52288323640823364258 -1.37491607666015625 
-0.36401665210723876953 -1.1346724033355712891 -0.4016882777214050293 -0.17711052298545837402 0.4148661494255065918 -1.0716520547866821289 -0.093068741261959075928 -0.69883054494857788086 -0.31182867288589477539 0.47783634066581726074 
-0.82138544321060180664 0.49684429168701171875 -0.28514954447746276855 -0.10193052142858505249 -0.63464540243148803711 -0.62046313285827636719 0.5231373906135559082 -0.65502506494522094727 -0.49530297517776489258 0.045888721942901611328 
bias:
-0.96836197376251220703 
-0.47624617815017700195 
-0.13744908571243286133 
0.034153137356042861938 
-0.50548112392425537109 
-1.2011917829513549805 
-0.88319456577301025391 
0.21264922618865966797 
-0.7888050079345703125 
-0.14000993967056274414 
10 1 
weights:
-0.26428118348121643066 -1.0308965444564819336 1.2947225570678710938 2.3455054759979248047 -4.6134724617004394531 2.1486914157867431641 0.64859730005264282227 -0.040525097399950027466 -0.02589910849928855896 0.25345599651336669922 
bias:
0.53088092803955078125 
