1 10 
weights:
1.6348187923431396484 
0.65396612882614135742 
1.6461583375930786133 
-0.65031254291534423828 
0.42168006300926208496 
0.45910686254501342773 
-0.41050818562507629395 
0.41585311293601989746 
-0.42375993728637695312 
-1.8578687906265258789 
bias:
-1.7921561002731323242 
-1.7263492345809936523 
1.8966072797775268555 
-1.6059652566909790039 
0.33600115776062011719 
-0.88910794258117675781 
0.41423460841178894043 
0.072595015168190002441 
-0.3899072110652923584 
-0.11494565010070800781 
10 10 
weights:
0.31477010250091552734 0.60891777276992797852 -0.50085568428039550781 0.62152886390686035156 -0.96833300590515136719 -0.28888726234436035156 -0.44235792756080627441 -0.81413805484771728516 -0.22768366336822509766 0.36595582962036132812 
-1.3951992988586425781 1.3389841318130493164 -0.91316491365432739258 -0.92432123422622680664 1.3054589033126831055 0.97450709342956542969 -0.73608726263046264648 -0.045033350586891174316 -1.3413919210433959961 1.5237203836441040039 
-0.83368539810180664062 1.0412018299102783203 -1.8602070808410644531 -0.78640323877334594727 0.69633203744888305664 1.1026263236999511719 -1.2792638540267944336 0.70800304412841796875 -0.43884512782096862793 0.67361986637115478516 
-0.43822526931762695312 0.49573829770088195801 -0.079996235668659210205 0.42581373453140258789 0.065471127629280090332 -0.3270409703254699707 -1.0223789215087890625 -0.015744173899292945862 -0.36732986569404602051 -0.71524018049240112305 
-0.53352326154708862305 0.825771331787109375 -1.2673751115798950195 -0.93627893924713134766 -0.22192090749740600586 0.38981127738952636719 -0.37025910615921020508 0.68175959587097167969 -0.84166896343231201172 0.50644391775131225586 
1.3812400102615356445 -0.40661245584487915039 0.85183125734329223633 1.360670924186706543 -1.1317559480667114258 -1.1268393993377685547 0.71758729219436645508 -0.39815148711204528809 1.001517176628112793 -1.102997899055480957 
-0.88909971714019775391 -0.24402648210525512695 -0.31211465597152709961 0.071302227675914764404 0.21164055168628692627 -0.55496001243591308594 -0.039465270936489105225 0.74646991491317749023 -0.87906849384307861328 0.66968846321105957031 
0.1548681408166885376 -0.17337916791439056396 0.33487471938133239746 0.54333662986755371094 -0.21648474037647247314 -0.069588921964168548584 -0.4267457425594329834 -0.40995961427688598633 -0.18229527771472930908 -1.0716608762741088867 
0.93917423486709594727 1.3882802724838256836 0.42506128549575805664 0.041082751005887985229 -0.11385086178779602051 0.64892280101776123047 0.12154154479503631592 0.98368030786514282227 0.039046898484230041504 -0.054354533553123474121 
1.5487946271896362305 -0.65195477008819580078 0.80576860904693603516 0.76784765720367431641 -1.4954110383987426758 -0.58633249998092651367 0.67399173974990844727 -1.4556963443756103516 0.91116923093795776367 -1.4205511808395385742 
bias:
-0.61337059736251831055 
-0.025248423218727111816 
0.19165760278701782227 
-0.52541637420654296875 
0.24161680042743682861 
-0.83755117654800415039 
-0.83976227045059204102 
-0.43741574883460998535 
0.94491457939147949219 
0.25745758414268493652 
10 1 
weights:
0.27493137121200561523 -2.21216583251953125 -2.3468961715698242188 -0.16617394983768463135 -1.4837502241134643555 2.2389824390411376953 -0.74844890832901000977 0.60000127553939819336 -0.11530952155590057373 2.4591434001922607422 
bias:
0.4532108008861541748 
