1 10 
weights:
1.0887826681137084961 
0.96736186742782592773 
-0.70468842983245849609 
-0.48795235157012939453 
-1.0677967071533203125 
0.5116640925407409668 
-0.50343042612075805664 
0.57684123516082763672 
-0.8560428619384765625 
0.81546550989151000977 
bias:
1.2612961530685424805 
2.5012218952178955078 
1.2264419794082641602 
-0.35110870003700256348 
2.2919585704803466797 
0.056153118610382080078 
0.67972958087921142578 
0.46344038844108581543 
1.742083430290222168 
-0.743297576904296875 
10 10 
weights:
0.8214295506477355957 -0.016601221635937690735 0.71300810575485229492 1.422646641731262207 1.783518671989440918 -0.93270128965377807617 1.0349798202514648438 -0.92695844173431396484 1.0491185188293457031 0.52143067121505737305 
1.1425896883010864258 0.82699471712112426758 0.30650565028190612793 1.8003070354461669922 0.72795557975769042969 1.3164792060852050781 1.2770584821701049805 0.54505431652069091797 1.4596773386001586914 1.0408636331558227539 
-1.4179806709289550781 -0.84707975387573242188 0.76134538650512695312 2.0363302230834960938 0.18546862900257110596 -0.55782335996627807617 1.894156336784362793 -0.21949054300785064697 -0.14850255846977233887 -1.1798331737518310547 
-0.81832432746887207031 -1.3306496143341064453 -1.5610573291778564453 -0.50531637668609619141 -1.7662911415100097656 -0.82512515783309936523 -1.4588031768798828125 -1.4997789859771728516 -1.7506709098815917969 -0.4966411590576171875 
-0.44311493635177612305 0.085045389831066131592 -1.0364502668380737305 -0.62050974369049072266 -1.0212889909744262695 -0.60301053524017333984 -0.59489351511001586914 -0.25944018363952636719 -0.3509381413459777832 -0.37409299612045288086 
-0.17906612157821655273 -0.58437132835388183594 1.7016959190368652344 0.5423462986946105957 2.0679390430450439453 0.12239677459001541138 0.42338666319847106934 -0.30498668551445007324 1.1442029476165771484 -0.37831223011016845703 
-0.70461636781692504883 -1.0421308279037475586 -1.2225825786590576172 -1.7277276515960693359 -1.5635749101638793945 -0.36976784467697143555 -1.641475677490234375 -0.96353733539581298828 -2.1807413101196289062 -1.0962091684341430664 
-1.1613923311233520508 -3.4556176662445068359 0.11281877756118774414 1.1992411613464355469 0.54372429847717285156 -1.1873964071273803711 0.24811469018459320068 -1.4190171957015991211 0.26762866973876953125 0.99530112743377685547 
-0.94259530305862426758 -0.65709888935089111328 -0.98100197315216064453 -0.26941543817520141602 -1.2345482110977172852 -0.38423833250999450684 -0.23173922300338745117 -0.53296732902526855469 -0.35632693767547607422 -0.8855304718017578125 
-0.2723642885684967041 0.81535959243774414062 -1.2030298709869384766 0.11948180198669433594 -0.9054673314094543457 -0.42495873570442199707 -0.57797122001647949219 0.063280381262302398682 -0.97195398807525634766 0.044461313635110855103 
bias:
-0.63154053688049316406 
0.8059508204460144043 
0.14748825132846832275 
-2.6138389110565185547 
-1.0596115589141845703 
0.1671832352876663208 
-1.2359436750411987305 
-0.2212565690279006958 
-0.78858596086502075195 
-0.38123315572738647461 
10 1 
weights:
2.2204742431640625 -2.1661663055419921875 -3.9445033073425292969 0.64978361129760742188 -0.49126502871513366699 2.0428183078765869141 1.8240076303482055664 3.2799348831176757812 -0.91899544000625610352 -1.347314000129699707 
bias:
0.18615873157978057861 
