1 10 
weights:
1.3391338586807250977 
0.8933035731315612793 
0.48308616876602172852 
-1.5796511173248291016 
2.2250323295593261719 
-0.81011641025543212891 
0.75773453712463378906 
0.53778159618377685547 
1.8283741474151611328 
0.66275590658187866211 
bias:
0.41086524724960327148 
1.7686214447021484375 
-0.15836384892463684082 
0.27269968390464782715 
-0.6340376734733581543 
1.9386650323867797852 
1.3145951032638549805 
0.46408069133758544922 
-2.0484867095947265625 
-1.3817657232284545898 
10 10 
weights:
0.8852208256721496582 -0.20843331515789031982 -0.54355162382125854492 -0.38180488348007202148 0.27447852492332458496 1.1815024614334106445 -0.52958792448043823242 -1.1145151853561401367 1.3837517499923706055 -0.77177065610885620117 
-0.023958053439855575562 0.33683255314826965332 0.72212773561477661133 -0.0042905532754957675934 0.50181162357330322266 0.6073868870735168457 0.60186088085174560547 0.62639009952545166016 0.98292642831802368164 0.74673306941986083984 
-0.60435479879379272461 -0.51727068424224853516 0.17757025361061096191 -0.057243529707193374634 -0.66823118925094604492 0.5561377406120300293 -0.065231390297412872314 0.56657248735427856445 -0.65009731054306030273 -0.080102525651454925537 
0.11274474114179611206 -0.5553938746452331543 0.4311625361442565918 -0.04326726868748664856 -0.92993628978729248047 -1.0779027938842773438 -0.29313609004020690918 0.17175695300102233887 0.092977285385131835938 0.035196330398321151733 
-0.31383931636810302734 0.25453591346740722656 -0.13599525392055511475 -0.17927925288677215576 -0.68727171421051025391 -0.064613290131092071533 -0.4534632563591003418 0.067489378154277801514 0.50935375690460205078 -0.18527682125568389893 
-1.4162204265594482422 -1.4839084148406982422 -1.1914306879043579102 0.68345063924789428711 -1.223847508430480957 2.1092495918273925781 -1.3434425592422485352 -0.15162537992000579834 0.017965642735362052917 -0.37099936604499816895 
0.49083092808723449707 0.10576687008142471313 -0.63673126697540283203 -0.70760458707809448242 1.2775225639343261719 0.6622638702392578125 -0.2902495265007019043 -0.35386508703231811523 1.200905919075012207 -1.9932618141174316406 
0.058627862483263015747 -0.054840765893459320068 -1.0495561361312866211 -0.6790091395378112793 -0.78947138786315917969 -1.4714095592498779297 -0.45277613401412963867 -0.28646680712699890137 0.38500016927719116211 -1.1593253612518310547 
0.98789101839065551758 2.6448557376861572266 1.1695320606231689453 0.42653667926788330078 -0.037946321070194244385 -1.4568680524826049805 2.0525410175323486328 1.9315613508224487305 0.47659277915954589844 0.96206527948379516602 
0.12021575868129730225 -0.49327173829078674316 -0.9934069514274597168 0.1796652376651763916 0.9185282588005065918 3.1612398624420166016 -0.33423563838005065918 -0.31715542078018188477 1.3443744182586669922 -1.5772603750228881836 
bias:
-0.50597411394119262695 
-0.15603771805763244629 
-0.81242793798446655273 
-1.0332634449005126953 
-0.9409739375114440918 
0.27403008937835693359 
-0.83099216222763061523 
-1.69713592529296875 
-0.37381783127784729004 
-0.061915524303913116455 
10 1 
weights:
1.5053718090057373047 -0.84832376241683959961 -0.69252145290374755859 -0.40274032950401306152 0.043358303606510162354 -2.3025970458984375 1.6973236799240112305 1.4118025302886962891 -3.6026742458343505859 3.4063711166381835938 
bias:
0.92219334840774536133 
