1 10 
weights:
0.40988749265670776367 
-0.44692149758338928223 
0.42610779404640197754 
-1.6139845848083496094 
0.63373231887817382812 
0.40166261792182922363 
1.7460865974426269531 
1.5725748538970947266 
0.4089775383472442627 
-0.42983600497245788574 
bias:
-0.00075968791497871279716 
-0.6406142115592956543 
0.35712984204292297363 
-2.0040197372436523438 
-1.7262297868728637695 
-0.041236288845539093018 
0.12431358546018600464 
-1.7260667085647583008 
0.061605080962181091309 
-0.45640602707862854004 
10 10 
weights:
-0.53100216388702392578 0.056273095309734344482 -0.28883421421051025391 -1.262371063232421875 -0.39942976832389831543 -0.47352400422096252441 0.75524353981018066406 1.2522003650665283203 0.99376964569091796875 -0.057641744613647460938 
-0.94899022579193115234 0.78337115049362182617 -0.58694595098495483398 -0.84093797206878662109 -0.77166920900344848633 -0.1506404578685760498 0.4283599555492401123 1.0758442878723144531 -1.5058690309524536133 0.57942223548889160156 
-0.52743476629257202148 0.22167389094829559326 -0.84546440839767456055 -0.37663632631301879883 -0.32541409134864807129 0.050336468964815139771 -0.25653040409088134766 0.25772956013679504395 -1.1662776470184326172 0.29351538419723510742 
-0.77041411399841308594 -0.922534942626953125 -0.75536549091339111328 -0.34471881389617919922 -0.97269415855407714844 -0.042676191776990890503 0.33492711186408996582 -0.15185432136058807373 -0.58048790693283081055 0.88506025075912475586 
0.81466209888458251953 -0.38679668307304382324 0.078404508531093597412 0.43381410837173461914 0.38297367095947265625 0.82993048429489135742 -1.2284183502197265625 -0.66500550508499145508 0.67452722787857055664 -1.0698758363723754883 
0.74531751871109008789 -1.686095118522644043 1.0433074235916137695 2.0312769412994384766 1.4860543012619018555 0.68549937009811401367 -1.5711271762847900391 -0.79243260622024536133 0.32986697554588317871 -1.8134161233901977539 
1.2430210113525390625 -0.718990325927734375 0.4098148643970489502 -0.037842582911252975464 0.99160301685333251953 0.80169546604156494141 -0.60119336843490600586 -0.86399549245834350586 -0.1419330984354019165 -0.45403274893760681152 
-0.29139727354049682617 0.56046819686889648438 0.29645055532455444336 0.093876115977764129639 -0.54381906986236572266 -0.22115452587604522705 0.089585825800895690918 0.24353060126304626465 0.2306614220142364502 0.61556333303451538086 
-0.43057352304458618164 -0.043469563126564025879 -0.09662542492151260376 -1.8306678533554077148 0.43826502561569213867 -1.003117680549621582 0.44617855548858642578 0.82070380449295043945 0.48970901966094970703 -0.19869394600391387939 
0.87854307889938354492 -1.4117982387542724609 1.6466172933578491211 1.1674233675003051758 1.5021655559539794922 0.85787177085876464844 -2.0151715278625488281 -2.1870853900909423828 1.5011118650436401367 -1.1525386571884155273 
bias:
-0.67109388113021850586 
0.25600716471672058105 
-0.30860057473182678223 
-0.21009603142738342285 
-0.72094768285751342773 
-0.73669475317001342773 
0.39278656244277954102 
-0.10088311135768890381 
-0.5019537806510925293 
-0.54686939716339111328 
10 1 
weights:
1.2079824209213256836 1.6402537822723388672 0.84795868396759033203 0.70979654788970947266 -1.2903163433074951172 -2.5399711132049560547 -1.6834013462066650391 0.67971658706665039062 0.83453309535980224609 -2.8846340179443359375 
bias:
1.8571196794509887695 
