1 10 
weights:
-0.5886046290397644043 
-1.0547090768814086914 
1.0042145252227783203 
-1.1859562397003173828 
-0.43456923961639404297 
-1.3344745635986328125 
-1.8735761642456054688 
1.3820793628692626953 
0.49256610870361328125 
-1.3417009115219116211 
bias:
-1.243489384651184082 
2.7307767868041992188 
2.7391149997711181641 
0.45552933216094970703 
-0.64537626504898071289 
0.78728854656219482422 
-0.39329278469085693359 
1.6579847335815429688 
-1.1519173383712768555 
0.40366104245185852051 
10 10 
weights:
1.4612976312637329102 2.5625455379486083984 -0.79351431131362915039 -0.10893352329730987549 1.1416417360305786133 -0.27660188078880310059 -1.4425299167633056641 1.2796277999877929688 -1.3690112829208374023 -0.40189522504806518555 
0.11062426120042800903 -0.73932164907455444336 -0.1860676109790802002 0.4079437553882598877 0.21721908450126647949 -0.38709783554077148438 0.19549317657947540283 -0.35982933640480041504 -0.27653017640113830566 0.60390037298202514648 
0.51583743095397949219 -0.25699567794799804688 -1.772172093391418457 -0.25338855385780334473 0.096778385341167449951 0.023582860827445983887 -0.28442528843879699707 0.9536539912223815918 -0.32794541120529174805 0.00933495350182056427 
-0.98367124795913696289 0.27176225185394287109 -0.47742116451263427734 0.54192650318145751953 -0.3756904900074005127 0.12834939360618591309 0.24690777063369750977 -0.36871993541717529297 -0.71163660287857055664 -0.49695858359336853027 
0.30885261297225952148 -0.74716997146606445312 0.078368149697780609131 0.25086459517478942871 0.60396337509155273438 0.6347211003303527832 -0.68314492702484130859 -0.91583067178726196289 -0.10054808855056762695 -0.19089919328689575195 
-0.85752367973327636719 -1.0573430061340332031 1.0491875410079956055 -0.36493793129920959473 -0.58748859167098999023 -0.030783163383603096008 0.39865016937255859375 -1.6692111492156982422 0.7955570220947265625 1.185284733772277832 
-1.8374195098876953125 -0.33616778254508972168 2.1051256656646728516 0.70292145013809204102 -0.94761234521865844727 0.54262214899063110352 0.049287300556898117065 -0.22492484748363494873 1.0991327762603759766 1.1687005758285522461 
0.58744311332702636719 -0.55958449840545654297 0.37951374053955078125 1.4320850372314453125 0.4916865229606628418 0.70443993806838989258 -0.079712130129337310791 -0.56915682554244995117 0.77845883369445800781 1.4229040145874023438 
0.21254377067089080811 0.033603426069021224976 -0.90108722448348999023 -0.41599670052528381348 -0.37901079654693603516 -0.62016302347183227539 -0.12698104977607727051 -0.34671807289123535156 -0.51570647954940795898 -0.11951992660760879517 
0.51815378665924072266 0.4951998591423034668 -0.037964291870594024658 -0.41535159945487976074 1.417424321174621582 -0.4947611689567565918 -1.1360197067260742188 -0.023260204121470451355 -0.15583278238773345947 -0.24015203118324279785 
bias:
-0.24431371688842773438 
-1.2369086742401123047 
0.31157189607620239258 
-0.83277559280395507812 
-0.49540364742279052734 
-0.067039787769317626953 
-0.78438866138458251953 
-0.67131990194320678711 
-0.15631814301013946533 
-0.20072087645530700684 
10 1 
weights:
3.6510610580444335938 -0.086827710270881652832 1.0148644447326660156 -0.096212975680828094482 -0.2594655156135559082 -1.6915138959884643555 -2.5448243618011474609 -1.7321664094924926758 1.1772046089172363281 0.98716723918914794922 
bias:
0.14025230705738067627 
