1 10 
weights:
-0.82429391145706176758 
1.3722033500671386719 
0.53352940082550048828 
0.45561417937278747559 
-1.4702129364013671875 
0.40042066574096679688 
-0.41894710063934326172 
0.41276416182518005371 
-0.71867257356643676758 
-1.9122422933578491211 
bias:
2.2534539699554443359 
1.2485001087188720703 
1.056026458740234375 
0.63438749313354492188 
1.3804112672805786133 
-0.70858281850814819336 
-0.48144823312759399414 
-0.87336844205856323242 
-1.7620072364807128906 
-0.080366216599941253662 
10 10 
weights:
-0.78416162729263305664 0.17539350688457489014 -0.40218195319175720215 -0.45422717928886413574 -0.28175106644630432129 -0.093044146895408630371 0.74342513084411621094 -0.075675442814826965332 0.23141048848628997803 0.015638196840882301331 
-0.049543891102075576782 -1.086842656135559082 -0.59452682733535766602 0.026580724865198135376 0.44365894794464111328 -0.24820975959300994873 -0.63437598943710327148 0.70016813278198242188 -0.2650718390941619873 0.38033205270767211914 
-1.78133392333984375 -2.1045424938201904297 1.3458503484725952148 0.45287111401557922363 1.1102486848831176758 0.18343231081962585449 -1.0947892665863037109 0.49169334769248962402 -0.92162698507308959961 0.52281242609024047852 
-0.25828301906585693359 -1.0999019145965576172 -1.0374046564102172852 -0.6311518549919128418 -0.046648461371660232544 -0.88377726078033447266 -0.74256438016891479492 -0.39759361743927001953 -0.39561551809310913086 -0.054298222064971923828 
0.23138600587844848633 1.0753158330917358398 -0.71813881397247314453 -0.86479371786117553711 -0.48838672041893005371 0.37837469577789306641 0.33067458868026733398 -0.27987930178642272949 0.56251990795135498047 -0.37960848212242126465 
-0.76610320806503295898 -0.30096465349197387695 -0.097288541495800018311 0.22600911557674407959 1.3253500461578369141 0.30128178000450134277 -0.69108676910400390625 0.46713081002235412598 -0.85592317581176757812 0.33884072303771972656 
-1.1903597116470336914 -0.028187995776534080505 0.50017064809799194336 0.034161310642957687378 1.2613331079483032227 -0.33457076549530029297 0.076078206300735473633 0.45854297280311584473 -0.72129875421524047852 -0.29084578156471252441 
-1.6382962465286254883 -2.6655964851379394531 1.1531325578689575195 1.6819603443145751953 2.6058087348937988281 0.619739532470703125 -1.288254857063293457 1.2496721744537353516 -2.2576396465301513672 0.69874739646911621094 
-1.2305040359497070312 -0.68122380971908569336 0.33151340484619140625 0.49493053555488586426 0.13249820470809936523 0.25085350871086120605 -0.30706501007080078125 0.79605132341384887695 -0.62002396583557128906 0.69197946786880493164 
-1.3575558662414550781 -2.0269687175750732422 0.40579727292060852051 1.3533666133880615234 0.63764518499374389648 0.218568459153175354 -0.97016721963882446289 0.72483491897583007812 -0.28971660137176513672 0.21953569352626800537 
bias:
-0.68578231334686279297 
-0.48960298299789428711 
0.3507703244686126709 
-1.7347179651260375977 
-0.68147325515747070312 
-0.2533569633960723877 
-0.44917178153991699219 
-0.2820434272289276123 
-0.79022294282913208008 
-0.29678964614868164062 
10 1 
weights:
0.55503433942794799805 -0.52743232250213623047 -2.1749398708343505859 1.3667150735855102539 1.2276048660278320312 -1.0409634113311767578 -0.68993276357650756836 -3.1957287788391113281 -0.82059681415557861328 -1.7126601934432983398 
bias:
3.4935069084167480469 
