1 10 
weights:
1.8982673883438110352 
0.52020823955535888672 
1.0306346416473388672 
1.1112309694290161133 
-0.69161945581436157227 
1.4032915830612182617 
1.3892763853073120117 
0.53923451900482177734 
-1.7658662796020507812 
1.2631586790084838867 
bias:
-0.79678684473037719727 
0.36458259820938110352 
2.6945033073425292969 
-2.8567328453063964844 
1.4757723808288574219 
-0.74840587377548217773 
1.5849599838256835938 
0.29581964015960693359 
0.98063933849334716797 
0.38096132874488830566 
10 10 
weights:
0.98544353246688842773 0.18925163149833679199 -0.72136688232421875 -0.34330719709396362305 -0.14427277445793151855 1.0047311782836914062 -0.14218357205390930176 -0.57785749435424804688 -1.2768455743789672852 0.12842923402786254883 
0.84207880496978759766 -0.33793941140174865723 -0.6032015681266784668 0.85090738534927368164 -0.025008020922541618347 1.0511609315872192383 1.0274488925933837891 0.19627554714679718018 -0.82006049156188964844 1.5093802213668823242 
-1.3634220361709594727 0.84243863821029663086 0.63540816307067871094 2.4193804264068603516 -2.1759409904479980469 -0.041557017713785171509 -1.5851998329162597656 1.3926854133605957031 0.62628823518753051758 -0.63712751865386962891 
0.14762824773788452148 0.7100811004638671875 2.5124630928039550781 0.54557758569717407227 -0.5149256587028503418 0.55496203899383544922 0.91434806585311889648 0.9039242863655090332 -0.39152267575263977051 1.1539521217346191406 
-0.9085547327995300293 -0.26621493697166442871 -0.79884672164916992188 0.63781034946441650391 -1.1813932657241821289 -0.92966091632843017578 -0.22150291502475738525 -0.800189971923828125 -1.1639887094497680664 -0.063813358545303344727 
0.3767363131046295166 -0.48516419529914855957 -1.2124925851821899414 0.25307190418243408203 0.2229404151439666748 0.029428593814373016357 -0.059100162237882614136 -0.1721194535493850708 -0.38466989994049072266 -0.87173813581466674805 
0.57019752264022827148 -0.66502618789672851562 -1.9442919492721557617 0.092856585979461669922 -0.78922802209854125977 -0.79548525810241699219 -0.11854438483715057373 -0.77251154184341430664 -0.65373331308364868164 -0.26386603713035583496 
-0.1149805113673210144 -0.18794532120227813721 -0.78426659107208251953 1.7321417331695556641 -0.95355713367462158203 0.22726263105869293213 -0.37075495719909667969 0.21787913143634796143 -0.1478036344051361084 0.46617072820663452148 
-0.75736236572265625 0.40563568472862243652 1.7479614019393920898 -0.05119816213846206665 -0.38752272725105285645 -0.4702936708927154541 0.85332250595092773438 1.7355200052261352539 1.1781646013259887695 -0.51055681705474853516 
-1.2846850156784057617 -1.3426015377044677734 -1.676485896110534668 -0.94747984409332275391 -1.9495424032211303711 -0.65380400419235229492 -0.80708932876586914062 -1.7224050760269165039 -1.9792593717575073242 -0.40832164883613586426 
bias:
-0.63014143705368041992 
0.17382153868675231934 
-0.17049275338649749756 
0.23235134780406951904 
-1.8214060068130493164 
-0.068751759827136993408 
-0.78383469581604003906 
-0.86602538824081420898 
-0.58107322454452514648 
-3.2856459617614746094 
10 1 
weights:
1.5792405605316162109 2.1689112186431884766 -3.2702968120574951172 -2.8737637996673583984 1.2210841178894042969 0.66134715080261230469 1.0572832822799682617 -1.0449037551879882812 -1.8250650167465209961 3.2220220565795898438 
bias:
3.2344744205474853516 
