1 10 
weights:
0.35367590188980102539 
-0.34684446454048156738 
1.3163789510726928711 
0.34888479113578796387 
-1.3137326240539550781 
-0.35914981365203857422 
-0.42507600784301757812 
0.4292939603328704834 
0.55771493911743164062 
-0.35201892256736755371 
bias:
0.28243303298950195312 
0.12232799828052520752 
-1.0983023643493652344 
-0.12705565989017486572 
-0.88836503028869628906 
-0.34810566902160644531 
0.76405245065689086914 
-0.75895589590072631836 
1.3627917766571044922 
0.12777279317378997803 
10 10 
weights:
0.33245918154716491699 1.000845789909362793 -0.33270508050918579102 -0.023578751832246780396 0.94331759214401245117 -0.60410773754119873047 -0.61149477958679199219 -0.98287749290466308594 -0.31413310766220092773 -0.86199533939361572266 
0.90508294105529785156 -0.78006458282470703125 -0.5042145848274230957 -0.012958140112459659576 0.34301656484603881836 -0.074527271091938018799 -0.78539961576461791992 0.83593153953552246094 -0.15427196025848388672 -0.70686864852905273438 
-0.55417329072952270508 -0.91937214136123657227 -0.94732385873794555664 1.0262888669967651367 0.87032747268676757812 -0.73757845163345336914 0.071806453168392181396 -0.051977399736642837524 -0.59053301811218261719 0.017038242891430854797 
0.61956864595413208008 0.07017154991626739502 -0.79470092058181762695 -0.41424828767776489258 1.4354704618453979492 -0.71541017293930053711 -0.60266846418380737305 0.41133251786231994629 0.53768533468246459961 -0.14376358687877655029 
0.47556415200233459473 0.49579125642776489258 -0.80033040046691894531 0.89044350385665893555 1.3329365253448486328 -0.3075885474681854248 -0.77349710464477539062 1.3419280052185058594 -0.16557523608207702637 -1.0716682672500610352 
-1.3433845043182373047 1.6851547956466674805 3.0372812747955322266 -0.96822625398635864258 -2.6268992424011230469 1.6706545352935791016 0.93744510412216186523 -1.4723633527755737305 -1.5233849287033081055 1.2015969753265380859 
-1.2263025045394897461 1.367753148078918457 2.1411302089691162109 -1.7851269245147705078 -2.9445383548736572266 0.61003315448760986328 1.5459275245666503906 -0.15810796618461608887 -1.3751600980758666992 1.5521079301834106445 
-0.90423196554183959961 -0.05746296420693397522 -0.4546985328197479248 -0.55332845449447631836 -0.19850279390811920166 0.2505391538143157959 0.6794503331184387207 -0.32398012280464172363 0.6953271031379699707 -0.82710933685302734375 
-0.77784925699234008789 0.1103388369083404541 -0.55176442861557006836 -0.5239575505256652832 -0.80960810184478759766 -0.3739916384220123291 -0.5912253260612487793 0.29001569747924804688 -0.68541824817657470703 -0.1516068577766418457 
-0.06024993211030960083 -0.20859837532043457031 0.53626430034637451172 -0.11695421487092971802 -0.1047123149037361145 0.79445409774780273438 -0.095594778656959533691 1.0594421625137329102 -0.25247678160667419434 0.67062073945999145508 
bias:
-0.59359335899353027344 
-0.33661219477653503418 
0.33310550451278686523 
-0.9721381068229675293 
-0.40917882323265075684 
-0.39717873930931091309 
-0.013244388625025749207 
0.0069925272837281227112 
0.42298901081085205078 
-0.12373866885900497437 
10 1 
weights:
-0.65103113651275634766 -1.1895251274108886719 -0.82517635822296142578 -1.3877519369125366211 -1.6389483213424682617 3.4424517154693603516 2.8804531097412109375 0.034543331712484359741 0.21126450598239898682 -0.52624952793121337891 
bias:
-0.50605219602584838867 
