1 10 
weights:
0.62786597013473510742 
0.97741997241973876953 
1.3279076814651489258 
0.65545088052749633789 
1.5838958024978637695 
0.77818626165390014648 
0.995693206787109375 
-1.3391261100769042969 
0.69906324148178100586 
1.1699379682540893555 
bias:
-1.4753451347351074219 
2.4484341144561767578 
-1.4625567197799682617 
0.88830935955047607422 
-0.068942308425903320312 
1.4367150068283081055 
-2.9237184524536132812 
1.0411188602447509766 
-1.9597269296646118164 
1.1697711944580078125 
10 10 
weights:
0.36019077897071838379 0.11594189703464508057 -0.23199662566184997559 0.26899948716163635254 -0.63338690996170043945 0.46351647377014160156 1.2927778959274291992 0.4401340782642364502 0.3745619356632232666 -0.054133005440235137939 
0.50889897346496582031 0.6542332768440246582 0.77045017480850219727 0.44955673813819885254 1.3462898731231689453 1.3853298425674438477 0.60761374235153198242 0.56031966209411621094 0.9675496220588684082 1.3407460451126098633 
0.37167823314666748047 -0.48986375331878662109 1.1062096357345581055 1.0427993535995483398 0.56912177801132202148 1.0040618181228637695 -0.080529749393463134766 -1.4060976505279541016 0.3837833106517791748 1.6777155399322509766 
-0.4731394648551940918 0.024175556376576423645 -0.075628370046615600586 -0.72260367870330810547 0.20305076241493225098 0.41014018654823303223 -0.0083592887967824935913 -0.24772797524929046631 -0.28764018416404724121 0.25716564059257507324 
0.50382071733474731445 0.63566362857818603516 -0.10843064635992050171 0.51123791933059692383 0.15843985974788665771 0.53036999702453613281 0.36719405651092529297 0.65255922079086303711 0.74989277124404907227 0.099189080297946929932 
1.1981670856475830078 1.0410066843032836914 -0.5444049835205078125 0.21322415769100189209 -0.63330054283142089844 0.53043895959854125977 1.2811948060989379883 -0.23487471044063568115 0.94722849130630493164 -1.7439525127410888672 
-0.59015113115310668945 -1.9507999420166015625 1.1059782505035400391 -1.4304950237274169922 1.1349080801010131836 -0.67138868570327758789 -0.76823753118515014648 -0.48427188396453857422 -1.0880569219589233398 0.1247870326042175293 
0.019324781373143196106 -0.64925879240036010742 0.77793407440185546875 -0.41736066341400146484 -0.51970273256301879883 -0.004420130513608455658 -0.53318828344345092773 -0.2572841346263885498 -0.37026414275169372559 0.37080207467079162598 
0.28624272346496582031 -1.6293358802795410156 0.52137523889541625977 -1.2519321441650390625 0.75679963827133178711 -1.0408406257629394531 0.02279013022780418396 -0.044817332178354263306 -0.297664642333984375 -0.45441988110542297363 
-1.6773532629013061523 -0.53982448577880859375 1.7164572477340698242 -0.23798459768295288086 1.0159959793090820312 0.83873057365417480469 -1.9902650117874145508 -1.0481166839599609375 -1.4058638811111450195 0.25939324498176574707 
bias:
-0.74199354648590087891 
-0.60543680191040039062 
-0.41604366898536682129 
-1.1623300313949584961 
-0.068745672702789306641 
-1.0045781135559082031 
0.66646438837051391602 
-0.68687593936920166016 
0.071750432252883911133 
-0.1424302905797958374 
10 1 
weights:
-1.3064935207366943359 -1.2257233858108520508 2.1406383514404296875 0.35799136757850646973 -2.2928009033203125 -1.7316359281539916992 3.9214932918548583984 0.65009069442749023438 1.3408263921737670898 2.2790617942810058594 
bias:
1.2231458425521850586 
