1 10 
weights:
0.66866797208786010742 
0.51539242267608642578 
0.88434422016143798828 
0.76832711696624755859 
1.283415675163269043 
1.7014807462692260742 
0.46334081888198852539 
0.91923612356185913086 
1.3969342708587646484 
0.54993087053298950195 
bias:
1.088573455810546875 
0.39125785231590270996 
-2.5088853836059570312 
-2.1789906024932861328 
1.1043201684951782227 
-0.013192029669880867004 
0.036314774304628372192 
2.1907777786254882812 
-1.2712401151657104492 
0.84550273418426513672 
10 10 
weights:
-0.38928392529487609863 0.041896820068359375 -0.36129492521286010742 0.09194479137659072876 1.3009235858917236328 0.37495416402816772461 -0.73375010490417480469 0.48354300856590270996 1.1648539304733276367 -0.74166667461395263672 
-1.6494531631469726562 -0.97278100252151489258 -0.41763210296630859375 -0.93355256319046020508 1.0920827388763427734 0.6315129399299621582 -0.82646214962005615234 -1.0185499191284179688 2.1680612564086914062 -0.32549560070037841797 
0.62246978282928466797 0.58001983165740966797 0.62979537248611450195 0.805927276611328125 0.75030165910720825195 -0.1528984755277633667 1.4376798868179321289 1.0247806310653686523 -0.12534061074256896973 0.31521528959274291992 
-0.55073499679565429688 -0.91396427154541015625 -0.31548106670379638672 0.5017960667610168457 1.2137688398361206055 0.060263562947511672974 0.042882170528173446655 -0.63740772008895874023 -0.16223478317260742188 -0.43880164623260498047 
0.18298731744289398193 -0.23599132895469665527 -0.081697449088096618652 -0.56961458921432495117 0.60254716873168945312 0.33554857969284057617 -0.49877068400382995605 -0.84072983264923095703 -0.80848783254623413086 -0.21731480956077575684 
-0.75127637386322021484 -0.5121625065803527832 -0.26983076333999633789 -0.3525778353214263916 1.3729017972946166992 0.76079338788986206055 -0.42990410327911376953 -1.1847416162490844727 0.18529920279979705811 -0.80920618772506713867 
0.056282564997673034668 0.043948676437139511108 1.8135508298873901367 1.6261235475540161133 -2.4495890140533447266 -0.55365401506423950195 0.67203503847122192383 0.82704573869705200195 -0.72599393129348754883 0.66567909717559814453 
-0.70062011480331420898 -0.79329496622085571289 -1.3764871358871459961 -1.359574437141418457 2.1429917812347412109 0.44855639338493347168 -0.19437652826309204102 -1.4308209419250488281 2.2242085933685302734 -0.63112372159957885742 
-0.55432152748107910156 -0.86780512332916259766 0.30616959929466247559 -0.52043056488037109375 0.46169796586036682129 0.72039312124252319336 -0.38251277804374694824 -1.3485850095748901367 -0.12232658267021179199 -0.41872569918632507324 
-0.25032517313957214355 -0.27076715230941772461 -0.26256310939788818359 -0.34085354208946228027 -0.224874153733253479 0.42258408665657043457 -0.45752695202827453613 -0.76761496067047119141 0.029727807268500328064 -0.57219976186752319336 
bias:
-0.53803533315658569336 
0.06361363828182220459 
0.38197922706604003906 
-0.41090175509452819824 
-0.3476778566837310791 
-0.19328913092613220215 
-0.64675486087799072266 
0.37096360325813293457 
-0.025598322972655296326 
0.1527163088321685791 
10 1 
weights:
1.2668673992156982422 2.142223358154296875 -1.6686797142028808594 0.61982697248458862305 0.54249131679534912109 1.4511274099349975586 -2.608394622802734375 2.7620861530303955078 1.1544628143310546875 0.53265899419784545898 
bias:
-0.52580356597900390625 
