1 10 
weights:
2.0860970020294189453 
0.5802618861198425293 
1.87879180908203125 
-0.54288744926452636719 
0.5489959716796875 
-1.5298581123352050781 
-1.7945141792297363281 
-1.7097465991973876953 
-0.44339409470558166504 
-0.58757662773132324219 
bias:
0.09039446711540222168 
1.2231137752532958984 
-0.62515366077423095703 
-1.0888297557830810547 
-1.1228826045989990234 
-1.9172682762145996094 
-1.0340458154678344727 
2.1145484447479248047 
-0.27144721150398254395 
1.1387027502059936523 
10 10 
weights:
-0.18543677031993865967 1.0596865415573120117 -0.70310735702514648438 -1.4201917648315429688 1.5429109334945678711 1.6481994390487670898 0.82461524009704589844 0.88071280717849731445 -1.1464748382568359375 -2.1374351978302001953 
0.69533771276473999023 -0.35128200054168701172 -0.47675970196723937988 0.69236052036285400391 0.3621527254581451416 0.28132098913192749023 1.297587275505065918 -0.47629570960998535156 0.28044649958610534668 0.46396484971046447754 
-0.14778976142406463623 -0.99622440338134765625 -0.95022207498550415039 -0.19630044698715209961 0.027383353561162948608 0.81271737813949584961 -0.48229521512985229492 -0.05310134589672088623 -0.50832867622375488281 -0.13574038445949554443 
0.16590031981468200684 -0.74718487262725830078 0.16634905338287353516 0.50803411006927490234 -0.038544710725545883179 -0.82737213373184204102 -0.33574247360229492188 -0.44096583127975463867 0.75325506925582885742 0.18506993353366851807 
-0.55513364076614379883 1.050505518913269043 0.11235590279102325439 -0.00092730746837332844734 1.0231258869171142578 0.43521025776863098145 0.82198256254196166992 0.60840475559234619141 -1.0059087276458740234 -0.83731490373611450195 
-1.0880274772644042969 -0.30388355255126953125 -0.27500137686729431152 -0.25212457776069641113 0.35801446437835693359 0.65543198585510253906 0.62243646383285522461 0.51746767759323120117 0.05599679797887802124 -0.0087106721475720405579 
0.023554906249046325684 -0.01224183104932308197 -0.77280217409133911133 0.044906940311193466187 0.29250705242156982422 -0.29310524463653564453 0.56772589683532714844 -0.79388457536697387695 -0.18287490308284759521 -0.14609774947166442871 
-0.25152176618576049805 1.0237255096435546875 0.13757328689098358154 -1.6018829345703125 0.34567335247993469238 1.1827448606491088867 1.2825515270233154297 1.1556886434555053711 -1.3482519388198852539 -1.9123184680938720703 
0.79036664962768554688 -2.1322910785675048828 1.6451573371887207031 2.1132314205169677734 -2.0684304237365722656 -0.88499611616134643555 -0.68591445684432983398 -1.684765934944152832 1.6717766523361206055 1.2124886512756347656 
-0.34958657622337341309 -1.0576720237731933594 -0.31186455488204956055 -0.28132489323616027832 -0.72866404056549072266 -0.11563165485858917236 0.004506566561758518219 -0.57203370332717895508 -0.3035348355770111084 -0.66032630205154418945 
bias:
-0.57583755254745483398 
0.48635697364807128906 
-0.75119137763977050781 
-0.89813512563705444336 
-1.5559846162796020508 
-0.80980622768402099609 
-0.43497526645660400391 
-0.53204381465911865234 
-0.036415036767721176147 
0.1964333951473236084 
10 1 
weights:
-2.3178467750549316406 1.1913976669311523438 -0.071407809853553771973 0.94468480348587036133 -1.3107817173004150391 -0.71458792686462402344 -0.083186171948909759521 -1.9670575857162475586 3.2260589599609375 0.24749378859996795654 
bias:
-0.21639901399612426758 
