1 10 
weights:
1.3881189823150634766 
0.60333913564682006836 
0.59815996885299682617 
0.99935960769653320312 
-1.4512636661529541016 
0.41722545027732849121 
1.8386236429214477539 
0.87338942289352416992 
-0.39190644025802612305 
0.61934810876846313477 
bias:
1.4774347543716430664 
-1.647101283073425293 
0.9342212677001953125 
-2.5172936916351318359 
1.1067926883697509766 
-0.48428934812545776367 
-0.0083447871729731559753 
2.2937717437744140625 
0.1750256270170211792 
0.3702252805233001709 
10 10 
weights:
-1.6769328117370605469 -0.56418079137802124023 -1.4934735298156738281 -0.7822850346565246582 -1.7988411188125610352 -0.97232913970947265625 -0.85232841968536376953 -1.5224348306655883789 -0.25740110874176025391 -1.5523325204849243164 
-0.088367529213428497314 -0.49680110812187194824 -0.43846800923347473145 -0.035010635852813720703 -1.1667882204055786133 -0.023467600345611572266 -0.90029323101043701172 -0.75860619544982910156 0.3182290196418762207 0.65676176548004150391 
-1.1038898229598999023 0.38174942135810852051 0.94376468658447265625 0.5870787501335144043 1.2828040122985839844 0.40756973624229431152 -0.1258049309253692627 1.2677402496337890625 -1.0296386480331420898 -0.21424843370914459229 
-1.9169471263885498047 -0.6142451167106628418 -0.95249927043914794922 -1.1726299524307250977 -1.0956016778945922852 -1.6468942165374755859 -1.3190387487411499023 -0.88722878694534301758 -2.2544772624969482422 -2.0659430027008056641 
-1.7827371358871459961 -0.27664679288864135742 -0.9936631321907043457 -1.6917045116424560547 -1.3727973699569702148 -1.0119419097900390625 -0.24326920509338378906 -1.3338563442230224609 -0.78435117006301879883 -0.32983034849166870117 
-1.6779260635375976562 0.58923727273941040039 -1.5966435670852661133 -0.075187399983406066895 0.29855105280876159668 -0.50053507089614868164 -0.19492964446544647217 -1.001224517822265625 -0.86117070913314819336 -0.60890066623687744141 
-1.3183916807174682617 -1.0170681476593017578 -1.2733681201934814453 -0.49220678210258483887 0.65010160207748413086 -1.0547770261764526367 -0.36592683196067810059 -1.9147397279739379883 0.35141801834106445312 -1.4712594747543334961 
-2.2723495960235595703 1.5279191732406616211 1.0416150093078613281 2.5108249187469482422 1.2967236042022705078 1.4488500356674194336 -1.3770442008972167969 0.59526807069778442383 -0.92130464315414428711 0.16065527498722076416 
0.74592602252960205078 0.033105045557022094727 0.023682985454797744751 0.87329983711242675781 -1.4001365900039672852 0.3255812525749206543 0.64550304412841796875 0.12421382218599319458 -1.5803081989288330078 0.27970874309539794922 
-0.71433538198471069336 -0.46736967563629150391 0.056294132024049758911 -0.77021998167037963867 0.34765949845314025879 -1.6332476139068603516 -0.68851381540298461914 -0.69985091686248779297 0.039896260946989059448 -1.194178462028503418 
bias:
-2.0019462108612060547 
-0.59482550621032714844 
-0.78034222126007080078 
-1.3847980499267578125 
-2.3932864665985107422 
-0.22690257430076599121 
-0.14359073340892791748 
-1.4205080270767211914 
-0.28008052706718444824 
-0.30160784721374511719 
10 1 
weights:
-0.36356115341186523438 0.88856410980224609375 -2.4246408939361572266 -0.71298205852508544922 -0.17085881531238555908 1.0386828184127807617 2.2798266410827636719 -3.7786779403686523438 1.7427947521209716797 0.76527166366577148438 
bias:
1.8319303989410400391 
