1 10 
weights:
0.43452274799346923828 
-0.44430324435234069824 
1.5675814151763916016 
0.74106138944625854492 
-0.47763872146606445312 
1.7409642934799194336 
-1.6226365566253662109 
1.7907853126525878906 
-0.44783842563629150391 
0.64146703481674194336 
bias:
0.08012720942497253418 
-0.67455649375915527344 
1.1544076204299926758 
-2.0056409835815429688 
0.37420377135276794434 
-0.18525826930999755859 
-1.8389966487884521484 
-2.2857286930084228516 
-0.45616611838340759277 
1.5686258077621459961 
10 10 
weights:
0.01959292776882648468 0.90898740291595458984 0.50979012250900268555 0.33023181557655334473 0.795513153076171875 0.066249415278434753418 0.85400539636611938477 1.5868784189224243164 1.0608921051025390625 0.24901418387889862061 
-1.1472774744033813477 0.18376126885414123535 -0.68232047557830810547 -0.58363652229309082031 0.41455072164535522461 1.1472342014312744141 -0.2315282672643661499 1.6894319057464599609 0.95467513799667358398 -1.5805383920669555664 
-0.64782911539077758789 -0.55564856529235839844 -0.45455154776573181152 -0.029651714488863945007 -0.83800089359283447266 -1.0937944650650024414 0.077188171446323394775 -0.012879617512226104736 0.32345756888389587402 -0.48984661698341369629 
0.4384269416332244873 0.031194146722555160522 -0.74075329303741455078 1.3474944829940795898 -0.89635735750198364258 -0.37469303607940673828 0.57685190439224243164 -0.63953226804733276367 -0.48046949505805969238 0.26841977238655090332 
-1.1725782155990600586 0.80191648006439208984 0.16574600338935852051 -1.3990572690963745117 1.007346034049987793 1.4948347806930541992 -0.68849223852157592773 0.58998942375183105469 -0.40623784065246582031 -0.3880329132080078125 
-1.6276156902313232422 1.7657797336578369141 0.43766179680824279785 -1.9279574155807495117 0.82163953781127929688 2.5246770381927490234 -0.82219195365905761719 1.8500844240188598633 1.0176509618759155273 -1.8895004987716674805 
-1.3774583339691162109 -0.55418491363525390625 -0.55023407936096191406 -0.81422013044357299805 -0.55912917852401733398 0.068182677030563354492 -0.090197980403900146484 0.090462364256381988525 -0.28437405824661254883 -0.78844058513641357422 
-0.059950314462184906006 -0.42867159843444824219 -0.38926860690116882324 -0.44724610447883605957 0.005977014545351266861 -0.4830449521541595459 -0.2962608039379119873 -0.42714339494705200195 -1.3219609260559082031 -0.40959441661834716797 
-0.79229736328125 0.89182478189468383789 0.57033509016036987305 -0.65742343664169311523 1.22313690185546875 1.4313924312591552734 -1.3230614662170410156 0.55479323863983154297 0.9260158538818359375 -1.2164360284805297852 
-0.26197147369384765625 1.1538714170455932617 1.1259485483169555664 -0.85428053140640258789 0.79263257980346679688 -0.01289335545152425766 -0.74882268905639648438 -0.38546311855316162109 1.1259930133819580078 -0.38546743988990783691 
bias:
1.3907628059387207031 
-1.0360150337219238281 
-0.34803536534309387207 
0.013174784369766712189 
-0.88413244485855102539 
-1.0547727346420288086 
-1.3100746870040893555 
-0.49575215578079223633 
-0.23140451312065124512 
-0.25205856561660766602 
10 1 
weights:
-2.768657684326171875 1.6849035024642944336 -0.29388946294784545898 -1.2487659454345703125 1.305825352668762207 2.6918010711669921875 3.1351964473724365234 -0.12217770516872406006 2.6399965286254882812 1.4164483547210693359 
bias:
-1.3206298351287841797 
