1 10 
weights:
0.56836336851119995117 
0.58988654613494873047 
0.82617789506912231445 
1.5005517005920410156 
0.48415783047676086426 
0.52926540374755859375 
0.58356559276580810547 
0.4887332618236541748 
1.7376836538314819336 
1.6356939077377319336 
bias:
-1.3727617263793945312 
-1.4937871694564819336 
2.0075626373291015625 
1.6921724081039428711 
-0.83946311473846435547 
0.27229928970336914062 
-1.360924839973449707 
-0.092708967626094818115 
-0.098454117774963378906 
-1.9096596240997314453 
10 10 
weights:
-1.2546060085296630859 -1.5080908536911010742 -0.84587568044662475586 1.68766021728515625 -1.1432892084121704102 -0.8213653564453125 -1.9858881235122680664 -0.65337598323822021484 2.0664389133453369141 1.3354890346527099609 
0.47589591145515441895 -0.012554496526718139648 -0.77390420436859130859 -1.0931702852249145508 -0.076644115149974822998 0.39969328045845031738 0.090923897922039031982 0.0036725958343595266342 -0.16738067567348480225 0.24289725720882415771 
-0.6370461583137512207 0.082229025661945343018 -0.10713373124599456787 0.42461276054382324219 0.43822467327117919922 0.40823313593864440918 -1.0789831876754760742 -0.71612203121185302734 0.23412106931209564209 -0.0082089351490139961243 
0.16149240732192993164 -0.31003135442733764648 0.23192463815212249756 -1.7034581899642944336 0.21435719728469848633 0.52214276790618896484 -0.18519216775894165039 0.47223359346389770508 -0.29270073771476745605 -1.1687592267990112305 
-0.39721190929412841797 0.23743790388107299805 -0.24996270239353179932 0.36543875932693481445 0.4986591339111328125 -0.17352205514907836914 0.099091328680515289307 0.66183733940124511719 0.56933343410491943359 0.48430615663528442383 
-1.6373291015625 -1.4972950220108032227 -0.26830843091011047363 0.58443713188171386719 -0.83683955669403076172 -0.19018371403217315674 -1.2642059326171875 -1.2896208763122558594 1.4166345596313476562 2.2986457347869873047 
0.40476506948471069336 0.2678190767765045166 -0.68606042861938476562 1.6091321706771850586 0.79844433069229125977 -0.041703384369611740112 0.77241492271423339844 0.55871641635894775391 0.78968161344528198242 1.234162449836730957 
-1.0779343843460083008 -1.1606311798095703125 -0.71278935670852661133 -0.26663917303085327148 -0.9784234166145324707 -0.38433215022087097168 -0.15129056572914123535 -1.2890971899032592773 1.3378801345825195312 0.69846242666244506836 
-0.13433361053466796875 -0.10782149434089660645 -0.14960828423500061035 0.15142785012722015381 -0.16201184689998626709 -1.0910226106643676758 -0.7579377293586730957 -0.19416208565235137939 0.06471363455057144165 0.47217464447021484375 
0.68841183185577392578 1.1466109752655029297 2.2786791324615478516 -0.054048117250204086304 0.85394650697708129883 1.3881163597106933594 0.70473903417587280273 1.37921142578125 0.49181079864501953125 0.32568243145942687988 
bias:
0.78085631132125854492 
-0.93239098787307739258 
-1.4349102973937988281 
-0.61890101432800292969 
-0.6339423060417175293 
0.16714183986186981201 
-0.64345926046371459961 
-0.019908012822270393372 
-0.1501652449369430542 
-0.76077973842620849609 
10 1 
weights:
2.6695687770843505859 -0.021364783868193626404 0.58009451627731323242 -1.1099210977554321289 0.52176994085311889648 2.3334982395172119141 1.6474157571792602539 2.0518975257873535156 0.71600550413131713867 -3.2649424076080322266 
bias:
-1.4575750827789306641 
