1 10 
weights:
0.58224695920944213867 
1.5138703584671020508 
-0.34948629140853881836 
1.1067905426025390625 
1.3200660943984985352 
1.4662894010543823242 
0.70959097146987915039 
0.72537946701049804688 
0.48519077897071838379 
-0.40817859768867492676 
bias:
-1.3405541181564331055 
0.33744549751281738281 
-0.096201829612255096436 
-2.9004242420196533203 
1.6009118556976318359 
-1.0243346691131591797 
1.7027878761291503906 
1.8237354755401611328 
0.83631438016891479492 
-0.61900359392166137695 
10 10 
weights:
-0.44207689166069030762 0.82442796230316162109 1.0211554765701293945 -0.14461585879325866699 0.82745081186294555664 0.78447884321212768555 -1.6160694360733032227 -1.3704694509506225586 -0.6401812434196472168 0.88924932479858398438 
0.61877804994583129883 -0.81532108783721923828 -0.70434623956680297852 0.69000715017318725586 -0.61552673578262329102 -0.52899736166000366211 0.47897645831108093262 -0.18382076919078826904 -0.0070116035640239715576 -0.4148603975772857666 
0.71658879518508911133 -1.1866438388824462891 0.009172961115837097168 1.0971740484237670898 -1.1949198246002197266 -0.59732198715209960938 0.56234312057495117188 0.69602912664413452148 0.39205130934715270996 -1.6171431541442871094 
0.13289977610111236572 -0.40209248661994934082 1.0184437036514282227 0.085515432059764862061 -0.072550766170024871826 0.037116512656211853027 0.22520098090171813965 -0.89219117164611816406 -0.10501878708600997925 0.68487089872360229492 
1.5594238042831420898 -1.6282738447189331055 -0.99204659461975097656 2.4530344009399414062 -1.8250632286071777344 -1.3728818893432617188 0.73746466636657714844 0.72868353128433227539 1.6198047399520874023 -0.63945114612579345703 
1.3120306730270385742 1.1313270330429077148 -1.1072356700897216797 0.56403589248657226562 0.50168144702911376953 1.4070824384689331055 -1.1561226844787597656 -0.31005904078483581543 -0.41956961154937744141 -0.50604230165481567383 
0.91681236028671264648 0.5491695404052734375 0.042480617761611938477 -0.25845000147819519043 0.003413166385143995285 1.3428119421005249023 -0.72433310747146606445 -0.04577177390456199646 -0.86524748802185058594 0.37989547848701477051 
-0.56738686561584472656 -0.27917757630348205566 -0.35535719990730285645 0.8945820927619934082 -0.21270824968814849854 -0.29770183563232421875 0.59258854389190673828 -0.88744950294494628906 -1.0616309642791748047 0.034605164080858230591 
0.74076581001281738281 0.77945125102996826172 0.8670800328254699707 0.41164001822471618652 0.65282928943634033203 0.49191573262214660645 0.96859788894653320312 0.84101837873458862305 0.35535219311714172363 0.56874847412109375 
0.28986734151840209961 0.091483689844608306885 0.62671375274658203125 0.55352002382278442383 -1.2242668867111206055 0.085571728646755218506 -1.0551450252532958984 -0.79148495197296142578 -1.1364927291870117188 0.013010681606829166412 
bias:
-0.39072692394256591797 
0.13746176660060882568 
-0.10577677935361862183 
-0.55621373653411865234 
-0.52421724796295166016 
-0.3103294670581817627 
-0.507373809814453125 
-0.33520588278770446777 
0.75029289722442626953 
-0.30969208478927612305 
10 1 
weights:
2.2952334880828857422 -1.090769648551940918 -1.8754519224166870117 0.46051615476608276367 -3.2575199604034423828 1.6619368791580200195 0.96266889572143554688 0.23335438966751098633 -2.5049443244934082031 0.80423390865325927734 
bias:
2.5004489421844482422 
