1 10 
weights:
0.44840070605278015137 
0.53347772359848022461 
1.5243201255798339844 
1.354079127311706543 
0.42217564582824707031 
0.45824226737022399902 
0.53009718656539916992 
0.95732492208480834961 
0.52535361051559448242 
1.1390541791915893555 
bias:
-0.82773411273956298828 
0.5369192957878112793 
-1.1158726215362548828 
0.84398901462554931641 
-0.032041285187005996704 
-0.87679392099380493164 
-1.2793564796447753906 
-2.3859720230102539062 
-0.67804044485092163086 
3.1850037574768066406 
10 10 
weights:
-0.88198149204254150391 -0.19339415431022644043 2.614887237548828125 2.7708804607391357422 -0.59409874677658081055 -1.1149841547012329102 -1.5850890874862670898 -2.2167246341705322266 -0.63483792543411254883 -1.4203102588653564453 
1.2020740509033203125 0.080134518444538116455 -0.41622152924537658691 -2.298976898193359375 -0.31592974066734313965 1.3774924278259277344 0.34246322512626647949 1.6486562490463256836 0.3451639711856842041 -0.081140592694282531738 
1.1825536489486694336 0.25193634629249572754 0.8227939605712890625 -0.21182517707347869873 0.31945887207984924316 -0.45684531331062316895 0.67214590311050415039 0.70786088705062866211 -0.32308849692344665527 1.2742420434951782227 
0.5766048431396484375 -0.59740972518920898438 -0.30879220366477966309 0.97715038061141967773 0.90063118934631347656 0.21070143580436706543 0.24433696269989013672 0.34592682123184204102 -0.45576339960098266602 -0.50201821327209472656 
-0.16677366197109222412 0.023962609469890594482 -0.19946365058422088623 -1.2331959009170532227 0.014101336710155010223 0.067597649991512298584 0.45760241150856018066 -0.26211068034172058105 0.073063001036643981934 0.32660654187202453613 
-0.38473019003868103027 -0.12940733134746551514 -0.58418488502502441406 -0.062536224722862243652 -0.60133612155914306641 0.17609834671020507812 0.35589605569839477539 -0.35044333338737487793 -0.58420395851135253906 0.12498527765274047852 
-0.44074445962905883789 -0.48976546525955200195 1.2415895462036132812 0.050448182970285415649 -1.0923368930816650391 0.1866823732852935791 -0.043228272348642349243 -0.60093235969543457031 0.030265998095273971558 -0.8199399113655090332 
-0.39387518167495727539 -1.2368336915969848633 1.6155246496200561523 1.7288081645965576172 -0.94864797592163085938 -0.3879483640193939209 -0.40287613868713378906 0.5024268031120300293 0.81436353921890258789 -1.6293959617614746094 
0.25695726275444030762 1.0686627626419067383 0.67500817775726318359 0.89913511276245117188 0.37924808263778686523 0.23021119832992553711 0.2520688474178314209 1.4785004854202270508 -0.038794793188571929932 1.0301327705383300781 
0.36468213796615600586 -0.24850904941558837891 0.35987234115600585938 0.34071117639541625977 0.17478334903717041016 -0.77218413352966308594 -0.46472239494323730469 0.31668683886528015137 -0.5224526524543762207 -1.0201877355575561523 
bias:
0.93238681554794311523 
-0.80909717082977294922 
0.60485005378723144531 
0.091918006539344787598 
-0.92650735378265380859 
0.1179684177041053772 
-0.3312581181526184082 
0.29927581548690795898 
0.12705463171005249023 
-0.95494067668914794922 
10 1 
weights:
3.1816082000732421875 -1.743731379508972168 -1.5023019313812255859 0.21026384830474853516 -0.66569286584854125977 -0.042903523892164230347 1.1302236318588256836 2.3463275432586669922 -1.3607003688812255859 0.73146855831146240234 
bias:
0.174329414963722229 
