1 10 
weights:
1.2020180225372314453 
0.58282953500747680664 
-0.60396814346313476562 
0.70903909206390380859 
0.67376786470413208008 
-0.62622141838073730469 
-0.76944237947463989258 
0.64667391777038574219 
1.5451653003692626953 
-1.2655156850814819336 
bias:
-0.71271884441375732422 
-1.0226848125457763672 
-0.91608226299285888672 
1.4230285882949829102 
-1.4430412054061889648 
1.1233109235763549805 
1.582037806510925293 
1.0944461822509765625 
0.89672428369522094727 
0.041899461299180984497 
10 10 
weights:
1.7796918153762817383 -0.69667363166809082031 0.11440663039684295654 0.41881123185157775879 -0.66293245553970336914 0.0082894768565893173218 0.28280484676361083984 0.0062669301405549049377 0.25283476710319519043 -1.5834882259368896484 
-0.92556881904602050781 1.0299961566925048828 -0.21542659401893615723 0.55828535556793212891 1.512730717658996582 -1.2118133306503295898 -1.1282629966735839844 0.31077605485916137695 -1.5776059627532958984 1.260443568229675293 
-0.036084488034248352051 -0.35132032632827758789 -1.0915240049362182617 -0.4255898594856262207 -0.43886739015579223633 -0.82626122236251831055 -0.19170770049095153809 0.69522613286972045898 -0.13222101330757141113 0.27706357836723327637 
-0.60844022035598754883 0.32406499981880187988 -0.42606428265571594238 -0.2972832024097442627 0.4795379340648651123 -0.39464163780212402344 -0.15211945772171020508 -0.66525596380233764648 -0.88749009370803833008 0.30823847651481628418 
0.72550290822982788086 0.43736273050308227539 0.13808931410312652588 -0.083551034331321716309 0.86484259366989135742 -0.012538503855466842651 -0.12671951949596405029 0.11840367317199707031 0.88978713750839233398 -0.19281822443008422852 
1.7818567752838134766 -0.50304734706878662109 0.50694757699966430664 -0.8105710148811340332 -0.64103204011917114258 0.60473275184631347656 0.56633287668228149414 -0.26828652620315551758 0.29661706089973449707 -1.3868896961212158203 
-0.13203881680965423584 -0.0027299413923174142838 -0.25208237767219543457 -0.24179090559482574463 -0.25358667969703674316 -0.42230904102325439453 -0.030020689591765403748 -0.10282338410615921021 0.28284353017807006836 -0.67439383268356323242 
0.8268330693244934082 1.5241527557373046875 -2.2126953601837158203 2.7666554450988769531 1.252324223518371582 -0.49591749906539916992 -0.097545444965362548828 2.5997171401977539062 0.49385538697242736816 -0.049099337309598922729 
0.49002340435981750488 -0.16984619200229644775 -0.70745235681533813477 -0.35752224922180175781 -0.68942791223526000977 0.11277221888303756714 0.017322983592748641968 0.042024616152048110962 -0.19601000845432281494 0.17835004627704620361 
-0.96456450223922729492 1.8038452863693237305 -0.52663469314575195312 0.73303848505020141602 1.287619471549987793 -1.3299970626831054688 -2.0585854053497314453 0.35770699381828308105 -1.0590832233428955078 0.41555511951446533203 
bias:
-1.6037700176239013672 
0.0079521527513861656189 
-0.42498347163200378418 
0.64594405889511108398 
0.29353216290473937988 
-0.48244342207908630371 
-0.79503482580184936523 
1.0428423881530761719 
-0.75266671180725097656 
-0.57425749301910400391 
10 1 
weights:
2.5523698329925537109 -2.2164151668548583984 -0.27923583984375 -0.62102150917053222656 1.7313184738159179688 1.8410689830780029297 0.17571534216403961182 -3.2660675048828125 0.2831808924674987793 -2.4631106853485107422 
bias:
1.3255509138107299805 
