1 10 
weights:
-0.6057529449462890625 
-1.5166413784027099609 
-1.3651127815246582031 
1.377650141716003418 
-0.77617853879928588867 
-0.42347121238708496094 
-1.0104924440383911133 
-0.44558933377265930176 
0.81623995304107666016 
-1.2827657461166381836 
bias:
-1.6045234203338623047 
-0.75973212718963623047 
-1.1003481149673461914 
-1.001271367073059082 
1.9309480190277099609 
0.58532547950744628906 
-2.9962391853332519531 
-0.19464255869388580322 
-2.2314743995666503906 
1.1413185596466064453 
10 10 
weights:
-1.3276041746139526367 1.0522480010986328125 1.1962733268737792969 -0.16293820738792419434 -1.5828909873962402344 0.063111349940299987793 -1.1699316501617431641 -0.64680242538452148438 -0.19287444651126861572 0.84542268514633178711 
1.1651388406753540039 -0.85014963150024414062 -1.1508932113647460938 1.1415070295333862305 1.3986212015151977539 1.5336854457855224609 2.3256452083587646484 0.54574275016784667969 -2.5813703536987304688 -2.3016726970672607422 
-0.65050166845321655273 -0.45110216736793518066 -0.025905467569828033447 -0.62411427497863769531 -0.38190811872482299805 -1.0701954364776611328 -0.33913668990135192871 -0.36696991324424743652 -0.26772984862327575684 -0.65288949012756347656 
0.12691397964954376221 -0.0052449889481067657471 -0.30642625689506530762 -0.035568978637456893921 -0.56420576572418212891 -0.67166143655776977539 0.53672593832015991211 -1.1039228439331054688 -0.30744573473930358887 -0.003663018345832824707 
0.29068577289581298828 1.2581570148468017578 0.27585735917091369629 -0.39594680070877075195 -1.0348888635635375977 -0.49685114622116088867 -0.031445041298866271973 -0.30433997511863708496 0.34152829647064208984 0.06082318723201751709 
-0.87599414587020874023 -0.89112621545791625977 -0.57818186283111572266 -1.5628572702407836914 -2.1222715377807617188 -1.6539345979690551758 -1.0097560882568359375 -1.5537858009338378906 -0.71802532672882080078 -0.78844010829925537109 
0.087236277759075164795 0.30688196420669555664 -0.29954409599304199219 -1.2905292510986328125 -0.9193274378776550293 -1.1553844213485717773 0.62119591236114501953 -0.67647641897201538086 -0.99302190542221069336 0.22510693967342376709 
-0.80090433359146118164 0.24502862989902496338 0.97430670261383056641 -0.51326227188110351562 -0.94434326887130737305 -0.19303651154041290283 -0.32794779539108276367 -0.65284609794616699219 0.031333968043327331543 0.17266415059566497803 
-0.72824251651763916016 -0.50288945436477661133 -0.51799511909484863281 -0.18724182248115539551 -1.9770102500915527344 -0.81227010488510131836 -0.35282912850379943848 -0.65560019016265869141 0.41376796364784240723 -0.20227825641632080078 
1.3883739709854125977 0.40461736917495727539 0.83802330493927001953 0.95820200443267822266 1.0141569375991821289 0.26767680048942565918 0.12613371014595031738 0.59151566028594970703 0.65985149145126342773 0.69264513254165649414 
bias:
-0.63921278715133666992 
-0.85990303754806518555 
-0.87053751945495605469 
-1.1035209894180297852 
0.67637795209884643555 
-2.9020998477935791016 
-1.3203588724136352539 
-0.4697221219539642334 
-0.4049943387508392334 
1.3570874929428100586 
10 1 
weights:
-1.9192981719970703125 4.0691089630126953125 0.11501768976449966431 -0.38583016395568847656 -0.82157522439956665039 1.0967679023742675781 -1.3051826953887939453 -1.1084035634994506836 -1.173006892204284668 -1.6632428169250488281 
bias:
1.0135240554809570312 
