1 10 
weights:
1.0060231685638427734 
0.41644185781478881836 
1.6726491451263427734 
1.3338183164596557617 
-0.45831120014190673828 
0.53208148479461669922 
1.7273082733154296875 
1.2354139089584350586 
0.40850141644477844238 
0.92958277463912963867 
bias:
2.8623573780059814453 
0.041383232921361923218 
0.0066813514567911624908 
1.4249565601348876953 
0.48682132363319396973 
-1.0948851108551025391 
-1.8181774616241455078 
0.54071670770645141602 
-0.21252703666687011719 
-2.6085176467895507812 
10 10 
weights:
0.092007331550121307373 0.040358994156122207642 0.98235726356506347656 1.0199975967407226562 -0.21459756791591644287 0.28341048955917358398 0.82745891809463500977 1.4743866920471191406 -0.28679421544075012207 0.87912577390670776367 
2.4443180561065673828 1.5065391063690185547 -1.6505789756774902344 -1.1683591604232788086 -1.3177698850631713867 1.1247979402542114258 -1.8790764808654785156 -1.1613888740539550781 1.2196975946426391602 2.2633345127105712891 
-0.98289865255355834961 0.10886204242706298828 -0.36897674202919006348 0.75301647186279296875 0.82167357206344604492 0.26198339462280273438 1.0675009489059448242 0.34713700413703918457 0.52928930521011352539 -0.79757517576217651367 
-0.50470548868179321289 -0.14336709678173065186 0.58274137973785400391 0.48721551895141601562 0.45474863052368164062 -1.6652382612228393555 1.3767327070236206055 0.40296086668968200684 -0.73132747411727905273 -0.87948572635650634766 
-0.74012273550033569336 -0.8423073887825012207 -0.12807436287403106689 0.27815130352973937988 0.19808918237686157227 -0.34715422987937927246 0.041686031967401504517 0.39458581805229187012 0.37249583005905151367 -0.34687343239784240723 
-0.91081231832504272461 -1.0586053133010864258 0.19091899693012237549 0.4032439887523651123 -0.040439087897539138794 -0.14282362163066864014 0.22858722507953643799 0.018699752166867256165 -0.44442909955978393555 -0.69905769824981689453 
-0.92070418596267700195 0.83273833990097045898 -0.26445430517196655273 -0.097816616296768188477 -0.20067325234413146973 0.020877152681350708008 -0.34470120072364807129 -0.53289240598678588867 0.32855194807052612305 0.75902056694030761719 
0.37116438150405883789 0.77897489070892333984 -0.55230438709259033203 -0.98415893316268920898 -1.6415159702301025391 1.0273325443267822266 0.37846463918685913086 -0.59422475099563598633 -0.28400364518165588379 0.47600549459457397461 
1.4325445890426635742 0.99474030733108520508 1.1999449729919433594 0.59530979394912719727 -0.52340745925903320312 0.89881688356399536133 0.21843706071376800537 1.1050145626068115234 1.0387585163116455078 0.89879155158996582031 
0.2686627805233001709 -0.7127888798713684082 -0.11033307760953903198 -0.27534413337707519531 -0.23504710197448730469 -0.40743833780288696289 0.81353896856307983398 0.33331254124641418457 -0.91165107488632202148 0.47179377079010009766 
bias:
-0.32100820541381835938 
-0.64837861061096191406 
1.111731410026550293 
-1.0066512823104858398 
-0.60349637269973754883 
0.092826865613460540771 
-0.26039552688598632812 
-0.15123574435710906982 
-0.0078276619315147399902 
-1.2674919366836547852 
10 1 
weights:
1.1579746007919311523 -3.1258907318115234375 2.5621185302734375 1.605090022087097168 0.67025971412658691406 1.102024078369140625 -0.37819045782089233398 -1.1411254405975341797 -1.6312750577926635742 0.36415508389472961426 
bias:
-0.8285433650016784668 
