1 10 
weights:
1.0586619377136230469 
1.3087306022644042969 
1.2482482194900512695 
0.90706264972686767578 
-1.4029611349105834961 
0.51289159059524536133 
0.43238762021064758301 
0.58806031942367553711 
-0.51332592964172363281 
1.2855899333953857422 
bias:
-2.8836736679077148438 
-0.1072754785418510437 
0.14604271948337554932 
2.4041571617126464844 
1.1642475128173828125 
-1.0329616069793701172 
-0.67318129539489746094 
0.81309837102890014648 
-0.52169895172119140625 
1.2446480989456176758 
10 10 
weights:
-1.6363472938537597656 1.172747492790222168 1.0668823719024658203 -1.0371078252792358398 -0.53547763824462890625 -0.19564102590084075928 -0.77434462308883666992 -0.48624473810195922852 0.41662630438804626465 0.24597334861755371094 
0.098190039396286010742 0.10553758591413497925 -0.17478266358375549316 -0.61937212944030761719 -0.38964086771011352539 -0.65759998559951782227 -0.77031540870666503906 -0.16578440368175506592 -0.38610544800758361816 -0.23274573683738708496 
2.4755890369415283203 -1.9512574672698974609 -0.47218218445777893066 0.29086831212043762207 0.20628590881824493408 1.5537133216857910156 1.3594448566436767578 1.0324074029922485352 -1.1565111875534057617 -1.4585977792739868164 
0.57323563098907470703 -0.505352020263671875 -0.13347963988780975342 -0.074054360389709472656 0.98199874162673950195 0.73257333040237426758 0.47922441363334655762 -0.06321325153112411499 0.98773849010467529297 -0.59982085227966308594 
-0.16655196249485015869 0.52599799633026123047 1.2086707353591918945 -0.31436744332313537598 0.2243741154670715332 -0.62145674228668212891 -0.29136329889297485352 -0.26071649789810180664 1.2507117986679077148 1.3486373424530029297 
-0.16743041574954986572 1.6105781793594360352 0.60675406455993652344 -1.3390673398971557617 -0.18776248395442962646 0.18410496413707733154 -0.082295395433902740479 -1.1498198509216308594 0.55412256717681884766 0.48757466673851013184 
0.33505839109420776367 1.4289847612380981445 1.1240402460098266602 2.1058588027954101562 0.39793643355369567871 0.44269058108329772949 1.7506231069564819336 1.4966588020324707031 -0.88689321279525756836 0.71823292970657348633 
-0.051968708634376525879 -0.025326136499643325806 0.037666678428649902344 0.11876224726438522339 -0.86382460594177246094 -0.095209911465644836426 -0.68658947944641113281 -0.52508169412612915039 0.77119290828704833984 0.5560849308967590332 
0.16636961698532104492 -1.1635677814483642578 0.800243377685546875 -0.69352519512176513672 0.09086132049560546875 0.33850571513175964355 -0.21834732592105865479 0.29818245768547058105 -0.53490787744522094727 -0.60490363836288452148 
-0.81984633207321166992 0.98967260122299194336 0.8084506988525390625 -1.2096030712127685547 -0.7732645869255065918 0.23924612998962402344 -0.42987489700317382812 -0.82033008337020874023 -0.023251418024301528931 -0.35842508077621459961 
bias:
0.17065799236297607422 
-0.069918259978294372559 
-0.98344516754150390625 
1.1266269683837890625 
0.13175745308399200439 
-0.024337463080883026123 
-0.58959293365478515625 
-0.96766310930252075195 
-0.33810588717460632324 
0.16879762709140777588 
10 1 
weights:
1.7102390527725219727 0.65848129987716674805 -2.6120700836181640625 -1.8363139629364013672 2.8582158088684082031 1.9610006809234619141 -2.2063176631927490234 0.7143955230712890625 -0.30660852789878845215 1.2636368274688720703 
bias:
-0.098846837878227233887 
