1 10 
weights:
-0.75885540246963500977 
-0.50594282150268554688 
1.8265835046768188477 
-0.41673249006271362305 
0.39345651865005493164 
1.4337558746337890625 
-1.4532545804977416992 
0.39085012674331665039 
0.42170986533164978027 
0.9762579798698425293 
bias:
-2.0885093212127685547 
-0.97402834892272949219 
-0.1027409285306930542 
-0.29805037379264831543 
-0.40563604235649108887 
1.3288738727569580078 
1.5372416973114013672 
-0.44800293445587158203 
0.39881485700607299805 
-2.7797696590423583984 
10 10 
weights:
0.78596484661102294922 0.62890762090682983398 1.2692061662673950195 0.873210906982421875 -1.0101668834686279297 1.3785673379898071289 -1.0985032320022583008 -0.58821380138397216797 -1.1442452669143676758 -1.1507133245468139648 
1.4469192028045654297 0.91029882431030273438 0.21023707091808319092 0.35881835222244262695 -0.86785775423049926758 0.29423260688781738281 -1.6316570043563842773 -0.44061565399169921875 -0.085073158144950866699 -0.53965789079666137695 
-0.29351526498794555664 0.1590029597282409668 -0.27874857187271118164 -0.47200110554695129395 -0.20805159211158752441 -0.1030503883957862854 -0.091627940535545349121 0.44334259629249572754 -0.88948464393615722656 0.82279425859451293945 
-0.79916656017303466797 -0.24011723697185516357 0.10014797002077102661 -0.11916819214820861816 -0.67732816934585571289 -0.31227919459342956543 0.2278874516487121582 -0.39572530984878540039 0.070381745696067810059 -0.70815509557723999023 
0.15421907603740692139 -0.66980069875717163086 -0.82567560672760009766 -1.3085377216339111328 -0.56102061271667480469 0.31288671493530273438 -0.44710403680801391602 -1.3864153623580932617 -0.18736223876476287842 0.062231607735157012939 
0.98855370283126831055 1.2055314779281616211 0.23030410706996917725 0.3443895876407623291 -0.47614088654518127441 2.2142522335052490234 -1.1801720857620239258 -0.3749332726001739502 -1.1192580461502075195 -0.43985792994499206543 
0.5133120417594909668 -0.89988917112350463867 0.1597452014684677124 -1.0824873447418212891 0.21597629785537719727 -1.4128416776657104492 0.33481377363204956055 0.25395068526268005371 0.64285528659820556641 1.1362665891647338867 
-1.0620086193084716797 -0.55447995662689208984 -0.8688901066780090332 -1.3762000799179077148 0.58800506591796875 -1.3426687717437744141 1.9174811840057373047 1.0880115032196044922 0.72979831695556640625 1.6534484624862670898 
-0.81963181495666503906 -0.51384466886520385742 -0.60648125410079956055 0.06350211799144744873 0.50043010711669921875 -0.53220766782760620117 -0.085678264498710632324 0.22166828811168670654 0.77363491058349609375 0.31017693877220153809 
0.59991425275802612305 0.57098108530044555664 0.23320998251438140869 0.10827459394931793213 0.33918875455856323242 0.066196367144584655762 -0.41975450515747070312 -0.2662842869758605957 0.13574658334255218506 0.17946229875087738037 
bias:
-0.39405655860900878906 
-0.62103885412216186523 
0.2311643064022064209 
-0.35760885477066040039 
-0.19619889557361602783 
0.22394888103008270264 
-0.49932006001472473145 
-0.27690637111663818359 
0.4973837435245513916 
-0.239617958664894104 
10 1 
weights:
1.9887311458587646484 1.5482854843139648438 -0.56775170564651489258 -0.077589720487594604492 0.91848337650299072266 2.7563967704772949219 -1.3245505094528198242 -2.9636099338531494141 -1.1676861047744750977 0.18426471948623657227 
bias:
-0.28404000401496887207 
