1 10 
weights:
0.89869391918182373047 
0.51911872625350952148 
0.60284811258316040039 
1.622185826301574707 
1.4441082477569580078 
0.51744782924652099609 
2.00963592529296875 
1.7033864259719848633 
0.48003011941909790039 
0.59340429306030273438 
bias:
-2.6847350597381591797 
-0.93841499090194702148 
0.98044162988662719727 
-1.8787447214126586914 
1.6079168319702148438 
0.34121653437614440918 
-0.2743447721004486084 
0.80339848995208740234 
-0.23935356736183166504 
0.81618386507034301758 
10 10 
weights:
0.63436663150787353516 -0.55294519662857055664 -0.63684153556823730469 0.68819463253021240234 2.0136764049530029297 0.26614472270011901855 0.82342535257339477539 1.2957309484481811523 0.13857518136501312256 -0.76410436630249023438 
-1.4231591224670410156 -0.93998128175735473633 -0.98362910747528076172 1.9334435462951660156 0.5563862919807434082 -1.1817270517349243164 1.1081130504608154297 0.2569853365421295166 -0.81662499904632568359 -1.6757110357284545898 
0.58588069677352905273 1.0040493011474609375 1.5123875141143798828 -1.0635321140289306641 0.049618802964687347412 0.69275605678558349609 -0.86002677679061889648 0.01571110263466835022 0.80601698160171508789 0.93383634090423583984 
0.58396005630493164062 0.22252912819385528564 0.097681760787963867188 -0.28623506426811218262 -0.36634901165962219238 -0.35173535346984863281 -0.010765578597784042358 -0.14590753614902496338 0.2246481776237487793 0.30923089385032653809 
-0.21055029332637786865 0.65518730878829956055 -0.93157929182052612305 -0.0076237800531089305878 -0.96020644903182983398 0.26225250959396362305 -0.19140790402889251709 0.43992248177528381348 -0.34169599413871765137 -0.31958052515983581543 
0.93646484613418579102 1.2109910249710083008 1.1986899375915527344 0.28458932042121887207 0.62798231840133666992 1.1643074750900268555 1.3202519416809082031 0.077181294560432434082 1.2811646461486816406 1.0664275884628295898 
-1.4341040849685668945 -1.4432160854339599609 -1.0193579196929931641 1.2200276851654052734 0.80250585079193115234 -0.25180932879447937012 1.3211579322814941406 1.2070776224136352539 -1.1229889392852783203 -1.3629102706909179688 
-0.49291887879371643066 0.057613734155893325806 0.40372982621192932129 0.51093578338623046875 -0.27880534529685974121 -0.69171720743179321289 0.48151236772537231445 -0.24295918643474578857 -1.0270963907241821289 -0.29204055666923522949 
-2.5750069618225097656 -1.3375537395477294922 -0.66175168752670288086 1.8203207254409790039 1.0761696100234985352 -1.2288814783096313477 0.48457580804824829102 1.3575865030288696289 -0.9789301753044128418 -0.032272759824991226196 
0.17486640810966491699 0.12467651814222335815 0.42474636435508728027 -1.3753960132598876953 -0.38027659058570861816 0.10064092278480529785 -0.18899148702621459961 -0.86302286386489868164 -0.1632585376501083374 0.0090486286208033561707 
bias:
1.1144361495971679688 
0.20416046679019927979 
-0.65120309591293334961 
-1.230973362922668457 
-0.41157895326614379883 
-0.45331180095672607422 
0.24571806192398071289 
-0.92341727018356323242 
0.25053933262825012207 
-0.41926813125610351562 
10 1 
weights:
3.9497654438018798828 2.3061275482177734375 -2.118862152099609375 -0.38055849075317382812 0.15436373651027679443 -2.4307551383972167969 1.9983538389205932617 0.65091180801391601562 2.1548712253570556641 -0.5826733708381652832 
bias:
-1.971256256103515625 
