1 10 
weights:
0.44511577486991882324 
0.90055680274963378906 
0.54257416725158691406 
1.3507518768310546875 
1.4093109369277954102 
1.2984871864318847656 
-0.60929024219512939453 
0.45021957159042358398 
-0.39532250165939331055 
1.1816447973251342773 
bias:
-0.42142701148986816406 
2.2331058979034423828 
0.76921647787094116211 
-0.078964337706565856934 
-1.1710220575332641602 
0.87495100498199462891 
-1.1784470081329345703 
-0.36769017577171325684 
-0.21212007105350494385 
-3.4234669208526611328 
10 10 
weights:
-0.15979048609733581543 -1.4070430994033813477 0.24939489364624023438 -0.24986687302589416504 0.14465673267841339111 -0.78414815664291381836 -0.084255956113338470459 0.20480702817440032959 -0.52919107675552368164 -0.022829953581094741821 
0.27342250943183898926 2.7660467624664306641 1.7199257612228393555 -0.35357886552810668945 0.10404080897569656372 0.63805407285690307617 -1.3781900405883789062 0.45119488239288330078 -0.32753428816795349121 0.31750124692916870117 
0.59024482965469360352 1.0963873863220214844 0.071820303797721862793 -0.93571943044662475586 -0.97354519367218017578 -1.1380058526992797852 -0.074057169258594512939 0.48539993166923522949 -0.23950792849063873291 2.3858201503753662109 
-0.62274438142776489258 -0.3159885108470916748 -1.0968483686447143555 1.5961769819259643555 1.4964605569839477539 0.43339738249778747559 0.29454311728477478027 -0.38914191722869873047 0.23427920043468475342 -1.8175238370895385742 
-0.58095115423202514648 -0.32930788397789001465 -0.60699379444122314453 -1.3484464883804321289 -0.17534038424491882324 -0.45962443947792053223 0.1385164111852645874 -0.35485690832138061523 -0.06779073178768157959 0.28950157761573791504 
0.34501942992210388184 -0.14899371564388275146 -0.14318966865539550781 1.2906067371368408203 0.53641647100448608398 1.9486297369003295898 0.73002141714096069336 0.16649889945983886719 0.34385636448860168457 1.4248738288879394531 
0.45766302943229675293 -0.58881813287734985352 0.10904080420732498169 -0.58874720335006713867 -0.24626037478446960449 0.14735263586044311523 0.059904891997575759888 0.29458832740783691406 -0.29045879840850830078 0.65797173976898193359 
-0.18226639926433563232 -0.13119384646415710449 -0.83047962188720703125 0.59931743144989013672 0.73533350229263305664 0.32125973701477050781 0.79499071836471557617 -0.32689735293388366699 0.79086464643478393555 -1.4621709585189819336 
-0.29512265324592590332 -0.0014496943913400173187 0.059957209974527359009 -0.26110863685607910156 -0.88122117519378662109 -0.17064931988716125488 -0.95671701431274414062 0.96144074201583862305 -0.47240242362022399902 0.33366879820823669434 
-0.77593266963958740234 -0.47357800602912902832 -0.4753958582878112793 -0.0089637665078043937683 -0.30892580747604370117 -0.62878954410552978516 0.52961695194244384766 1.087693333625793457 -0.49024367332458496094 0.25065156817436218262 
bias:
-0.4569238126277923584 
0.029979165643453598022 
-0.2818870246410369873 
-0.69445508718490600586 
0.22053664922714233398 
-0.59440726041793823242 
-0.61761128902435302734 
0.20339262485504150391 
-0.49967655539512634277 
-0.78131645917892456055 
10 1 
weights:
0.27092033624649047852 -2.7261736392974853516 -2.2732789516448974609 2.3122913837432861328 -0.48841744661331176758 2.1911954879760742188 -0.63355267047882080078 1.5911382436752319336 -0.81002390384674072266 -0.53143924474716186523 
bias:
0.37365889549255371094 
