1 10 
weights:
0.66369861364364624023 
0.55902940034866333008 
-1.7280365228652954102 
0.45283919572830200195 
0.74811959266662597656 
1.8044338226318359375 
0.72732907533645629883 
1.4770592451095581055 
0.45697712898254394531 
0.61148566007614135742 
bias:
-1.7943090200424194336 
-1.2249507904052734375 
1.9757148027420043945 
-0.14755809307098388672 
1.5607432126998901367 
-0.16667808592319488525 
1.3653969764709472656 
1.556697845458984375 
-0.46931228041648864746 
-1.5607255697250366211 
10 10 
weights:
-0.71578258275985717773 -0.62635111808776855469 -1.4185155630111694336 -0.55935662984848022461 -0.48029252886772155762 0.27125948667526245117 0.87279593944549560547 0.12317794561386108398 0.41067245602607727051 -0.42655530571937561035 
0.25269430875778198242 0.54216754436492919922 -1.0321868658065795898 -0.6529394984245300293 -0.6883417963981628418 0.082064360380172729492 0.93278658390045166016 0.10171479731798171997 -0.089455142617225646973 -0.63010728359222412109 
-0.05739811435341835022 -0.2349392324686050415 -0.98296731710433959961 -0.10495852679014205933 -0.01923656463623046875 -0.99616348743438720703 -0.4765262305736541748 -0.76813179254531860352 -0.47226795554161071777 -0.45889624953269958496 
-0.58995455503463745117 0.10203705728054046631 -0.54163491725921630859 -0.56982690095901489258 -0.29359841346740722656 -0.13500946760177612305 -0.31665629148483276367 0.2736733555793762207 0.1735725700855255127 0.18830274045467376709 
-0.50258159637451171875 -0.32256257534027099609 -1.4243328571319580078 -1.2947604656219482422 -0.97183829545974731445 -0.41086655855178833008 -0.1072736009955406189 -0.12265194207429885864 -1.4947997331619262695 -0.17823036015033721924 
-0.37743163108825683594 0.32040074467658996582 0.32088148593902587891 -1.4313982725143432617 -1.8803838491439819336 -1.4348099231719970703 -1.1701865196228027344 -0.57274508476257324219 -0.71556824445724487305 -0.45229321718215942383 
0.13199865818023681641 -0.17341768741607666016 0.72288239002227783203 -0.09687554091215133667 0.36820060014724731445 -0.024296792224049568176 -0.26465755701065063477 -0.82051235437393188477 0.068108603358268737793 -0.34831103682518005371 
-1.4649808406829833984 -1.4953687191009521484 -0.60576903820037841797 -1.130328059196472168 -0.80956089496612548828 1.7513918876647949219 -0.62532472610473632812 2.7152667045593261719 -0.81125915050506591797 -1.3038747310638427734 
-1.0161156654357910156 -0.1306759566068649292 -0.99936693906784057617 -0.82095086574554443359 -0.82958769798278808594 2.0176274776458740234 -0.67902296781539916992 1.2305874824523925781 -1.0011272430419921875 -0.84685224294662475586 
0.35366037487983703613 -0.30335831642150878906 0.94087576866149902344 -0.035557594150304794312 1.94643402099609375 -0.71844691038131713867 1.4120180606842041016 -0.071904763579368591309 0.67908638715744018555 0.52619880437850952148 
bias:
-0.68553066253662109375 
-0.74651950597763061523 
0.21952416002750396729 
-0.60347181558609008789 
-2.5037341117858886719 
-0.12454507499933242798 
-1.0328911542892456055 
1.1995521783828735352 
0.40844383835792541504 
-0.93421673774719238281 
10 1 
weights:
1.2737153768539428711 0.37717100977897644043 0.17624838650226593018 0.42399245500564575195 2.2021927833557128906 2.4359884262084960938 -0.71563392877578735352 3.4365589618682861328 2.6589672565460205078 -3.5984044075012207031 
bias:
-0.10333950072526931763 
