1 10 
weights:
1.0248696804046630859 
1.5662338733673095703 
0.73123663663864135742 
0.60931360721588134766 
0.80713516473770141602 
0.59440875053405761719 
1.6748105287551879883 
0.44539493322372436523 
1.4628467559814453125 
0.47838622331619262695 
bias:
-3.2212615013122558594 
-1.6839015483856201172 
1.4560121297836303711 
0.78683775663375854492 
-1.7220824956893920898 
0.7452983856201171875 
-0.11215332895517349243 
-1.1464792490005493164 
1.5289825201034545898 
-0.38366371393203735352 
10 10 
weights:
-1.2602219581604003906 0.10672687739133834839 -0.51787686347961425781 -0.20657478272914886475 -0.043674860149621963501 -1.4577099084854125977 1.7536095380783081055 -1.2914105653762817383 1.1959580183029174805 0.13974973559379577637 
1.3035724163055419922 -0.78886789083480834961 0.26816219091415405273 0.3577257990837097168 0.23293013870716094971 0.26555612683296203613 -0.67730802297592163086 0.46740809082984924316 -0.78903919458389282227 0.4635811150074005127 
-0.20957231521606445312 0.56612867116928100586 -0.65146011114120483398 -1.2308560609817504883 -0.25094076991081237793 -0.26492592692375183105 0.55657851696014404297 -0.12775145471096038818 0.18791963160037994385 -0.80260878801345825195 
-0.61412227153778076172 0.5462544560432434082 0.16448181867599487305 -0.7716814875602722168 -0.11313860118389129639 -0.73237109184265136719 1.1097532510757446289 0.62050545215606689453 1.2573250532150268555 -0.24743798375129699707 
-1.0043079853057861328 1.8715873956680297852 -1.2573753595352172852 -1.1404515504837036133 -0.10798749327659606934 -1.0207531452178955078 -0.21690987050533294678 -0.64896798133850097656 1.0731040239334106445 -0.93702656030654907227 
-0.031630460172891616821 -0.21843175590038299561 -1.3393338918685913086 -1.1342873573303222656 0.21960669755935668945 -1.6603134870529174805 -0.51823657751083374023 -0.26507332921028137207 -0.045596748590469360352 -0.72482740879058837891 
0.9301407933235168457 1.099846959114074707 -1.3353464603424072266 -0.22119741141796112061 1.2854210138320922852 -0.026126911863684654236 1.2042107582092285156 -0.32140699028968811035 0.81115621328353881836 -0.20563419163227081299 
1.0459573268890380859 0.90568155050277709961 1.0286197662353515625 0.75502526760101318359 0.47134500741958618164 0.20347158610820770264 -0.023805638775229454041 0.0051227551884949207306 0.59576195478439331055 0.70429128408432006836 
-0.99892979860305786133 1.3028928041458129883 -1.2118773460388183594 -0.3810138404369354248 0.1379464566707611084 -0.51977175474166870117 0.37144073843955993652 0.08926677703857421875 0.6995289921760559082 -0.56368231773376464844 
1.6188985109329223633 0.15652574598789215088 0.15323801338672637939 0.32213234901428222656 1.2885640859603881836 0.62649875879287719727 -1.098133087158203125 -0.023281345143914222717 -1.9268357753753662109 1.0640091896057128906 
bias:
0.022480184212327003479 
-0.29904967546463012695 
-0.51879853010177612305 
0.055602077394723892212 
0.16237939894199371338 
-0.29560422897338867188 
0.015675170347094535828 
0.4910310208797454834 
-0.55655729770660400391 
-0.98886406421661376953 
10 1 
weights:
1.9343434572219848633 -1.2399058341979980469 1.4986340999603271484 1.6675245761871337891 3.2604877948760986328 2.8463823795318603516 1.6384232044219970703 -1.0943545103073120117 1.5599478483200073242 -2.1322073936462402344 
bias:
-2.1122863292694091797 
