1 10 
weights:
0.77333253622055053711 
0.68625414371490478516 
1.599854588508605957 
0.9399280548095703125 
0.65704458951950073242 
0.56008177995681762695 
-1.8339552879333496094 
0.4844105839729309082 
1.6412115097045898438 
0.71911770105361938477 
bias:
-2.015514373779296875 
1.0726407766342163086 
0.94430726766586303711 
1.8711420297622680664 
0.83494478464126586914 
-1.0576807260513305664 
0.60247260332107543945 
-0.47371202707290649414 
-1.934389948844909668 
-1.7648568153381347656 
10 10 
weights:
-0.14648577570915222168 -0.44132879376411437988 -0.83520179986953735352 -1.8385877609252929688 -0.21226643025875091553 -0.47482994198799133301 1.1252350807189941406 0.67629373073577880859 -1.2498685121536254883 -0.26316332817077636719 
-1.7951551675796508789 -0.36234459280967712402 1.6182997226715087891 0.0067358557134866714478 -0.14870874583721160889 -1.5448533296585083008 -1.2610001564025878906 -0.94707292318344116211 2.223110198974609375 -1.9690850973129272461 
-1.0217887163162231445 -0.13125611841678619385 0.46951946616172790527 0.068122290074825286865 -0.60231745243072509766 -0.23040312528610229492 -0.43269017338752746582 -0.38998594880104064941 0.99723362922668457031 -0.32345181703567504883 
0.98151749372482299805 1.848977208137512207 0.44002297520637512207 1.8496915102005004883 1.9061006307601928711 1.514725804328918457 -0.89014512300491333008 1.2390788793563842773 0.27819424867630004883 0.78336262702941894531 
0.16967415809631347656 -0.30117321014404296875 -0.74275648593902587891 -0.56406575441360473633 0.054509125649929046631 -0.19698755443096160889 -0.44905331730842590332 -0.11706125736236572266 0.15626440942287445068 0.89139944314956665039 
-1.1314133405685424805 -0.033279038965702056885 -0.75217342376708984375 -1.5519639253616333008 -1.2182769775390625 -0.9279130101203918457 -0.51327776908874511719 -1.3475766181945800781 -0.90061706304550170898 -0.99191951751708984375 
1.0527641773223876953 0.31411397457122802734 0.24952398240566253662 -0.22494511306285858154 1.0592291355133056641 -0.18384315073490142822 0.72113877534866333008 0.33750137686729431152 1.0108977556228637695 0.11744745075702667236 
1.1700562238693237305 0.45531359314918518066 -1.2232061624526977539 -0.87472635507583618164 -0.14683093130588531494 1.7086910009384155273 0.0321102924644947052 0.43021637201309204102 -0.37668180465698242188 1.1889517307281494141 
0.017465675249695777893 -1.4027820825576782227 -1.0608179569244384766 -0.96012324094772338867 -0.40195411443710327148 -1.2090249061584472656 0.86888718605041503906 -0.58282482624053955078 -0.7165730595588684082 -0.2907772362232208252 
0.59762883186340332031 -0.8586254119873046875 -0.51407837867736816406 -0.62734466791152954102 -0.59021478891372680664 0.41454681754112243652 -0.92410099506378173828 -0.47098460793495178223 -0.16253875195980072021 -0.50004047155380249023 
bias:
0.57839202880859375 
0.70166260004043579102 
-0.52322155237197875977 
-0.024534486234188079834 
-1.0368796586990356445 
-1.4042220115661621094 
1.4023796319961547852 
-0.94292074441909790039 
-1.3532603979110717773 
-0.38473260402679443359 
10 1 
weights:
-1.9020984172821044922 3.1203722953796386719 1.2609133720397949219 -4.4781785011291503906 -0.62043458223342895508 1.2431154251098632812 1.3302625417709350586 -1.9368249177932739258 1.5761916637420654297 -0.14522704482078552246 
bias:
2.3082711696624755859 
