1 10 
weights:
-1.0620301961898803711 
1.4114286899566650391 
0.50969922542572021484 
0.7365544438362121582 
1.0701204538345336914 
1.4614901542663574219 
1.0465214252471923828 
0.53074884414672851562 
-0.58688294887542724609 
1.5269331932067871094 
bias:
2.6148772239685058594 
-0.06892525404691696167 
0.24050876498222351074 
1.3151013851165771484 
-1.189393162727355957 
-0.50505477190017700195 
2.1514546871185302734 
0.18031774461269378662 
0.87104004621505737305 
-0.22105646133422851562 
10 10 
weights:
-0.46556308865547180176 0.79393917322158813477 -0.47131043672561645508 -1.4395861625671386719 1.4733492136001586914 1.3015938997268676758 -0.89095151424407958984 -0.40306043624877929688 0.25942653417587280273 1.0114536285400390625 
1.671467900276184082 0.68190824985504150391 -0.79409337043762207031 -0.503635406494140625 -0.22706587612628936768 -0.055378928780555725098 0.66015785932540893555 -0.75143128633499145508 0.81191223859786987305 0.72676879167556762695 
-1.1247375011444091797 0.11922169476747512817 0.37271204590797424316 -0.082888677716255187988 0.52787154912948608398 -0.10782700777053833008 -0.48424372076988220215 0.037678208202123641968 -1.1444016695022583008 0.54266023635864257812 
-2.552989959716796875 -0.38348892331123352051 0.932224273681640625 0.28920981287956237793 0.72108364105224609375 -0.53933310508728027344 -0.25488051772117614746 1.7034666538238525391 -2.1453998088836669922 -1.0695261955261230469 
0.21092350780963897705 -1.3981324434280395508 -1.2656748294830322266 -0.15049958229064941406 -1.2027496099472045898 -0.2948468625545501709 -1.0683627128601074219 -0.034787848591804504395 1.3256082534790039062 -1.5229130983352661133 
-0.61586046218872070312 -0.1391480863094329834 -0.13932327926158905029 -0.14196756482124328613 -0.50133585929870605469 0.042950641363859176636 0.32889497280120849609 -0.49738013744354248047 0.0057400544174015522003 0.37397298216819763184 
-0.83478432893753051758 -0.1308638155460357666 0.85236716270446777344 1.0799802541732788086 -0.64808470010757446289 -0.18976010382175445557 0.18763466179370880127 0.053843818604946136475 0.034403968602418899536 -0.68569493293762207031 
-0.65601360797882080078 -1.2465901374816894531 -0.36415350437164306641 -1.0791975259780883789 -1.298273921012878418 0.13514621555805206299 -1.2997896671295166016 -0.90925365686416625977 -0.73400896787643432617 -1.5076355934143066406 
-0.3943443000316619873 0.013319199904799461365 -0.41322463750839233398 -0.71483242511749267578 0.097317956387996673584 0.17781753838062286377 -0.62895965576171875 -0.026517078280448913574 -1.3040502071380615234 0.027639884501695632935 
-0.59671670198440551758 0.33374199271202087402 1.9586110115051269531 1.6624256372451782227 0.37190485000610351562 1.0381166934967041016 2.4557738304138183594 2.2269799709320068359 -1.2561496496200561523 0.55052417516708374023 
bias:
0.049600057303905487061 
-0.2212695777416229248 
-1.0162794589996337891 
0.01836375705897808075 
0.63101738691329956055 
-0.51525020599365234375 
-0.80830657482147216797 
-2.0777742862701416016 
-0.48730799555778503418 
0.35083049535751342773 
10 1 
weights:
2.7285027503967285156 1.7697304487228393555 -1.1076551675796508789 -2.7334852218627929688 -2.0765962600708007812 0.038952019065618515015 -0.77625936269760131836 1.2826051712036132812 -0.64215373992919921875 -3.0423967838287353516 
bias:
1.5171902179718017578 
