1 10 
weights:
0.47651508450508117676 
0.38198545575141906738 
-0.43877565860748291016 
-1.2895505428314208984 
1.2457706928253173828 
0.55948865413665771484 
-0.67600667476654052734 
0.32555437088012695312 
-0.32792952656745910645 
-0.54548865556716918945 
bias:
-1.0587975978851318359 
-0.60900139808654785156 
0.77665853500366210938 
1.1146228313446044922 
0.8621463775634765625 
1.5645056962966918945 
-1.811030268669128418 
-0.021886000409722328186 
-0.37102502584457397461 
1.2139545679092407227 
10 10 
weights:
-1.1107234954833984375 -0.76974880695343017578 -0.052581977099180221558 -0.49035182595252990723 0.75636601448059082031 -1.2291531562805175781 -0.10462481528520584106 -0.51286768913269042969 0.00016425864305347204208 0.1655543893575668335 
-0.0049956915900111198425 0.2682400047779083252 -0.74350076913833618164 -1.4503276348114013672 2.1134922504425048828 -0.25414788722991943359 0.53244996070861816406 -0.2181561589241027832 0.33366018533706665039 -0.27503237128257751465 
-1.4214380979537963867 -1.0020934343338012695 1.1870951652526855469 -2.0037872791290283203 1.9408597946166992188 -0.64772284030914306641 1.2304708957672119141 -0.49476733803749084473 0.49180045723915100098 0.57516360282897949219 
0.31405580043792724609 1.161703944206237793 -1.1916954517364501953 0.90167695283889770508 -2.2367877960205078125 1.5331891775131225586 0.051588121801614761353 0.61711859703063964844 -0.50685423612594604492 -1.1179757118225097656 
-0.43458360433578491211 -0.25466752052307128906 0.055089164525270462036 -0.49714991450309753418 -0.27178132534027099609 -0.42964482307434082031 -0.80355435609817504883 -0.80178773403167724609 0.53415715694427490234 -0.072980776429176330566 
-0.43298682570457458496 0.1288843005895614624 -0.84857499599456787109 0.19362920522689819336 0.38408145308494567871 -0.55596745014190673828 0.84712332487106323242 -0.099851407110691070557 0.38947999477386474609 -0.42796701192855834961 
0.24582713842391967773 -0.013778188265860080719 -0.26689311861991882324 -1.2287255525588989258 -0.90543794631958007812 0.41997158527374267578 -0.28576460480690002441 -0.80219560861587524414 0.47099217772483825684 0.051333021372556686401 
-0.63145351409912109375 -1.3147857189178466797 0.23544013500213623047 -1.5218095779418945312 1.6357053518295288086 -0.39953303337097167969 1.379315495491027832 -0.90510308742523193359 -0.013368066400289535522 1.062871098518371582 
1.3615820407867431641 0.60516065359115600586 -0.54820466041564941406 0.70381122827529907227 -1.3865270614624023438 0.23863218724727630615 -0.030151829123497009277 1.0239121913909912109 -1.4387694597244262695 -1.0047696828842163086 
-0.77180629968643188477 -0.81766188144683837891 0.69909054040908813477 -1.8442795276641845703 2.06468963623046875 -1.9617210626602172852 1.2317708730697631836 -1.2609310150146484375 1.004483342170715332 0.27015894651412963867 
bias:
0.1066532433032989502 
0.2613353729248046875 
-0.32368814945220947266 
0.0050065992400050163269 
-0.25904986262321472168 
-0.50084906816482543945 
-0.093055382370948791504 
-0.28020405769348144531 
-0.46162655949592590332 
0.51735436916351318359 
10 1 
weights:
1.2586419582366943359 1.6656322479248046875 2.3326485157012939453 -2.4399347305297851562 0.2305520176887512207 0.019987426698207855225 -0.14284898340702056885 1.8934437036514282227 -2.1370799541473388672 2.5412952899932861328 
bias:
-2.2372024059295654297 
