1 10 
weights:
0.44443780183792114258 
-2.0584669113159179688 
0.57987409830093383789 
-0.4955387115478515625 
0.73120343685150146484 
-1.6761493682861328125 
1.6483477354049682617 
-0.42804297804832458496 
0.46034675836563110352 
1.4645590782165527344 
bias:
0.33472678065299987793 
0.56993180513381958008 
-1.4791314601898193359 
1.0213377475738525391 
1.9310208559036254883 
2.0000011920928955078 
0.8722979426383972168 
0.26687896251678466797 
0.34692585468292236328 
1.6968859434127807617 
10 10 
weights:
0.10942784696817398071 -0.17123815417289733887 0.68201375007629394531 -0.32885849475860595703 0.67925971746444702148 0.0033197340089827775955 -0.63181209564208984375 -0.42277914285659790039 0.38831397891044616699 -0.63565528392791748047 
0.70965254306793212891 -0.96069324016571044922 0.73161673545837402344 -1.6493399143218994141 0.39664173126220703125 1.4461798667907714844 -0.47209775447845458984 -0.78315156698226928711 -0.11809284240007400513 -0.84135568141937255859 
-0.060728102922439575195 -0.45169925689697265625 -0.19107994437217712402 -0.87802797555923461914 0.7841936945915222168 1.0710296630859375 -0.88472712039947509766 -0.1527773439884185791 -0.50603729486465454102 -2.240673065185546875 
-1.2582265138626098633 0.047745313495397567749 -0.25935253500938415527 0.35700184106826782227 -0.39921882748603820801 -0.54978346824645996094 -0.44034340977668762207 -0.034010786563158035278 -0.39754033088684082031 -1.0949347019195556641 
0.44710952043533325195 0.83592766523361206055 1.0506042242050170898 -1.7552978992462158203 1.3348640203475952148 1.5651967525482177734 -0.45806077122688293457 -1.300360560417175293 0.70557260513305664062 -0.55667006969451904297 
-0.29495418071746826172 0.45469763875007629395 0.16528469324111938477 -0.072187013924121856689 -0.81417459249496459961 -0.87271875143051147461 0.11487302929162979126 0.71556764841079711914 -0.85958695411682128906 -0.57977426052093505859 
0.9808419346809387207 0.87872219085693359375 0.27150967717170715332 -0.53820061683654785156 1.7359288930892944336 0.22689950466156005859 -1.2306061983108520508 -1.73248291015625 -0.29479438066482543945 -0.95940238237380981445 
-1.1246727705001831055 -1.3394235372543334961 0.79879260063171386719 0.023027623072266578674 0.13834531605243682861 -1.1280235052108764648 0.21980991959571838379 -0.83202606439590454102 -1.1054795980453491211 1.0009295940399169922 
0.92344874143600463867 0.81782668828964233398 1.0884141921997070312 -0.84863924980163574219 0.79748439788818359375 0.37280929088592529297 -0.80347585678100585938 -1.5467978715896606445 0.31433001160621643066 -0.98846644163131713867 
-1.4911272525787353516 -1.3307402133941650391 -1.5329619646072387695 1.6160997152328491211 -1.0556131601333618164 -1.3519160747528076172 1.5735971927642822266 1.2728087902069091797 -1.7687336206436157227 1.2428902387619018555 
bias:
-0.69143462181091308594 
0.0041458141058683395386 
-0.51467221975326538086 
-0.15973559021949768066 
0.020624544471502304077 
-1.0174413919448852539 
-0.3358218073844909668 
-0.51194596290588378906 
-0.56483292579650878906 
1.1097971200942993164 
10 1 
weights:
-0.80230414867401123047 -1.1839202642440795898 -1.1196248531341552734 0.71661132574081420898 -2.653667449951171875 1.3222788572311401367 -1.6359293460845947266 0.9276993870735168457 -1.6816837787628173828 2.7229735851287841797 
bias:
2.0045588016510009766 
