1 10 
weights:
1.305067896842956543 
-0.77083927392959594727 
0.96413236856460571289 
-0.34718108177185058594 
0.35164088010787963867 
0.49931201338768005371 
0.38981938362121582031 
1.2789462804794311523 
0.59818208217620849609 
-1.3991596698760986328 
bias:
-0.4378617703914642334 
-2.180820465087890625 
-2.3082869052886962891 
0.40386712551116943359 
-0.42562806606292724609 
0.86872148513793945312 
-0.87885797023773193359 
-0.56558358669281005859 
-1.5306231975555419922 
-1.4139097929000854492 
10 10 
weights:
-0.98131489753723144531 -1.2101602554321289062 0.9454224705696105957 -1.8910819292068481445 0.82898825407028198242 0.96779900789260864258 0.38419950008392333984 -1.1953274011611938477 1.2710897922515869141 1.8913277387619018555 
0.91091907024383544922 -1.3731988668441772461 0.76154661178588867188 -1.3323415517807006836 0.080993838608264923096 0.25495558977127075195 -0.27416083216667175293 1.1286737918853759766 0.51050978899002075195 -0.23992131650447845459 
0.50126689672470092773 -0.73832690715789794922 -0.075237229466438293457 0.14703229069709777832 0.90402591228485107422 -0.087938256561756134033 1.684004664421081543 -0.062615968286991119385 -0.53564792871475219727 -1.0237916707992553711 
-0.45811012387275695801 0.2246513068675994873 0.27233535051345825195 -0.06799361109733581543 -1.0339958667755126953 -0.50352799892425537109 -0.59541898965835571289 0.19639180600643157959 0.18931227922439575195 0.57156807184219360352 
-0.21793413162231445312 0.1450141221284866333 0.3248570561408996582 -0.26952701807022094727 -0.72931826114654541016 -0.48883032798767089844 0.63910645246505737305 0.069185599684715270996 0.57474231719970703125 0.61229884624481201172 
-0.014915694482624530792 0.42492431402206420898 0.27028572559356689453 0.15606991946697235107 -0.5294310450553894043 -1.009822845458984375 -0.33494687080383300781 0.73476254940032958984 -0.51352000236511230469 -0.30589434504508972168 
-1.4394214153289794922 -1.3772388696670532227 1.8042954206466674805 -1.0431967973709106445 1.1171581745147705078 0.99574959278106689453 1.010264277458190918 -2.0401806831359863281 1.2493321895599365234 1.3368747234344482422 
1.0444195270538330078 0.68988072872161865234 -1.1499692201614379883 0.9531803131103515625 -0.44166073203086853027 0.23569083213806152344 -0.28194025158882141113 0.058717977255582809448 -0.52872461080551147461 -0.54128623008728027344 
-0.47630366683006286621 1.9891172647476196289 -0.95195633172988891602 0.1375506967306137085 -1.0285663604736328125 -1.7857569456100463867 -0.5382817387580871582 0.46319016814231872559 -0.92060005664825439453 0.041769538074731826782 
-0.14602096378803253174 0.84637367725372314453 0.28804412484169006348 0.31205460429191589355 0.67429649829864501953 -0.034963402897119522095 -0.39436817169189453125 -0.15988321602344512939 0.45656254887580871582 0.5149415135383605957 
bias:
-0.60726237297058105469 
-1.5288187265396118164 
-0.56443083286285400391 
-0.85503292083740234375 
-0.2169809490442276001 
-0.78821486234664916992 
-0.61657619476318359375 
-0.18658658862113952637 
-0.8278382420539855957 
-0.3659928441047668457 
10 1 
weights:
-2.8225414752960205078 2.1047160625457763672 -0.095091015100479125977 0.51885122060775756836 -0.24054755270481109619 0.98984611034393310547 -3.1723847389221191406 1.4854627847671508789 2.2080090045928955078 -0.3189436793327331543 
bias:
0.53552681207656860352 
