1 10 
weights:
0.90401285886764526367 
0.51887392997741699219 
0.48795387148857116699 
-0.47640407085418701172 
-0.93699920177459716797 
1.1204094886779785156 
1.0409388542175292969 
1.2191317081451416016 
0.47919115424156188965 
0.68836569786071777344 
bias:
-2.1623466014862060547 
-0.73619580268859863281 
0.43282049894332885742 
0.35321417450904846191 
1.9487490653991699219 
2.5773127079010009766 
0.62099814414978027344 
0.88392508029937744141 
-0.52426010370254516602 
-0.62056899070739746094 
10 10 
weights:
0.91545617580413818359 0.13177052140235900879 0.10259560495615005493 0.010488348081707954407 -0.99604839086532592773 -0.1076512262225151062 0.64974355697631835938 0.67644441127777099609 0.51529413461685180664 0.46478450298309326172 
-0.61901146173477172852 -0.005898323841392993927 -0.29008525609970092773 0.39659741520881652832 0.25300168991088867188 -0.51944595575332641602 0.25234133005142211914 0.70803570747375488281 -0.44366189837455749512 0.16281972825527191162 
0.23538094758987426758 -0.65337735414505004883 -1.1570889949798583984 -1.1603683233261108398 -0.24577769637107849121 -0.43270701169967651367 -0.89231729507446289062 0.24734123051166534424 -0.8372223973274230957 0.95372784137725830078 
-0.4404506981372833252 -0.3546371161937713623 -0.030889937654137611389 0.70911842584609985352 0.50911843776702880859 -0.28756621479988098145 1.5654132366180419922 1.0841882228851318359 -1.2258741855621337891 -0.21587708592414855957 
0.44967722892761230469 0.88091170787811279297 0.69629430770874023438 -0.41818076372146606445 0.45794132351875305176 1.9369255304336547852 0.63069689273834228516 0.69444394111633300781 1.2036304473876953125 0.61663657426834106445 
0.68980628252029418945 0.6300284266471862793 0.17936611175537109375 -0.079157456755638122559 0.79969477653503417969 0.65046066045761108398 -0.6227232813835144043 1.5447691679000854492 0.52702933549880981445 0.47859886288642883301 
0.77795249223709106445 0.98676586151123046875 -0.083487786352634429932 -0.94250088930130004883 -1.142513275146484375 -0.081915386021137237549 1.1987427473068237305 0.56072443723678588867 0.10688386112451553345 2.0733618736267089844 
0.054183237254619598389 -0.2991491854190826416 -0.97732526063919067383 0.96668046712875366211 0.13981686532497406006 -2.3842175006866455078 -0.51178395748138427734 -0.083317801356315612793 -1.7312989234924316406 -0.29668650031089782715 
1.8771196603775024414 0.70308268070220947266 0.36141538619995117188 -1.8294811248779296875 -1.8581246137619018555 -0.16954398155212402344 -0.31589323282241821289 -1.5964504480361938477 1.3437740802764892578 0.29688823223114013672 
-0.52854156494140625 -1.083910822868347168 -1.1363255977630615234 0.38692742586135864258 0.3483047187328338623 -0.18574568629264831543 1.0544658899307250977 1.4494987726211547852 -0.2755025029182434082 0.11246527731418609619 
bias:
-0.47218665480613708496 
-0.52933257818222045898 
-1.5359785556793212891 
-1.0282611846923828125 
0.04118536040186882019 
0.71220093965530395508 
-0.95184755325317382812 
-0.57218068838119506836 
-0.46884873509407043457 
-0.36374467611312866211 
10 1 
weights:
0.52443677186965942383 0.7594960331916809082 1.1146631240844726562 1.5058208703994750977 -2.8289182186126708984 -1.7270615100860595703 3.2167327404022216797 3.0522160530090332031 -2.8069193363189697266 1.5616803169250488281 
bias:
0.52416813373565673828 
