1 10 
weights:
1.3241281509399414062 
1.3373435735702514648 
1.4062170982360839844 
1.4010659456253051758 
1.4893600940704345703 
0.82150834798812866211 
0.68457198143005371094 
0.55357313156127929688 
1.0019544363021850586 
1.0064455270767211914 
bias:
-0.038465190678834915161 
0.4732112586498260498 
-1.338551640510559082 
-0.27456811070442199707 
-1.6630780696868896484 
-2.2238421440124511719 
0.67490857839584350586 
-0.80656081438064575195 
2.5268390178680419922 
-2.6584727764129638672 
10 10 
weights:
-0.73137319087982177734 -0.11255546659231185913 -0.43534478545188903809 0.34517964720726013184 0.6060479283332824707 -0.0055821491405367851257 -0.39612013101577758789 -1.2760345935821533203 -0.38175755739212036133 -0.086025930941104888916 
0.14584587514400482178 1.2562420368194580078 1.2994261980056762695 0.18350385129451751709 0.63027423620223999023 0.80203258991241455078 1.5419354438781738281 1.9527637958526611328 2.436859130859375 0.58940756320953369141 
0.65226596593856811523 0.18845595419406890869 0.19608327746391296387 0.38610318303108215332 0.086712181568145751953 -1.2116923332214355469 -0.14114701747894287109 -1.1626346111297607422 -0.13467806577682495117 0.14039623737335205078 
0.43695500493049621582 0.89016836881637573242 0.17518284916877746582 1.2533779144287109375 0.76309895515441894531 0.69620454311370849609 0.31616598367691040039 0.38314294815063476562 -0.50593537092208862305 0.3582388460636138916 
0.75738638639450073242 0.096747107803821563721 -0.29539564251899719238 -0.40208184719085693359 1.3910627365112304688 -1.3961893320083618164 -0.17143860459327697754 -0.80727612972259521484 0.092598482966423034668 -1.0412880182266235352 
1.2914471626281738281 1.3566839694976806641 1.5041943788528442383 0.53517174720764160156 1.460135340690612793 -2.0742878913879394531 -0.50692927837371826172 -1.7885440587997436523 -1.1753236055374145508 -3.0639786720275878906 
0.88090455532073974609 0.41144549846649169922 0.61866426467895507812 0.15299035608768463135 0.54072159528732299805 1.4142129421234130859 1.43804168701171875 0.74066209793090820312 1.4773535728454589844 1.1245810985565185547 
-0.26965418457984924316 0.65027612447738647461 0.86352932453155517578 0.26942193508148193359 -0.13825029134750366211 -0.805591583251953125 -0.29666385054588317871 -0.70377492904663085938 -1.265734553337097168 0.15100578963756561279 
0.99886626005172729492 1.3540754318237304688 1.025105595588684082 1.1343655586242675781 0.69889014959335327148 0.20983210206031799316 0.53064870834350585938 0.47839069366455078125 0.050834715366363525391 0.18526089191436767578 
0.40179005265235900879 0.069198809564113616943 -0.72736203670501708984 -0.32041954994201660156 0.0017203296301886439323 0.50668179988861083984 0.42840841412544250488 -0.41073957085609436035 -0.12530407309532165527 -0.062447760254144668579 
bias:
-0.2559878230094909668 
-0.35522559285163879395 
-0.071710877120494842529 
0.744220733642578125 
0.20693734288215637207 
-0.2552477717399597168 
0.041073184460401535034 
-0.79960924386978149414 
0.19684067368507385254 
-0.10777524113655090332 
10 1 
weights:
0.5441271662712097168 -3.5331442356109619141 1.0359315872192382812 1.6960201263427734375 1.1608451604843139648 2.6530914306640625 -2.2019383907318115234 0.73917478322982788086 2.8394463062286376953 -0.11226503551006317139 
bias:
-0.87642574310302734375 
