1 10 
weights:
1.882793426513671875 
1.4820706844329833984 
1.3786321878433227539 
0.7218926548957824707 
1.0148525238037109375 
0.70387512445449829102 
0.55812275409698486328 
0.49885955452919006348 
1.2372620105743408203 
0.79612600803375244141 
bias:
-1.6363341808319091797 
0.15308034420013427734 
0.36794430017471313477 
1.0729349851608276367 
1.2214204072952270508 
0.82913774251937866211 
-1.038857579231262207 
-0.52893346548080444336 
-3.4652414321899414062 
1.6939029693603515625 
10 10 
weights:
0.066944383084774017334 0.82797354459762573242 -0.22186975181102752686 1.1298437118530273438 0.25142389535903930664 0.90392184257507324219 0.90997862815856933594 0.33054211735725402832 0.48907205462455749512 1.1076073646545410156 
1.5603146553039550781 0.39078852534294128418 1.0278706550598144531 -0.41260865330696105957 1.1970750093460083008 -0.089253738522529602051 -1.0951361656188964844 -1.0404980182647705078 -2.7417855262756347656 -0.26100397109985351562 
0.88566178083419799805 0.54241174459457397461 1.1313489675521850586 0.059029437601566314697 0.35675531625747680664 0.11453640460968017578 -1.1825613975524902344 -0.67405855655670166016 -2.1432080268859863281 -0.30662584304809570312 
0.45010095834732055664 -0.30277025699615478516 0.29486823081970214844 -0.20092937350273132324 -0.2883338630199432373 0.15075281262397766113 -1.1435565948486328125 -0.93524140119552612305 0.30852562189102172852 -0.3926397860050201416 
0.71200507879257202148 0.66175508499145507812 0.24928773939609527588 0.64683204889297485352 -0.14749477803707122803 -0.5873762965202331543 0.29158952832221984863 0.71009886264801025391 0.63739037513732910156 0.11102968454360961914 
-0.25123050808906555176 0.53173792362213134766 0.34658730030059814453 2.1120452880859375 1.3054176568984985352 1.9084392786026000977 1.3890107870101928711 0.5041567683219909668 1.397732853889465332 1.4391970634460449219 
1.0523569583892822266 1.3457181453704833984 1.1914303302764892578 -0.43466910719871520996 0.30299645662307739258 0.25707465410232543945 -0.059890575706958770752 -0.22774669528007507324 0.01510117948055267334 -0.51473343372344970703 
1.8476922512054443359 1.143797755241394043 0.41651356220245361328 -0.85536020994186401367 -1.1591395139694213867 -0.76173651218414306641 -0.6091988682746887207 -0.66978079080581665039 -0.9590676426887512207 -0.2777570188045501709 
0.3674106597900390625 0.90967512130737304688 0.97805756330490112305 0.11966644972562789917 1.0979212522506713867 0.92078173160552978516 0.58465117216110229492 -0.16495656967163085938 -0.037177205085754394531 -0.89614909887313842773 
0.20888641476631164551 0.70535093545913696289 -0.22401472926139831543 -0.57057338953018188477 -0.62185901403427124023 0.61155796051025390625 0.62330418825149536133 -0.51570570468902587891 0.59210228919982910156 0.15921482443809509277 
bias:
-0.40511906147003173828 
0.0092095490545034408569 
-0.068139635026454925537 
-0.64777404069900512695 
-0.89220631122589111328 
-0.73918247222900390625 
-0.5409755706787109375 
-0.97547626495361328125 
0.71288597583770751953 
-0.77011150121688842773 
10 1 
weights:
-1.8022811412811279297 2.2309279441833496094 1.7299789190292358398 0.62324500083923339844 0.22689914703369140625 -3.6095104217529296875 1.3997496366500854492 1.5820707082748413086 2.3239803314208984375 -0.5363032221794128418 
bias:
-0.52309870719909667969 
