1 10 
weights:
-1.1286181211471557617 
-0.60137003660202026367 
-0.81568515300750732422 
-0.65391880273818969727 
-1.0880732536315917969 
-1.2461142539978027344 
0.60719752311706542969 
0.84354650974273681641 
-0.82348644733428955078 
0.87808960676193237305 
bias:
-0.14290173351764678955 
0.63113558292388916016 
1.436768651008605957 
-0.20543053746223449707 
-0.22169871628284454346 
-1.1190767288208007812 
0.94501948356628417969 
1.4370286464691162109 
1.6275274753570556641 
2.128017425537109375 
10 10 
weights:
1.6782811880111694336 0.35081410408020019531 0.37915569543838500977 1.5693471431732177734 0.79473125934600830078 0.98119550943374633789 -1.6707805395126342773 -0.014300446026027202606 0.17815339565277099609 -1.0195822715759277344 
-0.3913917243480682373 -0.57010591030120849609 -0.76850020885467529297 0.079176031053066253662 0.29425603151321411133 0.61625778675079345703 -1.0772434473037719727 -0.33083835244178771973 -1.5720140933990478516 0.71573823690414428711 
1.1213878393173217773 0.13737984001636505127 -0.50368613004684448242 0.60274136066436767578 -0.58402383327484130859 -0.37903016805648803711 -0.78717863559722900391 -0.92776340246200561523 -0.43069884181022644043 -1.3706220388412475586 
0.30191114544868469238 1.4115298986434936523 2.3056700229644775391 1.0299042463302612305 0.45907869935035705566 0.016130823642015457153 -1.0293445587158203125 -0.097684547305107116699 2.1583638191223144531 0.35578829050064086914 
-0.46364381909370422363 -1.3821377754211425781 -0.76310873031616210938 -1.0418839454650878906 -0.71415907144546508789 -0.54340749979019165039 -1.3737425804138183594 -1.7112572193145751953 -1.3441686630249023438 -1.7160906791687011719 
0.076563090085983276367 0.18222334980964660645 0.36175167560577392578 -0.32188752293586730957 0.2860628962516784668 -0.2273174673318862915 -0.18204192817211151123 -0.51271742582321166992 0.74074387550354003906 -1.1256142854690551758 
-0.79315000772476196289 -0.03682438284158706665 0.52068525552749633789 0.024538608267903327942 -0.098690994083881378174 0.24494284391403198242 -1.1737427711486816406 1.1980741024017333984 0.021082634106278419495 0.46206787228584289551 
-1.3429626226425170898 -0.027064697816967964172 0.37592074275016784668 -1.0729013681411743164 -0.78980863094329833984 -0.95529472827911376953 2.0454103946685791016 1.8468784093856811523 0.12570564448833465576 2.3867609500885009766 
-0.91858649253845214844 0.9644031524658203125 0.013554883189499378204 0.11196966469287872314 -0.54337823390960693359 0.34692415595054626465 -0.59637910127639770508 -0.67657393217086791992 0.66931629180908203125 -1.0978395938873291016 
1.3307594060897827148 -0.49449616670608520508 -0.010219484567642211914 0.37404364347457885742 0.76581686735153198242 1.8181761503219604492 -0.021346058696508407593 -0.84067708253860473633 -0.63591951131820678711 -0.87736606597900390625 
bias:
0.83330190181732177734 
-0.41836047172546386719 
-0.35571298003196716309 
-0.26713311672210693359 
-2.4715900421142578125 
-0.23901806771755218506 
-1.0963733196258544922 
1.9693937301635742188 
-0.24695119261741638184 
0.36241114139556884766 
10 1 
weights:
-2.215606689453125 -0.82992351055145263672 0.60825735330581665039 4.5813531875610351562 1.6573705673217773438 0.3591887056827545166 0.88290798664093017578 -2.8127191066741943359 1.3781579732894897461 -2.1523039340972900391 
bias:
0.25256693363189697266 
