1 10 
weights:
0.38853701949119567871 
0.75825965404510498047 
-0.99108231067657470703 
0.48913106322288513184 
1.3648842573165893555 
0.50227946043014526367 
0.47033783793449401855 
1.1901526451110839844 
0.42496004700660705566 
-0.58587598800659179688 
bias:
0.31702595949172973633 
-1.9995130300521850586 
2.5351679325103759766 
0.93727487325668334961 
1.2072769403457641602 
0.96884340047836303711 
0.72768992185592651367 
-0.7018979191780090332 
-1.1480983495712280273 
-1.3768121004104614258 
10 10 
weights:
-1.158214569091796875 -0.11710193753242492676 0.30468806624412536621 -0.85115313529968261719 -0.26229885220527648926 -0.81770718097686767578 -0.84493803977966308594 0.54568010568618774414 -1.0556050539016723633 1.3676418066024780273 
0.47166591882705688477 0.90070623159408569336 -0.13477541506290435791 0.50618088245391845703 -0.64352393150329589844 0.065456703305244445801 0.26622277498245239258 0.0090461960062384605408 0.47214090824127197266 -0.31890195608139038086 
-0.22878819704055786133 0.39675769209861755371 -1.7429227828979492188 0.67039710283279418945 -0.79948008060455322266 0.29091727733612060547 0.5807316899299621582 -0.62559378147125244141 1.2551064491271972656 -0.54401922225952148438 
-0.14108105003833770752 0.66653168201446533203 -1.1216137409210205078 0.024836244061589241028 -0.30560004711151123047 0.11884606629610061646 0.28955370187759399414 -0.65116077661514282227 0.77977472543716430664 -1.3002393245697021484 
-0.023125516250729560852 0.034984648227691650391 -0.57791864871978759766 0.66761475801467895508 -1.6615525484085083008 0.54395812749862670898 0.40121549367904663086 -0.89293396472930908203 0.40959215164184570312 -0.40513303875923156738 
0.32126322388648986816 1.3628965616226196289 -1.2068235874176025391 0.05454115942120552063 1.0161030292510986328 0.79475051164627075195 -0.29698336124420166016 1.9114215373992919922 -0.21254551410675048828 -0.90474218130111694336 
-0.1663869023323059082 0.26691523194313049316 -0.46814399957656860352 -0.31812834739685058594 -0.07626965641975402832 1.0156227350234985352 -0.10228949040174484253 -0.70846265554428100586 0.12485491484403610229 -0.35344281792640686035 
1.1453555822372436523 0.85235053300857543945 -0.28834882378578186035 1.5308954715728759766 -2.4198522567749023438 1.4446926116943359375 0.77680444717407226562 -2.6933879852294921875 0.96798932552337646484 -1.8753011226654052734 
-0.0026049206499010324478 0.9540513157844543457 0.05734869837760925293 -1.1598542928695678711 1.1853185892105102539 -0.94759780168533325195 -0.81597816944122314453 0.9208018183708190918 0.12026002258062362671 0.88236105442047119141 
0.87547075748443603516 1.3295893669128417969 -1.8501096963882446289 0.27301076054573059082 -1.5980920791625976562 0.3766816258430480957 -0.34687766432762145996 -0.77499496936798095703 0.6096134185791015625 -1.2057106494903564453 
bias:
-0.50161319971084594727 
-1.1003977060317993164 
-0.74229872226715087891 
-0.3674862980842590332 
-0.42598015069961547852 
-1.2706912755966186523 
-0.45171561837196350098 
-0.15905576944351196289 
0.1399294734001159668 
0.45266526937484741211 
10 1 
weights:
1.9957025051116943359 -0.77736037969589233398 -1.6805374622344970703 -1.1908398866653442383 -1.2118282318115234375 2.1649260520935058594 -0.47720578312873840332 -3.0869739055633544922 1.4891040325164794922 -1.9723665714263916016 
bias:
1.3209499120712280273 
