1 10 
weights:
0.70338541269302368164 
0.88431155681610107422 
0.71234738826751708984 
1.2904564142227172852 
0.91130948066711425781 
0.58988195657730102539 
1.6096249818801879883 
1.3328939676284790039 
0.76684385538101196289 
0.80227506160736083984 
bias:
1.0139141082763671875 
-2.2002992630004882812 
-1.5500513315200805664 
-0.15329779684543609619 
2.0216977596282958984 
0.25811478495597839355 
-1.3464200496673583984 
0.57542210817337036133 
0.79185259342193603516 
-1.9287970066070556641 
10 10 
weights:
1.1857775449752807617 0.35568487644195556641 0.26812165975570678711 1.0152583122253417969 2.4221816062927246094 2.4884777069091796875 0.036371704190969467163 0.18032470345497131348 1.7852971553802490234 0.8406054377555847168 
0.23362803459167480469 2.2702603340148925781 1.6204696893692016602 -0.4121201634407043457 0.23966196179389953613 0.69044971466064453125 -1.7786920070648193359 -1.4529012441635131836 0.054426688700914382935 2.0693366527557373047 
-0.50094556808471679688 -0.62246346473693847656 0.42149871587753295898 -0.2737604677677154541 -0.83510345220565795898 0.0014119753614068031311 0.34804323315620422363 -0.21034134924411773682 -0.6950785517692565918 -0.23903788626194000244 
-0.90045505762100219727 -0.61628437042236328125 -0.94157654047012329102 1.0320601463317871094 -0.2296431809663772583 -0.29070207476615905762 1.2204952239990234375 0.62552607059478759766 0.2913901209831237793 -1.0755116939544677734 
-0.396053314208984375 0.39160105586051940918 0.027991479262709617615 0.2964909672737121582 -0.36145001649856567383 0.023835591971874237061 0.92380464076995849609 0.14949443936347961426 0.14311330020427703857 1.4441739320755004883 
-0.19370958209037780762 0.33058440685272216797 0.58899962902069091797 0.93850719928741455078 -0.61235445737838745117 0.45805925130844116211 0.72137480974197387695 0.89321053028106689453 0.43321493268013000488 0.40926688909530639648 
-0.67440766096115112305 -0.26142325997352600098 -0.42007881402969360352 0.2157001495361328125 -0.74826991558074951172 -0.137943267822265625 0.70905184745788574219 1.2292065620422363281 -0.23246498405933380127 -1.0581263303756713867 
-0.26372158527374267578 0.60311734676361083984 0.68796277046203613281 0.52071118354797363281 -0.62456357479095458984 0.7826321721076965332 -0.45287391543388366699 -0.2989368438720703125 -0.66915047168731689453 0.36106449365615844727 
0.4674733281135559082 -0.15858723223209381104 0.16889066994190216064 0.026205955073237419128 -0.54532027244567871094 -0.57049268484115600586 -0.16524060070514678955 0.24894092977046966553 0.48245823383331298828 -0.1767425239086151123 
-0.64901202917098999023 -0.13148266077041625977 -0.016542410477995872498 0.35551351308822631836 0.0072449925355613231659 -0.26775175333023071289 0.69528627395629882812 1.4412181377410888672 0.88262617588043212891 0.93909740447998046875 
bias:
-1.0299575328826904297 
-1.5797535181045532227 
0.023066293448209762573 
-0.41293939948081970215 
-0.32162514328956604004 
0.11333592236042022705 
0.047160208225250244141 
-0.63575404882431030273 
-1.1869881153106689453 
-0.12425427138805389404 
10 1 
weights:
-3.5588841438293457031 -2.8952679634094238281 0.28751829266548156738 1.6710067987442016602 0.75317299365997314453 1.952257990837097168 1.2283666133880615234 -0.64627766609191894531 0.17160698771476745605 1.5592310428619384766 
bias:
-0.033423770219087600708 
