1 10 
weights:
1.3064161539077758789 
-0.3593807220458984375 
1.4112708568572998047 
-0.67504823207855224609 
-0.39153951406478881836 
1.067133784294128418 
-1.3749029636383056641 
0.79555785655975341797 
0.35226470232009887695 
0.93150842189788818359 
bias:
-0.71941077709197998047 
-0.1480112224817276001 
-0.41505753993988037109 
-1.7416706085205078125 
0.69805818796157836914 
-2.7054684162139892578 
-1.2685534954071044922 
2.1367192268371582031 
-0.11565878987312316895 
-0.53600049018859863281 
10 10 
weights:
0.95719391107559204102 -0.15896072983741760254 0.77678704261779785156 0.24646112322807312012 0.54630327224731445312 -0.76581615209579467773 -0.31936308741569519043 -0.36662617325782775879 -0.75275385379791259766 0.050485853105783462524 
-0.49044775962829589844 -0.056636959314346313477 -0.3216673433780670166 -0.88043624162673950195 -0.11760124564170837402 -0.65967297554016113281 -0.19965244829654693604 -0.6768258213996887207 -0.25885674357414245605 -0.40063363313674926758 
-2.5732791423797607422 -1.2037777900695800781 -1.7011820077896118164 -0.82189661264419555664 -0.94539093971252441406 -1.229529261589050293 -0.24708271026611328125 -2.1788911819458007812 -1.2362021207809448242 -1.4403874874114990234 
0.16887573897838592529 -0.96854412555694580078 -0.92325586080551147461 -0.86872047185897827148 0.23025521636009216309 0.32221263647079467773 0.69331514835357666016 0.66841852664947509766 0.69002282619476318359 -0.9015992283821105957 
-0.10451902449131011963 -0.23561701178550720215 -0.28522008657455444336 0.47601857781410217285 0.41146436333656311035 0.40988922119140625 0.0011395062319934368134 -1.3091753721237182617 -0.27879071235656738281 -0.90729385614395141602 
-0.78027784824371337891 -0.45716011524200439453 -0.75737154483795166016 -0.44314312934875488281 0.16104213893413543701 -1.2997435331344604492 -0.62818050384521484375 -1.012868046760559082 -1.5553934574127197266 -0.83801251649856567383 
-2.1402928829193115234 -0.82202661037445068359 -0.89487558603286743164 -1.2161614894866943359 -1.4687501192092895508 2.7835786342620849609 2.0154175758361816406 0.70820534229278564453 0.92215186357498168945 0.50778722763061523438 
-0.67480921745300292969 -0.60582637786865234375 -0.45537903904914855957 -0.24456465244293212891 -1.5367547273635864258 0.41392591595649719238 0.93415498733520507812 0.36994731426239013672 0.79594773054122924805 -0.1650225520133972168 
1.1083081960678100586 0.80236083269119262695 0.97348070144653320312 1.2654389142990112305 -0.2979882657527923584 -0.42673838138580322266 -0.53442770242691040039 -2.2621233463287353516 -1.2399027347564697266 0.53066432476043701172 
0.95050138235092163086 -0.32572776079177856445 -0.19051483273506164551 0.32927334308624267578 0.41126734018325805664 -0.37728226184844970703 -0.89030808210372924805 0.048737119883298873901 -0.51282614469528198242 0.2289921194314956665 
bias:
-0.71202397346496582031 
-1.4017060995101928711 
-2.5605893135070800781 
-0.47297072410583496094 
-0.39871782064437866211 
-1.2368927001953125 
-0.25788018107414245605 
-0.3390433192253112793 
0.25221216678619384766 
-0.64859521389007568359 
10 1 
weights:
1.2983143329620361328 -0.45670738816261291504 0.88968753814697265625 -1.0944464206695556641 0.76752644777297973633 0.44587776064872741699 -3.4045436382293701172 -1.6334674358367919922 2.7188408374786376953 0.91441082954406738281 
bias:
0.20584619045257568359 
