1 10 
weights:
0.85376769304275512695 
0.51219940185546875 
0.49862453341484069824 
0.5081093907356262207 
1.4576913118362426758 
0.85434567928314208984 
1.2684233188629150391 
1.3350090980529785156 
1.9229856729507446289 
1.2748762369155883789 
bias:
-2.5335245132446289062 
-0.69364917278289794922 
-0.25221180915832519531 
-0.099418468773365020752 
-0.93998467922210693359 
1.92425537109375 
1.645516514778137207 
-1.2148375511169433594 
0.06341352313756942749 
1.3123586177825927734 
10 10 
weights:
-0.60817605257034301758 -1.0354971885681152344 -0.44593152403831481934 -2.0735313892364501953 -0.37717097997665405273 -1.1583197116851806641 -1.2905219793319702148 -0.15715096890926361084 -0.13928462564945220947 -1.5144019126892089844 
0.75460809469223022461 1.4212694168090820312 1.0016897916793823242 1.0941060781478881836 0.27936166524887084961 2.0327832698822021484 1.639161229133605957 -0.35154542326927185059 0.31636863946914672852 1.2046872377395629883 
1.9543020725250244141 0.77280753850936889648 0.68504673242568969727 0.57077550888061523438 -0.051366042345762252808 1.1831270456314086914 -1.1114858388900756836 -0.62040883302688598633 -1.2765952348709106445 -1.0959571599960327148 
-1.4491162300109863281 -1.4777039289474487305 -0.96775156259536743164 -1.2366946935653686523 0.46204900741577148438 0.29187890887260437012 1.406239628791809082 0.41849854588508605957 1.0625692605972290039 0.69265806674957275391 
-0.027210868895053863525 0.20813293755054473877 0.39726018905639648438 -0.15142707526683807373 0.029883284121751785278 -1.0588176250457763672 -0.63060384988784790039 0.4626751244068145752 -0.28267496824264526367 -0.66259229183197021484 
-0.029977606609463691711 -0.30463060736656188965 -0.88614237308502197266 -0.58984673023223876953 -0.82237547636032104492 -0.95687019824981689453 -0.7346712946891784668 -0.60791826248168945312 0.00043158722110092639923 -0.72309529781341552734 
-1.0101747512817382812 -0.82630848884582519531 -0.9033845067024230957 -0.12294570356607437134 0.31816822290420532227 -0.35177540779113769531 0.033477619290351867676 -0.32739964127540588379 -0.53148961067199707031 -0.868267059326171875 
-0.059527523815631866455 -0.047887846827507019043 -0.78912252187728881836 0.042493447661399841309 0.42817670106887817383 -0.97479659318923950195 0.31007012724876403809 -0.26423895359039306641 0.48041823506355285645 0.30982342362403869629 
-1.4500281810760498047 -1.5204180479049682617 -1.3101930618286132812 -0.63642072677612304688 1.6005718708038330078 -1.3150285482406616211 -0.26737430691719055176 1.7965478897094726562 0.64810365438461303711 0.20466695725917816162 
-1.3113657236099243164 -1.2568879127502441406 -0.4453042149543762207 -0.84550511837005615234 0.95869618654251098633 -0.993984222412109375 0.75468289852142333984 1.6053562164306640625 -0.054396353662014007568 0.45723232626914978027 
bias:
-2.7540555000305175781 
-0.310901641845703125 
-0.22218555212020874023 
-0.26823768019676208496 
-1.2045536041259765625 
-1.1959143877029418945 
-0.86413156986236572266 
-0.53931730985641479492 
0.10903867334127426147 
-0.42382636666297912598 
10 1 
weights:
1.2556755542755126953 -3.3414549827575683594 -2.7772212028503417969 1.8914465904235839844 -0.37943828105926513672 0.69415968656539916992 0.8203213810920715332 0.6646531224250793457 2.2433567047119140625 1.7459872961044311523 
bias:
1.627369999885559082 
