1 10 
weights:
1.374865412712097168 
-0.39929598569869995117 
1.6581481695175170898 
0.85677635669708251953 
0.44936797022819519043 
-0.74035221338272094727 
0.46163046360015869141 
1.4451199769973754883 
0.49086576700210571289 
1.4641054868698120117 
bias:
-1.3994340896606445312 
-0.085020802915096282959 
0.2425918877124786377 
-2.3349778652191162109 
0.64359331130981445312 
-1.928811192512512207 
-0.74532371759414672852 
-0.97862321138381958008 
0.82229268550872802734 
1.6755045652389526367 
10 10 
weights:
-0.53767770528793334961 -0.77254760265350341797 -0.5254421234130859375 -0.46852394938468933105 0.067194968461990356445 -0.061878930777311325073 -0.44087037444114685059 -0.76774424314498901367 -0.52119600772857666016 -0.96443504095077514648 
0.52732682228088378906 0.065679565072059631348 0.80246663093566894531 -0.87019526958465576172 0.001227975357323884964 1.2654454708099365234 -0.21426078677177429199 0.012816498056054115295 -1.1013808250427246094 0.68544369935989379883 
-0.64180773496627807617 -0.86672300100326538086 0.29591441154479980469 -0.34421887993812561035 -0.36192634701728820801 0.51029163599014282227 -0.53264516592025756836 -0.54937529563903808594 0.24218857288360595703 -0.68220347166061401367 
-0.60337138175964355469 0.6344445347785949707 -0.26236274838447570801 0.29738157987594604492 -0.50225812196731567383 -0.067182458937168121338 -0.9530270695686340332 0.79411363601684570312 -0.62870305776596069336 -0.020909927785396575928 
-0.019115712493658065796 -0.91802167892456054688 -0.81331050395965576172 0.49725118279457092285 0.10844679176807403564 -0.36194664239883422852 0.81012296676635742188 -0.014067412354052066803 -0.792224884033203125 -0.14829215407371520996 
-1.1946783065795898438 -0.7189915776252746582 -0.3528824150562286377 -0.057162318378686904907 0.16849422454833984375 -1.0729501247406005859 0.036768607795238494873 -0.048965543508529663086 -0.72374463081359863281 0.28812304139137268066 
0.062398511916399002075 -2.3716442584991455078 -1.3571113348007202148 0.15643396973609924316 -2.3988192081451416016 -1.1426217555999755859 -1.3193701505661010742 -0.81340587139129638672 -0.86673933267593383789 -1.8595941066741943359 
-1.1550692319869995117 -1.1410632133483886719 -1.109074711799621582 2.5005533695220947266 1.6270996332168579102 -0.59386658668518066406 1.47991180419921875 -0.87639039754867553711 0.86969220638275146484 -1.5117889642715454102 
1.5852382183074951172 0.92441785335540771484 1.2280789613723754883 -1.1945223808288574219 -2.1466031074523925781 1.6921228170394897461 -1.1029222011566162109 1.0841408967971801758 -1.4640290737152099609 0.79600900411605834961 
-0.66716063022613525391 -0.64869415760040283203 -1.3345811367034912109 0.20213866233825683594 0.29969015717506408691 -0.20326635241508483887 1.4799703359603881836 0.022134900093078613281 0.91731566190719604492 -1.0866434574127197266 
bias:
-0.2513326108455657959 
-0.58889657258987426758 
-1.4793776273727416992 
-0.54831391572952270508 
-0.88478636741638183594 
-0.36611187458038330078 
-2.1078829765319824219 
-0.16422601044178009033 
-0.70536440610885620117 
-0.49429970979690551758 
10 1 
weights:
-0.96277189254760742188 1.3577063083648681641 -0.91187846660614013672 0.67461568117141723633 -0.61558061838150024414 -0.76712512969970703125 1.4471753835678100586 -3.0820155143737792969 3.0171294212341308594 -1.9700438976287841797 
bias:
0.13745003938674926758 
