1 10 
weights:
1.0719980001449584961 
1.0149934291839599609 
-1.2288038730621337891 
-0.97181183099746704102 
-1.053141474723815918 
-0.56190282106399536133 
0.79706442356109619141 
-0.46998640894889831543 
-0.5656273961067199707 
-1.1118559837341308594 
bias:
-2.9017472267150878906 
0.029305120930075645447 
-0.71005070209503173828 
0.05126700177788734436 
-2.5397851467132568359 
-1.1464364528656005859 
1.5142692327499389648 
-0.89047408103942871094 
1.2565349340438842773 
0.83364564180374145508 
10 10 
weights:
-0.17010396718978881836 -0.030681757256388664246 0.58173251152038574219 0.91663563251495361328 -0.24924936890602111816 -0.34276124835014343262 0.13022895157337188721 -0.56919783353805541992 -0.38741603493690490723 -0.26063579320907592773 
-0.35882690548896789551 -1.1362233161926269531 -0.0919647216796875 -0.18931724131107330322 0.051304854452610015869 -0.078489154577255249023 -1.0194023847579956055 -0.65382504463195800781 -0.56723523139953613281 -0.21526071429252624512 
-1.4343771934509277344 1.0008130073547363281 -2.0848269462585449219 -1.1713972091674804688 2.0910968780517578125 1.8087835311889648438 -2.0385413169860839844 1.4538407325744628906 1.342541813850402832 -1.7089393138885498047 
2.5024797916412353516 -0.096316397190093994141 -1.1968882083892822266 -0.63164937496185302734 0.10566946119070053101 -1.269501805305480957 -0.39678916335105895996 -0.44254130125045776367 -1.9318813085556030273 -0.49453198909759521484 
0.25919947028160095215 0.099141389131546020508 0.06764742732048034668 0.34122663736343383789 -0.4755961000919342041 0.16656257212162017822 -0.090963609516620635986 0.16498689353466033936 0.54232561588287353516 0.27053555846214294434 
-0.27150303125381469727 0.50928938388824462891 -0.69352513551712036133 -0.46194350719451904297 -0.38757982850074768066 -0.072055742144584655762 0.058010183274745941162 -0.73250794410705566406 -0.41609531641006469727 -0.4754727780818939209 
-1.5295674800872802734 -1.5547698736190795898 -0.048719953745603561401 -0.32350164651870727539 -0.55900985002517700195 -0.75516045093536376953 -1.4997816085815429688 -0.51279485225677490234 -1.5535048246383666992 -0.96694034337997436523 
0.15796932578086853027 -1.0846846103668212891 -0.4756241142749786377 -0.96385598182678222656 -0.31070542335510253906 0.56611073017120361328 -0.74743300676345825195 -1.3384445905685424805 -0.46172618865966796875 0.43902245163917541504 
0.11312907189130783081 0.66525661945343017578 -0.26290228962898254395 -0.49318829178810119629 0.12886960804462432861 -0.61844623088836669922 0.31655022501945495605 0.32082468271255493164 0.5651995539665222168 -0.48221063613891601562 
0.92665582895278930664 -1.4369378089904785156 1.3615213632583618164 0.44919225573539733887 0.74391752481460571289 0.32065719366073608398 -0.39700502157211303711 0.26018372178077697754 -0.030772514641284942627 -0.056999463587999343872 
bias:
-0.73086744546890258789 
-0.43917134404182434082 
0.67120754718780517578 
-0.53233087062835693359 
-0.10836917906999588013 
-0.20446929335594177246 
-2.1116847991943359375 
-0.89281475543975830078 
-1.422455906867980957 
-0.14913824200630187988 
10 1 
weights:
-0.77642995119094848633 -0.15787316858768463135 4.0327444076538085938 -2.2848305702209472656 -0.18910956382751464844 0.44396671652793884277 0.411968231201171875 -0.51387441158294677734 0.41084325313568115234 -2.0401182174682617188 
bias:
0.0234907492995262146 
