1 10 
weights:
-0.40207061171531677246 
0.9155559539794921875 
0.39754766225814819336 
-0.61188894510269165039 
1.5154782533645629883 
0.8347218632698059082 
0.43095719814300537109 
-1.957098841667175293 
0.4347616732120513916 
-1.4875806570053100586 
bias:
-0.21580976247787475586 
-2.8525087833404541016 
-0.49951034784317016602 
-1.2928957939147949219 
1.5895457267761230469 
2.0824561119079589844 
0.23746316134929656982 
-0.028429724276065826416 
-0.45905581116676330566 
1.5069936513900756836 
10 10 
weights:
0.55457484722137451172 -0.56807446479797363281 -0.21059368550777435303 -0.16420443356037139893 1.6061731576919555664 -0.11536157876253128052 -0.46245545148849487305 -0.69608885049819946289 -0.84650158882141113281 -1.88057708740234375 
0.86215507984161376953 -1.1102041006088256836 -1.222514033317565918 1.4289287328720092773 1.7770966291427612305 -1.2222762107849121094 -0.81290555000305175781 -0.48745000362396240234 0.29235088825225830078 -1.3080563545227050781 
0.18175664544105529785 -0.071273863315582275391 -1.3779406547546386719 -0.13694472610950469971 0.81300395727157592773 -0.37001553177833557129 -0.45114812254905700684 -0.51670813560485839844 -1.4764027595520019531 -0.22381378710269927979 
0.40983632206916809082 -0.024128900840878486633 -0.4581419527530670166 0.38243845105171203613 -0.39910876750946044922 -0.57429486513137817383 -0.35469928383827209473 0.024574080482125282288 0.211228981614112854 -0.36178928613662719727 
-0.031193515285849571228 -0.69690757989883422852 -0.13472996652126312256 0.92408996820449829102 0.80320370197296142578 -1.2410745620727539062 -0.42422723770141601562 -0.39831659197807312012 -0.6662375330924987793 -0.52326512336730957031 
-0.78827744722366333008 1.6803392171859741211 0.36125868558883666992 -0.57110345363616943359 -0.70134001970291137695 -0.27800288796424865723 0.59597748517990112305 0.15155971050262451172 0.16264778375625610352 -0.084076814353466033936 
-0.40887051820755004883 -0.039581067860126495361 -0.62428969144821166992 0.36258688569068908691 -0.99572968482971191406 0.033974181860685348511 0.41037130355834960938 1.0696702003479003906 -0.19542928040027618408 0.80348497629165649414 
0.89556229114532470703 0.095870606601238250732 -0.50797539949417114258 0.92319697141647338867 -0.54829770326614379883 -0.84995466470718383789 -1.3725830316543579102 0.11724419891834259033 -0.67576104402542114258 -0.76301676034927368164 
-0.41842073202133178711 1.2210081815719604492 0.93955332040786743164 -0.40943866968154907227 -1.8456805944442749023 0.063288487493991851807 0.22776648402214050293 0.11639840900897979736 0.79434376955032348633 0.38807415962219238281 
-0.97102850675582885742 1.9676803350448608398 -0.4560578465461730957 -0.89828270673751831055 -0.52256423234939575195 0.97262716293334960938 -0.34249141812324523926 0.68120723962783813477 -0.41397571563720703125 0.63184952735900878906 
bias:
-0.12789145112037658691 
0.56528806686401367188 
0.70586389303207397461 
-0.78714430332183837891 
0.33115720748901367188 
-1.009961247444152832 
-0.90899223089218139648 
-0.67665803432464599609 
-0.52758628129959106445 
-0.086457245051860809326 
10 1 
weights:
2.5818655490875244141 2.6469931602478027344 1.3938256502151489258 0.53527826070785522461 1.6922221183776855469 -1.3577116727828979492 -1.0095282793045043945 2.4513406753540039062 -1.6571372747421264648 -1.6849963665008544922 
bias:
-0.72532439231872558594 
