1 10 
weights:
0.98308634757995605469 
1.6469336748123168945 
0.82274252176284790039 
-1.6759179830551147461 
0.45961907505989074707 
1.1944556236267089844 
-0.54535490274429321289 
0.42324438691139221191 
1.2056013345718383789 
0.47500771284103393555 
bias:
-3.13390350341796875 
0.12020663917064666748 
2.1061813831329345703 
-1.8954639434814453125 
-0.96154260635375976562 
-1.1889810562133789062 
-0.8370342254638671875 
-0.14061482250690460205 
-1.034624934196472168 
-1.0083242654800415039 
10 10 
weights:
-0.24694757163524627686 0.79480177164077758789 -0.72821152210235595703 -0.94310849905014038086 -0.2436977773904800415 -0.55108600854873657227 0.23199059069156646729 -0.2229518890380859375 0.23232024908065795898 -0.57120162248611450195 
1.3293938636779785156 -0.3214594721794128418 1.719147801399230957 0.88561379909515380859 1.2318637371063232422 -1.7791274785995483398 -1.5462225675582885742 1.6195256710052490234 -1.2971528768539428711 1.0147887468338012695 
0.18030065298080444336 0.69606244564056396484 -1.0471559762954711914 0.078447289764881134033 -0.55297493934631347656 -0.73987013101577758789 -0.21224814653396606445 -0.91353088617324829102 0.58213007450103759766 0.16956181824207305908 
1.2174017429351806641 -0.94641762971878051758 0.33775132894515991211 0.34541270136833190918 0.76992619037628173828 -1.0240757465362548828 0.068079650402069091797 0.82503008842468261719 -0.16391770541667938232 0.59557282924652099609 
-0.54841697216033935547 -0.46163800358772277832 -0.67562437057495117188 0.34918195009231567383 -0.13810579478740692139 0.32010552287101745605 -0.81096929311752319336 -0.18281689286231994629 0.071728482842445373535 0.14414745569229125977 
-0.89861512184143066406 1.092067718505859375 -1.3365581035614013672 -0.8762683868408203125 -0.6721776127815246582 0.69142836332321166992 0.86048650741577148438 -0.62642359733581542969 -0.022061135619878768921 -0.86678755283355712891 
0.22430333495140075684 0.42095226049423217773 -1.2472695112228393555 -0.018077641725540161133 -0.44020965695381164551 0.056101426482200622559 -0.06709209829568862915 -1.186497807502746582 -0.21531808376312255859 -0.1769749373197555542 
0.70040237903594970703 -0.64398050308227539062 -0.35145777463912963867 -0.61010193824768066406 -0.12112496793270111084 0.67376059293746948242 -0.85169976949691772461 0.19814598560333251953 -0.31133437156677246094 0.070164255797863006592 
-1.8184425830841064453 1.2003202438354492188 -0.68097692728042602539 -0.74344915151596069336 -1.1199213266372680664 1.1356257200241088867 1.1230396032333374023 -0.62463682889938354492 0.65603488683700561523 -0.80944663286209106445 
-0.61937820911407470703 1.0126578807830810547 -0.57182914018630981445 -1.410400390625 -0.18855400383472442627 0.92125880718231201172 1.6724722385406494141 0.18246051669120788574 0.58547621965408325195 -0.40536957979202270508 
bias:
-1.0008417367935180664 
-0.41983819007873535156 
-0.13674308359622955322 
0.83202064037322998047 
-0.84811723232269287109 
0.15246914327144622803 
-0.27010035514831542969 
-0.31360089778900146484 
-0.091217450797557830811 
0.13504886627197265625 
10 1 
weights:
0.94299626350402832031 -3.5799436569213867188 0.28018951416015625 -2.1798601150512695312 0.11280314624309539795 1.6539176702499389648 0.74065393209457397461 -0.44746321439743041992 2.0036020278930664062 1.9678714275360107422 
bias:
1.5859382152557373047 
