1 10 
weights:
0.96651369333267211914 
-1.5432416200637817383 
0.69893157482147216797 
1.3783926963806152344 
0.88768714666366577148 
0.52917248010635375977 
0.92246705293655395508 
1.1159147024154663086 
1.2523766756057739258 
1.325266718864440918 
bias:
1.1874940395355224609 
0.55952095985412597656 
1.1026111841201782227 
0.44800204038619995117 
2.0812523365020751953 
-0.54294884204864501953 
0.81549781560897827148 
0.32093408703804016113 
-3.3681070804595947266 
-0.18602935969829559326 
10 10 
weights:
0.27778530120849609375 -2.0504806041717529297 -0.20604190230369567871 0.82421594858169555664 -0.41166102886199951172 -0.42987170815467834473 0.16382165253162384033 0.040009275078773498535 -0.78149408102035522461 0.61886352300643920898 
-0.54217094182968139648 -0.091814033687114715576 -0.11887851357460021973 -0.41504696011543273926 0.14797070622444152832 -0.080721668899059295654 -0.22586408257484436035 -0.91026806831359863281 0.055241230875253677368 -0.89671576023101806641 
-0.19613124430179595947 -0.023737723007798194885 0.59276175498962402344 0.94646847248077392578 -0.51049757003784179688 0.39586696028709411621 -0.12924467027187347412 0.51732879877090454102 -0.051907628774642944336 0.87405025959014892578 
-1.722385406494140625 0.69735342264175415039 -1.5987771749496459961 -1.101853489875793457 -1.211819767951965332 -1.1104006767272949219 -1.3432378768920898438 -2.4237613677978515625 -0.23764340579509735107 -0.55507731437683105469 
-0.53159767389297485352 -0.11448049545288085938 -1.2795226573944091797 0.27696198225021362305 -0.63634479045867919922 -0.83994513750076293945 -0.65459036827087402344 -1.0689464807510375977 0.031198251992464065552 -0.57818377017974853516 
1.1660975217819213867 -0.60334318876266479492 2.5219590663909912109 0.16928380727767944336 2.0243451595306396484 0.97068160772323608398 0.7227541804313659668 0.61137616634368896484 0.21367484331130981445 -0.11486245691776275635 
-0.4641679227352142334 0.37718525528907775879 -1.3925203084945678711 -0.54559504985809326172 -0.7452328801155090332 -1.1836266517639160156 -0.31943410634994506836 -0.88807415962219238281 0.26061594486236572266 -1.615777134895324707 
-0.5832220911979675293 -0.15497881174087524414 1.4737117290496826172 -0.76940417289733886719 -0.53284955024719238281 0.48494753241539001465 -0.69781613349914550781 -0.87399053573608398438 -1.0500737428665161133 0.31418359279632568359 
-0.75628525018692016602 0.12457291781902313232 1.6439322233200073242 -1.4708446264266967773 -0.055678740143775939941 1.732695460319519043 -0.15849466621875762939 -0.83075773715972900391 3.2539601325988769531 -0.5072237849235534668 
0.32238045334815979004 -0.30759006738662719727 0.08961315453052520752 -0.1040694117546081543 -0.76929432153701782227 -0.64977449178695678711 0.43160617351531982422 1.3049314022064208984 -0.20736186206340789795 0.63520395755767822266 
bias:
-0.70204794406890869141 
-0.0064828721806406974792 
-0.90536123514175415039 
-0.34518861770629882812 
-0.83489900827407836914 
-0.30097147822380065918 
-0.52536022663116455078 
-0.45042061805725097656 
-1.1797901391983032227 
-0.034705836325883865356 
10 1 
weights:
1.7560955286026000977 -0.013721879571676254272 0.93330562114715576172 1.4215266704559326172 0.63743638992309570312 -2.1431264877319335938 1.3185493946075439453 -0.2042729109525680542 -3.0902159214019775391 2.1400251388549804688 
bias:
0.59997957944869995117 
