1 10 
weights:
1.581780552864074707 
0.6891880035400390625 
0.20321796834468841553 
1.1206345558166503906 
-1.5783354043960571289 
-1.3885819911956787109 
-0.90833681821823120117 
1.2385138273239135742 
-0.42921584844589233398 
0.65324568748474121094 
bias:
0.043511267751455307007 
-1.3961678743362426758 
-1.1296602487564086914 
3.1153833866119384766 
1.301356196403503418 
-0.76300221681594848633 
2.0915219783782958984 
1.3604335784912109375 
-0.23242142796516418457 
-1.2150988578796386719 
10 10 
weights:
-0.1488247215747833252 0.80386644601821899414 0.010082551278173923492 1.060939788818359375 0.37951830029487609863 -0.75345635414123535156 0.25501975417137145996 0.39109140634536743164 -0.059259705245494842529 0.59997934103012084961 
-0.21943324804306030273 -0.55921667814254760742 0.19670087099075317383 -0.8152618408203125 1.3518061637878417969 1.7896943092346191406 0.28573366999626159668 -0.61300247907638549805 0.19194670021533966064 0.1411024928092956543 
0.8969510197639465332 -0.81235212087631225586 0.33151045441627502441 -1.1296824216842651367 -1.8423610925674438477 -0.15835516154766082764 -0.024856269359588623047 0.53812819719314575195 0.40945252776145935059 -0.20391444861888885498 
0.41100099682807922363 -1.0018823146820068359 -0.80387419462203979492 -0.77064144611358642578 -1.2408751249313354492 -0.77322143316268920898 0.44556605815887451172 0.40747582912445068359 1.016858220100402832 -0.18261931836605072021 
0.73561298847198486328 0.15160378813743591309 0.95133763551712036133 1.2769931554794311523 -0.56066781282424926758 0.81212729215621948242 0.33617392182350158691 0.16319566965103149414 -1.3048524856567382812 0.097529739141464233398 
-0.01452585216611623764 0.22928108274936676025 0.31013342738151550293 2.0824797153472900391 -0.092676810920238494873 -0.16425968706607818604 0.12009401619434356689 1.3609696626663208008 -0.41795492172241210938 1.0315469503402709961 
-0.76806908845901489258 -0.48866215348243713379 -0.2249688953161239624 0.2048298567533493042 -0.36589616537094116211 0.50557893514633178711 0.12458033859729766846 -0.032640930265188217163 0.21526902914047241211 -1.1247117519378662109 
0.92642831802368164062 -1.5466461181640625 0.7344353795051574707 -0.99339181184768676758 -0.81152677536010742188 -0.6325346827507019043 1.4719949960708618164 1.4052051305770874023 1.3295493125915527344 -1.4556533098220825195 
0.68671119213104248047 0.50861507654190063477 0.51522523164749145508 -0.49035027623176574707 0.30364128947257995605 0.32739493250846862793 1.1755199432373046875 0.67754155397415161133 0.074528366327285766602 1.3480249643325805664 
-0.58279889822006225586 1.2029432058334350586 0.83990246057510375977 0.70207458734512329102 1.0017107725143432617 1.1107742786407470703 -2.2538564205169677734 -0.99318099021911621094 -0.87461608648300170898 1.5530672073364257812 
bias:
0.12362442910671234131 
-0.46944445371627807617 
-0.18271431326866149902 
-0.15851357579231262207 
-0.01304201129823923111 
0.40280228853225708008 
-1.1498537063598632812 
0.4997132420539855957 
0.4938996434211730957 
-1.0697509050369262695 
10 1 
weights:
-0.94273155927658081055 -1.9550907611846923828 1.4096368551254272461 1.3034988641738891602 -0.92464733123779296875 -3.6535491943359375 -0.27126350998878479004 2.9404604434967041016 2.2771201133728027344 -2.3107101917266845703 
bias:
1.3423804044723510742 
