1 10 
weights:
0.45183345675468444824 
1.7200710773468017578 
0.43090176582336425781 
0.42277872562408447266 
0.41972517967224121094 
1.620550990104675293 
0.50340735912322998047 
0.43698242306709289551 
-0.59059005975723266602 
2.1113736629486083984 
bias:
0.45740243792533874512 
-1.8287069797515869141 
-0.62999403476715087891 
-0.50985044240951538086 
-0.16767804324626922607 
1.7350839376449584961 
-1.0489372014999389648 
-0.64213544130325317383 
-1.3655991554260253906 
-0.10996727645397186279 
10 10 
weights:
-0.33139762282371520996 -0.48533466458320617676 0.57873761653900146484 0.59642863273620605469 0.29347532987594604492 -1.0354508161544799805 -0.48638963699340820312 -0.52971154451370239258 -0.3343035280704498291 0.014108848758041858673 
-0.75463718175888061523 1.6523667573928833008 -0.69214993715286254883 -0.33271756768226623535 -0.84610295295715332031 -0.53939342498779296875 -0.14697003364562988281 -0.44586661458015441895 0.55009609460830688477 -0.13259939849376678467 
-0.99337720870971679688 1.2070406675338745117 -1.2088899612426757812 -1.0226691961288452148 -1.1308865547180175781 0.98548901081085205078 0.91535770893096923828 -0.39892968535423278809 -0.073202423751354217529 0.29964348673820495605 
1.4440511465072631836 -0.59434735774993896484 0.83786594867706298828 1.2743130922317504883 0.28556266427040100098 0.22531726956367492676 0.67651349306106567383 0.61045122146606445312 -0.30528980493545532227 -0.42497840523719787598 
-0.35461974143981933594 0.6330235600471496582 -0.19069764018058776855 0.7920086979866027832 0.89844840764999389648 0.22840015590190887451 0.13231004774570465088 0.42347282171249389648 0.55695116519927978516 0.20395796000957489014 
-1.0282714366912841797 2.0523662567138671875 -1.1153784990310668945 -1.2408869266510009766 -0.74802154302597045898 2.5311727523803710938 -1.5162163972854614258 -2.0470154285430908203 1.325886845588684082 1.1301021575927734375 
-1.309932708740234375 -0.20618842542171478271 -0.40985909104347229004 -0.22364170849323272705 -0.92560416460037231445 0.9069302678108215332 -1.0562177896499633789 0.46457615494728088379 0.19776149094104766846 0.20386433601379394531 
0.1194759756326675415 0.12458420544862747192 -0.41773390769958496094 0.71201056241989135742 1.4690179824829101562 -0.23693454265594482422 -0.28100174665451049805 0.99590212106704711914 0.20018063485622406006 0.36418622732162475586 
-0.40595021843910217285 1.7714425325393676758 -1.0917527675628662109 -0.35491445660591125488 0.088814683258533477783 1.2403545379638671875 -1.6006373167037963867 -0.69394344091415405273 1.3971688747406005859 0.4299488365650177002 
-0.84301197528839111328 1.097504734992980957 -0.3665599524974822998 -0.78536117076873779297 -1.6162923574447631836 1.9754154682159423828 -1.1690049171447753906 -1.1064438819885253906 1.4675731658935546875 1.7608981132507324219 
bias:
-0.61611956357955932617 
-0.66057622432708740234 
-0.34251424670219421387 
-0.24255016446113586426 
0.27546861767768859863 
0.036777000874280929565 
-0.38453894853591918945 
0.59850960969924926758 
-0.6944109797477722168 
-0.3151569366455078125 
10 1 
weights:
-0.63226729631423950195 1.1987596750259399414 1.1837285757064819336 -1.6350350379943847656 1.327158808708190918 2.704242706298828125 0.88770252466201782227 -1.5692504644393920898 1.8311624526977539062 2.3418455123901367188 
bias:
-2.5721242427825927734 
