1 10 
weights:
-0.33849415183067321777 
-0.46986341476440429688 
1.3441473245620727539 
0.5917758941650390625 
0.42791739106178283691 
-0.33247336745262145996 
-1.5740103721618652344 
-0.84626924991607666016 
0.62688016891479492188 
0.65200984477996826172 
bias:
-0.59387826919555664062 
0.76146870851516723633 
-1.4644929170608520508 
-1.4352647066116333008 
-0.46562254428863525391 
-0.76346534490585327148 
-0.20452699065208435059 
-2.0530667304992675781 
1.0553741455078125 
-1.7315698862075805664 
10 10 
weights:
0.67385625839233398438 0.38037484884262084961 0.68851494789123535156 -0.011006144806742668152 0.14908403158187866211 0.47696253657341003418 -0.57458251714706420898 0.73865121603012084961 -0.11658865958452224731 -0.5027459263801574707 
-0.62810474634170532227 0.03957559540867805481 0.86936259269714355469 -1.8300833702087402344 -0.087487541139125823975 -0.63270831108093261719 -0.85409629344940185547 0.84939551353454589844 -0.79714059829711914062 -0.26580467820167541504 
-0.85882109403610229492 -0.78236329555511474609 -0.52431708574295043945 0.61568754911422729492 0.64215695858001708984 0.12345328181982040405 0.25135520100593566895 -0.33990344405174255371 0.12683524191379547119 0.30036532878875732422 
-0.93838006258010864258 -0.61732536554336547852 -1.9669185876846313477 1.148327946662902832 0.64673620462417602539 -1.6763147115707397461 1.793487548828125 -0.67360264062881469727 0.061677191406488418579 1.3667567968368530273 
-0.39668002724647521973 -0.61770087480545043945 -0.12989950180053710938 -0.21488100290298461914 -0.32774060964584350586 -0.98639523983001708984 -0.70552027225494384766 0.088321916759014129639 0.40227901935577392578 -0.62513804435729980469 
-0.73923277854919433594 -1.0271753072738647461 -1.8951263427734375 0.51228392124176025391 0.93930721282958984375 -0.36248072981834411621 2.4191009998321533203 -2.1051986217498779297 2.1743092536926269531 0.61296123266220092773 
-0.33657211065292358398 -0.86466616392135620117 1.4065901041030883789 1.5729750394821166992 2.4371511936187744141 -0.57262700796127319336 -1.2691903114318847656 -0.94814342260360717773 2.1212131977081298828 0.44484990835189819336 
-0.5952434539794921875 -1.1869573593139648438 -0.18520662188529968262 0.04407839849591255188 -0.087140344083309173584 0.53906542062759399414 0.14013735949993133545 -0.41341555118560791016 -0.10865319520235061646 -0.021220663562417030334 
0.91384363174438476562 0.79802304506301879883 1.1945015192031860352 -0.46743854880332946777 -0.27694118022918701172 1.4359273910522460938 -1.8801531791687011719 0.76075339317321777344 -1.0727301836013793945 -0.78644311428070068359 
-0.55553382635116577148 -1.5044798851013183594 -0.19523656368255615234 1.4881626367568969727 1.0854364633560180664 -0.57162845134735107422 -0.35080993175506591797 -0.4785455167293548584 -0.85229098796844482422 0.76769858598709106445 
bias:
0.15535025298595428467 
0.21282787621021270752 
-0.47888064384460449219 
0.67423290014266967773 
-0.32013422250747680664 
-0.10576174408197402954 
0.74009305238723754883 
-0.59425652027130126953 
-0.80329310894012451172 
-0.79265838861465454102 
10 1 
weights:
1.547454833984375 1.0208265781402587891 -1.0158454179763793945 -2.6467254161834716797 -0.12889039516448974609 -2.8744809627532958984 2.5185022354125976562 -0.48974537849426269531 2.153575897216796875 -1.7271882295608520508 
bias:
0.49845084547996520996 
