1 10 
weights:
0.74560379981994628906 
-1.2073625326156616211 
0.49864372611045837402 
-1.8268229961395263672 
0.51790589094161987305 
-0.78480625152587890625 
0.46884182095527648926 
0.45090812444686889648 
1.2648004293441772461 
0.39900365471839904785 
bias:
1.8058125972747802734 
1.0130672454833984375 
-1.2891919612884521484 
-0.23026129603385925293 
0.55011725425720214844 
1.879862666130065918 
-0.80791926383972167969 
-0.33702015876770019531 
1.1306440830230712891 
-0.19481265544891357422 
10 10 
weights:
0.64872908592224121094 0.52169156074523925781 0.20265023410320281982 -0.77922403812408447266 -0.25644549727439880371 -0.41133236885070800781 -0.036810472607612609863 0.064657643437385559082 0.4466883540153503418 -0.63592481613159179688 
0.095519386231899261475 0.20220620930194854736 0.41340768337249755859 0.1769780963659286499 0.46720430254936218262 -0.83584570884704589844 0.11216565966606140137 -0.0069283372722566127777 -0.93680369853973388672 -0.55237507820129394531 
2.8033449649810791016 -0.71125996112823486328 0.58232760429382324219 -0.51726514101028442383 2.0810422897338867188 -0.72921693325042724609 0.68412572145462036133 1.6893913745880126953 -0.0424249991774559021 0.98887389898300170898 
1.4415285587310791016 1.1722754240036010742 1.1400587558746337891 0.86838048696517944336 1.1030496358871459961 -2.4408504962921142578 2.0415618419647216797 1.1262718439102172852 -3.1416585445404052734 0.65481489896774291992 
0.079884588718414306641 -1.8652215003967285156 0.62165606021881103516 -1.0125386714935302734 0.37256890535354614258 -0.88323897123336791992 -0.44294494390487670898 0.3629016876220703125 0.84470015764236450195 0.93384307622909545898 
-0.21498307585716247559 -0.94436448812484741211 -0.81813764572143554688 -0.85799425840377807617 -0.84657979011535644531 2.3721475601196289062 0.029904672876000404358 -0.031874254345893859863 1.5391719341278076172 -1.3909317255020141602 
-0.087400287389755249023 -0.58083337545394897461 0.46718227863311767578 -0.64435613155364990234 -0.18184000253677368164 -0.85864037275314331055 -0.36486652493476867676 0.53520029783248901367 1.1321711540222167969 0.018288794904947280884 
-0.1446962207555770874 -0.26879033446311950684 -0.5302295684814453125 -0.59264796972274780273 -0.34696531295776367188 -0.89672589302062988281 0.57929807901382446289 0.11909233033657073975 0.13520811498165130615 -0.40502139925956726074 
-0.57082128524780273438 0.46735870838165283203 0.21768489480018615723 0.12054156512022018433 0.093715466558933258057 -1.246786952018737793 0.37253937125205993652 0.3801988065242767334 0.22451977431774139404 -0.27537256479263305664 
-0.67813992500305175781 0.049383927136659622192 1.6058534383773803711 1.0886673927307128906 0.56304931640625 -1.2721669673919677734 0.52824491262435913086 -0.40179359912872314453 -0.097012348473072052002 0.070997677743434906006 
bias:
0.23800994455814361572 
-0.47340673208236694336 
0.3762105107307434082 
-1.7861090898513793945 
-0.32299634814262390137 
0.1594340205192565918 
-0.67265909910202026367 
-0.042964939028024673462 
-0.028441192582249641418 
-0.9599787592887878418 
10 1 
weights:
0.22015839815139770508 -0.40684077143669128418 -3.3667480945587158203 -3.3909249305725097656 2.3383631706237792969 2.1388952732086181641 0.52006769180297851562 0.17834095656871795654 -0.2920322120189666748 -0.7177632451057434082 
bias:
2.0502133369445800781 
