1 10 
weights:
0.40584060549736022949 
-0.76943278312683105469 
-1.0601942539215087891 
0.40479886531829833984 
-1.1733630895614624023 
0.86141937971115112305 
-1.3399260044097900391 
-1.0556504726409912109 
0.41457474231719970703 
1.3794497251510620117 
bias:
-0.51724094152450561523 
-2.0598504543304443359 
2.9817490577697753906 
-0.6241423487663269043 
0.086804211139678955078 
2.2667853832244873047 
0.99397611618041992188 
-0.12348993867635726929 
-0.04323751106858253479 
1.5301679372787475586 
10 10 
weights:
-0.70535951852798461914 1.2469518184661865234 -0.30874946713447570801 -0.26757526397705078125 -0.013527353294193744659 -0.42811176180839538574 -0.2708848118782043457 -0.174031868577003479 -0.13830821216106414795 -0.27261689305305480957 
0.43824490904808044434 -0.62439054250717163086 -1.3207191228866577148 0.16871936619281768799 0.45011404156684875488 0.77347171306610107422 0.95843255519866943359 -0.15623229742050170898 0.43496969342231750488 -0.6637242436408996582 
0.94675266742706298828 -1.8154488801956176758 -2.4413597583770751953 1.3853882551193237305 1.3480335474014282227 0.96164608001708984375 1.232326507568359375 0.47134241461753845215 0.61817306280136108398 -1.5226726531982421875 
-0.29583474993705749512 1.4654189348220825195 1.0327198505401611328 -0.46156418323516845703 -0.96153277158737182617 -1.360966801643371582 -1.1132982969284057617 -0.42339032888412475586 -0.69154274463653564453 0.079325839877128601074 
-0.31087520718574523926 -0.052540194243192672729 -1.0195701122283935547 0.13609203696250915527 1.074871063232421875 0.11648017913103103638 0.44960311055183410645 1.0214428901672363281 -0.32905271649360656738 -0.61216664314270019531 
0.1294034421443939209 0.20012213289737701416 -0.71048253774642944336 -0.091193288564682006836 0.37743017077445983887 -0.17197442054748535156 -1.1323486566543579102 0.84225535392761230469 0.16945284605026245117 0.21503812074661254883 
0.29233565926551818848 -0.47053071856498718262 -1.3221273422241210938 0.19966121017932891846 0.8274218440055847168 -0.17961600422859191895 -0.093640848994255065918 -0.63314682245254516602 0.010526138357818126678 -0.093183197081089019775 
-0.89743906259536743164 -0.12311843037605285645 0.87303048372268676758 -0.12894618511199951172 -0.40351226925849914551 -0.82885122299194335938 -0.76029413938522338867 -0.79854071140289306641 0.39195111393928527832 -0.017349217087030410767 
-0.29252150654792785645 0.69519591331481933594 0.31664523482322692871 0.58392280340194702148 0.069561548531055450439 -1.4580748081207275391 -0.90956568717956542969 0.4733409583568572998 -1.1924798488616943359 -0.72053086757659912109 
0.78756415843963623047 -0.17714382708072662354 -0.69510370492935180664 -0.21576030552387237549 0.73106551170349121094 -0.65492993593215942383 0.82661604881286621094 1.2439595460891723633 -0.27873170375823974609 -0.4286358952522277832 
bias:
-0.67920333147048950195 
-0.39546144008636474609 
-0.59927195310592651367 
0.76008975505828857422 
-0.47372201085090637207 
-1.0954363346099853516 
0.046723805367946624756 
0.079810023307800292969 
-0.48778653144836425781 
-0.24890510737895965576 
10 1 
weights:
0.91868013143539428711 -1.4016944169998168945 -2.9419770240783691406 2.2653281688690185547 -1.2327653169631958008 -0.12574537098407745361 -0.75055140256881713867 1.0847755670547485352 1.9313369989395141602 -1.0283795595169067383 
bias:
1.8310551643371582031 
