1 10 
weights:
1.3004935979843139648 
1.63715362548828125 
1.4377533197402954102 
-1.093964695930480957 
0.65392816066741943359 
0.45929539203643798828 
0.448394775390625 
-1.4092476367950439453 
-1.4274457693099975586 
0.7882410883903503418 
bias:
0.97256636619567871094 
-0.44037634134292602539 
-1.8319374322891235352 
-3.1734950542449951172 
-1.6247389316558837891 
-0.61061888933181762695 
-0.62735694646835327148 
-0.98602443933486938477 
0.045680180191993713379 
-2.1373646259307861328 
10 10 
weights:
-0.30794596672058105469 -0.61322307586669921875 -0.84457212686538696289 0.79422020912170410156 0.68813186883926391602 0.64762914180755615234 0.81203454732894897461 -0.14653190970420837402 0.28465899825096130371 0.6054477691650390625 
0.1977354586124420166 0.41784834861755371094 0.48611783981323242188 -0.83904469013214111328 0.1947882920503616333 -0.70592600107192993164 -0.25499415397644042969 -0.99598127603530883789 -0.80306017398834228516 -0.69195330142974853516 
-1.2085145711898803711 -0.67723751068115234375 0.0023643216118216514587 -1.1886918544769287109 0.79104721546173095703 0.73602777719497680664 0.32430005073547363281 0.55605810880661010742 0.20353093743324279785 1.7513269186019897461 
0.039903581142425537109 0.3761507868766784668 1.5690590143203735352 0.19978550076484680176 0.13964959979057312012 0.51340556144714355469 0.11804575473070144653 -0.057936035096645355225 0.77493965625762939453 1.0133727788925170898 
-0.43470594286918640137 -0.030241649597883224487 -0.82022076845169067383 0.10583759844303131104 0.20288635790348052979 0.99287068843841552734 0.2548001408576965332 -0.065719209611415863037 -0.64288312196731567383 0.78169834613800048828 
0.29916626214981079102 0.44807446002960205078 1.5700871944427490234 1.9208596944808959961 -0.74091517925262451172 -1.5785222053527832031 -1.198243260383605957 0.045026242733001708984 -1.2332329750061035156 -0.96565973758697509766 
-1.2740172147750854492 -1.0943754911422729492 -1.0616178512573242188 -0.71527934074401855469 -0.34398964047431945801 -0.18889679014682769775 -0.052177317440509796143 0.21550439298152923584 0.99237298965454101562 -0.1948808133602142334 
-0.030081536620855331421 -0.66926240921020507812 -1.0345165729522705078 -0.94488024711608886719 1.3233263492584228516 0.015383687801659107208 0.13299062848091125488 0.44258996844291687012 -0.46718633174896240234 0.86228203773498535156 
0.71453559398651123047 1.0190742015838623047 0.88944089412689208984 1.9017612934112548828 -1.2670460939407348633 -0.9642632603645324707 -0.94838941097259521484 -0.45065450668334960938 -0.33604532480239868164 -0.86110854148864746094 
-0.49803581833839416504 -0.45510950684547424316 -0.19916865229606628418 -1.0902251005172729492 0.40684714913368225098 0.8920180201530456543 1.2956027984619140625 0.49110552668571472168 -0.31095525622367858887 0.21590985357761383057 
bias:
-0.4034710228443145752 
-0.62593734264373779297 
-0.68660473823547363281 
0.099567182362079620361 
-0.99471658468246459961 
0.068484291434288024902 
-0.98615181446075439453 
0.42255795001983642578 
-0.34712776541709899902 
0.040154356509447097778 
10 1 
weights:
-0.88404297828674316406 0.68921792507171630859 -1.8938187360763549805 -0.15446825325489044189 -0.66534948348999023438 2.438648223876953125 -1.2828366756439208984 -1.4928201436996459961 2.0504324436187744141 -1.5609591007232666016 
bias:
1.5049501657485961914 
