1 10 
weights:
0.43456944823265075684 
0.93387430906295776367 
-0.47499519586563110352 
1.036459803581237793 
0.66686892509460449219 
1.4245984554290771484 
-1.774565577507019043 
0.62741988897323608398 
0.58453446626663208008 
0.62036031484603881836 
bias:
-0.18980565667152404785 
-2.3897783756256103516 
-0.42071881890296936035 
1.3524087667465209961 
0.71939748525619506836 
0.41741126775741577148 
1.8114533424377441406 
0.9773413538932800293 
0.69678765535354614258 
-1.3718761205673217773 
10 10 
weights:
0.063433848321437835693 -0.71361154317855834961 1.3997128009796142578 -0.69243943691253662109 -0.43881496787071228027 -1.2830786705017089844 2.0295121669769287109 -0.50107818841934204102 -0.1823622286319732666 -0.12259777635335922241 
0.61788189411163330078 -0.52601218223571777344 0.1642923504114151001 0.017925404012203216553 -0.74383509159088134766 -0.54759305715560913086 -0.70002394914627075195 0.3778928220272064209 -0.18590879440307617188 -1.3504896163940429688 
0.10976150631904602051 0.25349855422973632812 -0.4925066530704498291 -0.66671824455261230469 0.68950921297073364258 0.059152450412511825562 0.95728754997253417969 -0.83486336469650268555 -0.01852339133620262146 0.071867562830448150635 
-0.22040611505508422852 -0.93663221597671508789 0.48402327299118041992 0.36437878012657165527 -0.88477998971939086914 0.57876694202423095703 -0.82630079984664916992 -0.24074180424213409424 -0.063064560294151306152 0.017926475033164024353 
0.14368095993995666504 -0.45322433114051818848 0.23318549990653991699 -1.0477442741394042969 -0.044780086725950241089 -0.092527218163013458252 0.55860614776611328125 -0.75793761014938354492 0.80657666921615600586 -0.7903416752815246582 
-1.4279977083206176758 -2.625118255615234375 1.5157687664031982422 1.4800015687942504883 0.4670296013355255127 2.1695809364318847656 -1.6209899187088012695 -0.8937835693359375 -0.48799425363540649414 -2.1412019729614257812 
-0.81588733196258544922 -0.1189487650990486145 0.34588706493377685547 -0.6951236724853515625 -0.2601738274097442627 0.5175005793571472168 -0.61013644933700561523 -0.13654620945453643799 0.24807623028755187988 -0.51947486400604248047 
1.7113091945648193359 0.78559309244155883789 -0.82674330472946166992 1.5039484500885009766 1.2242418527603149414 1.0554943084716796875 -0.35196039080619812012 2.0160279273986816406 2.2028789520263671875 1.3558316230773925781 
-0.39094394445419311523 -0.24255533516407012939 0.14078390598297119141 -0.4094829559326171875 -0.089697420597076416016 0.19708818197250366211 -0.63921469449996948242 -0.78445357084274291992 -0.4346726834774017334 0.071972832083702087402 
-0.22915355861186981201 0.34435924887657165527 0.45579969882965087891 -0.58201956748962402344 -0.084583602845668792725 0.1116086617112159729 -0.68484836816787719727 -0.73695278167724609375 -0.67458701133728027344 -0.79168480634689331055 
bias:
-0.58991128206253051758 
0.87370920181274414062 
-0.39165568351745605469 
-0.38373887538909912109 
0.067075319588184356689 
1.3514525890350341797 
-0.2012539207935333252 
-0.21936239302158355713 
-0.059683579951524734497 
-0.10625004768371582031 
10 1 
weights:
-2.0745594501495361328 0.59616172313690185547 -0.62569540739059448242 1.1071108579635620117 -0.1242319643497467041 3.6121768951416015625 0.7079932093620300293 -3.4697360992431640625 0.7321599125862121582 0.90772420167922973633 
bias:
1.0627433061599731445 
