1 10 
weights:
1.4173653125762939453 
-1.1741354465484619141 
0.36777779459953308105 
-0.76874339580535888672 
0.38387224078178405762 
0.39604619145393371582 
0.39727416634559631348 
0.29368749260902404785 
0.58544099330902099609 
-1.1061514616012573242 
bias:
-1.6795427799224853516 
-1.3596558570861816406 
-0.62636804580688476562 
1.9793056249618530273 
-0.55747354030609130859 
-0.41624528169631958008 
-0.49755996465682983398 
0.1991303563117980957 
-1.0992203950881958008 
-3.2104485034942626953 
10 10 
weights:
0.48657849431037902832 -0.22624677419662475586 1.0879487991333007812 0.2544752657413482666 0.46179640293121337891 1.4921764135360717773 0.36581516265869140625 0.3719844818115234375 -0.21407337486743927002 0.29334190487861633301 
0.86684209108352661133 0.040841251611709594727 -0.25982445478439331055 -1.3260519504547119141 -0.36973857879638671875 -0.16044150292873382568 0.057254455983638763428 0.73673462867736816406 0.74702024459838867188 -0.26878595352172851562 
1.3930509090423583984 -1.8903013467788696289 0.86215490102767944336 -1.9276649951934814453 0.87061357498168945312 1.5223639011383056641 0.99841219186782836914 0.23205491900444030762 1.8361809253692626953 -0.37233793735504150391 
-1.800513148307800293 1.5536750555038452148 0.65763241052627563477 -1.6686191558837890625 1.1927759647369384766 0.76645261049270629883 0.92372792959213256836 0.28293308615684509277 0.73828750848770141602 -0.95532065629959106445 
0.4567737877368927002 -0.31660404801368713379 -0.081787213683128356934 -0.17607212066650390625 -0.19208356738090515137 0.040130756795406341553 -0.42806175351142883301 -0.82521671056747436523 0.19985999166965484619 0.40038150548934936523 
1.3698939085006713867 -0.85350435972213745117 -1.3729388713836669922 0.50907319784164428711 -0.86036050319671630859 -0.26927006244659423828 -0.80457884073257446289 -0.041369825601577758789 -0.45121169090270996094 2.0658066272735595703 
-1.1671652793884277344 0.42836081981658935547 0.63658124208450317383 -1.5888559818267822266 0.92350113391876220703 0.65137088298797607422 0.50639516115188598633 0.092857718467712402344 0.71951651573181152344 -0.36522200703620910645 
-0.68911665678024291992 -0.0061853793449699878693 0.041051741689443588257 -0.12830443680286407471 0.16637821495532989502 -0.60047155618667602539 -0.082051701843738555908 -0.78059482574462890625 -0.46170085668563842773 0.25697195529937744141 
0.96788448095321655273 -0.5405896306037902832 -0.59122753143310546875 -0.10563398152589797974 -0.74007642269134521484 -1.0497846603393554688 -0.24399259686470031738 -1.2306566238403320312 -0.4933739006519317627 1.0491226911544799805 
1.2757412195205688477 -0.18857221305370330811 -0.4458936154842376709 0.56822305917739868164 -0.22193151712417602539 -0.6795737147331237793 -0.20864707231521606445 -0.38630935549736022949 -0.9495932459831237793 1.2331126928329467773 
bias:
0.21089948713779449463 
-1.18686676025390625 
0.069599233567714691162 
-0.74663692712783813477 
-0.68650996685028076172 
-0.53205949068069458008 
-0.78838455677032470703 
-0.51587378978729248047 
0.51703816652297973633 
-0.96120220422744750977 
10 1 
weights:
-0.62596410512924194336 -0.88921976089477539062 3.5937123298645019531 -2.94817352294921875 0.27907159924507141113 2.5289325714111328125 -2.1065416336059570312 0.48307138681411743164 1.8047250509262084961 1.6614340543746948242 
bias:
-1.2921200990676879883 
