1 10 
weights:
1.4141517877578735352 
1.0229694843292236328 
1.4367684125900268555 
1.6507493257522583008 
0.74175423383712768555 
0.80738425254821777344 
-1.3067028522491455078 
0.4354375004768371582 
0.62900662422180175781 
0.49675652384757995605 
bias:
1.6390246152877807617 
-2.9148776531219482422 
-0.75438642501831054688 
0.50836890935897827148 
1.0943865776062011719 
1.7519407272338867188 
1.1268268823623657227 
-0.3743241429328918457 
0.85155165195465087891 
-1.0699692964553833008 
10 10 
weights:
0.38089597225189208984 -0.21803101897239685059 0.51296734809875488281 -0.20438359677791595459 -0.28032517433166503906 -1.2007205486297607422 -0.85077214241027832031 0.14030039310455322266 -0.7485625147819519043 -0.61935967206954956055 
0.19356247782707214355 -0.83521687984466552734 1.0809305906295776367 0.28535351157188415527 -0.30656248331069946289 -0.64457750320434570312 -0.44613936543464660645 0.05692178383469581604 -0.29028907418251037598 -0.72835314273834228516 
0.045573204755783081055 -0.18244595825672149658 0.77303141355514526367 0.53594285249710083008 -0.01297079864889383316 -1.4318604469299316406 -0.21155008673667907715 -0.6034603118896484375 -1.2067017555236816406 -0.71765536069869995117 
0.52790069580078125 -0.96332752704620361328 -0.70955270528793334961 0.4131914973258972168 -1.8002773523330688477 -1.7135289907455444336 0.52477586269378662109 -1.3158338069915771484 -2.3187730312347412109 -1.1736304759979248047 
0.18736341595649719238 0.44244754314422607422 -0.14039148390293121338 0.4016208946704864502 -0.34368392825126647949 -0.70811009407043457031 -0.49382346868515014648 -0.60636895895004272461 -0.57529878616333007812 -0.10765971243381500244 
1.6628806591033935547 -1.9492379426956176758 1.4890242815017700195 1.2304900884628295898 0.49217674136161804199 -0.568935394287109375 -0.068862281739711761475 -0.98338478803634643555 -1.4207221269607543945 -1.7743172645568847656 
0.63397145271301269531 0.55613672733306884766 0.70976161956787109375 0.31234610080718994141 0.12624466419219970703 0.22572468221187591553 0.71225750446319580078 0.38501098752021789551 -0.021530758589506149292 0.30833587050437927246 
-0.45025491714477539062 0.59251552820205688477 -0.34891694784164428711 -0.50858610868453979492 0.21108908951282501221 0.5969683527946472168 1.2727680206298828125 0.88553267717361450195 -0.065401352941989898682 0.46160534024238586426 
-0.057400584220886230469 1.6889818906784057617 -0.4413973391056060791 -0.49434641003608703613 -0.052998691797256469727 -0.094970613718032836914 0.10826855897903442383 -0.31326916813850402832 -0.58021205663681030273 -0.36477762460708618164 
1.2809748649597167969 -1.8129087686538696289 2.1856992244720458984 0.15339574217796325684 -0.54172515869140625 -1.2724370956420898438 -0.55778288841247558594 -1.2363761663436889648 0.097828023135662078857 -0.14508081972599029541 
bias:
-0.50764673948287963867 
-0.46439209580421447754 
0.3748092949390411377 
0.47150921821594238281 
0.21605284512042999268 
0.29348960518836975098 
1.284903407096862793 
-0.058054264634847640991 
-0.0061191460117697715759 
0.16112087666988372803 
10 1 
weights:
1.8903690576553344727 0.95974642038345336914 1.0444403886795043945 2.9704883098602294922 0.47435814142227172852 3.0814139842987060547 -1.3610818386077880859 -1.7947582006454467773 -0.55288970470428466797 2.0164051055908203125 
bias:
-0.72673767805099487305 
