1 10 
weights:
1.574118494987487793 
1.5183771848678588867 
0.99801558256149291992 
1.6421601772308349609 
1.5544688701629638672 
1.0089014768600463867 
1.5018972158432006836 
0.50042420625686645508 
1.3303549289703369141 
0.5562623143196105957 
bias:
-1.8454252481460571289 
-0.4624919891357421875 
2.6646549701690673828 
0.58119797706604003906 
-0.57899260520935058594 
-2.7881870269775390625 
0.76773947477340698242 
-0.093988358974456787109 
1.6500213146209716797 
0.12694266438484191895 
10 10 
weights:
0.66921901702880859375 0.29912006855010986328 -0.60357040166854858398 -0.99007302522659301758 -0.39344793558120727539 1.104565739631652832 -0.28670549392700195312 0.37820959091186523438 -0.87254112958908081055 0.49178597331047058105 
0.23285965621471405029 -0.24722304940223693848 1.3664492368698120117 0.13467997312545776367 0.8315613865852355957 0.96008169651031494141 0.81258022785186767578 -0.18905219435691833496 -0.53072732686996459961 0.30937942862510681152 
-0.010853357613086700439 -0.62383300065994262695 -0.098815426230430603027 -0.80011826753616333008 -0.2674376368522644043 0.42272347211837768555 0.18121537566184997559 -0.24964193999767303467 -0.65471881628036499023 0.57337373495101928711 
0.74120450019836425781 0.68775475025177001953 0.79627048969268798828 0.85521084070205688477 0.83324867486953735352 1.0672354698181152344 0.39019414782524108887 0.90184450149536132812 0.3686275184154510498 1.8896979093551635742 
1.5578140020370483398 0.12554858624935150146 -1.2246283292770385742 0.5063502192497253418 0.25945058465003967285 -0.8127282261848449707 -0.33137309551239013672 -1.4615703821182250977 -0.12693266570568084717 -0.87448364496231079102 
0.5476315617561340332 -0.8589236140251159668 1.3362828493118286133 -0.85628980398178100586 -0.46196821331977844238 2.8889372348785400391 -1.2238650321960449219 1.2822855710983276367 -1.3380668163299560547 0.89601457118988037109 
1.0509537458419799805 0.64546859264373779297 -1.8780628442764282227 -0.10410938411951065063 0.89143806695938110352 -0.14444591104984283447 0.12236240506172180176 -1.1142870187759399414 0.12151560932397842407 -0.88755947351455688477 
-0.661312103271484375 0.14174568653106689453 -0.18268606066703796387 -0.020630132406949996948 -0.97045141458511352539 0.12476316839456558228 -0.42578044533729553223 0.71424049139022827148 -0.84536832571029663086 0.077477365732192993164 
-0.85016655921936035156 0.17137230932712554932 -0.32539403438568115234 0.25070372223854064941 0.071150898933410644531 0.52770966291427612305 -0.40614417195320129395 0.048291716724634170532 -0.18562370538711547852 0.13871313631534576416 
0.29195731878280639648 1.6739219427108764648 -2.1991729736328125 1.2443354129791259766 0.36594885587692260742 -1.6849229335784912109 0.65853005647659301758 -0.15644234418869018555 -0.24976520240306854248 -1.147913813591003418 
bias:
-0.30439904332160949707 
0.27458596229553222656 
-1.1779146194458007812 
0.15378114581108093262 
0.27059060335159301758 
-1.1574550867080688477 
-0.14463339745998382568 
-0.85242736339569091797 
-1.2878907918930053711 
0.17196257412433624268 
10 1 
weights:
-0.54771721363067626953 -0.96769893169403076172 -0.94898217916488647461 -1.3123273849487304688 1.5710180997848510742 -2.8792216777801513672 1.9267556667327880859 -0.72448021173477172852 -0.33971297740936279297 2.5337765216827392578 
bias:
1.7072765827178955078 
