1 10 
weights:
0.45559698343276977539 
0.63275361061096191406 
0.44976374506950378418 
1.7873575687408447266 
0.45774924755096435547 
1.8918548822402954102 
1.6609529256820678711 
0.45465311408042907715 
0.60653299093246459961 
0.72105455398559570312 
bias:
-0.48052015900611877441 
1.1101154088973999023 
-0.12584954500198364258 
-1.7167989015579223633 
-0.54503512382507324219 
0.098009824752807617188 
2.0782425403594970703 
-0.28533408045768737793 
0.91325384378433227539 
-1.8916656970977783203 
10 10 
weights:
1.3945686817169189453 0.1075070500373840332 0.19860653579235076904 -0.48025855422019958496 0.5141875147819519043 -1.3085652589797973633 -0.95067793130874633789 0.93546998500823974609 -0.43846744298934936523 1.2287847995758056641 
-0.4914016425609588623 -0.5643475651741027832 0.18968184292316436768 -0.44607385993003845215 -1.2404264211654663086 -0.36813241243362426758 -1.1576508283615112305 -1.5246627330780029297 -0.48304447531700134277 -1.4068982601165771484 
1.8390469551086425781 0.82927304506301879883 0.25247913599014282227 -0.1887874901294708252 0.1767266690731048584 0.83188223838806152344 0.90565919876098632812 1.9068504571914672852 1.0875000953674316406 0.70553469657897949219 
-0.72586154937744140625 -0.69488525390625 -0.011936176568269729614 -0.73524910211563110352 -0.7736447453498840332 -0.073520459234714508057 0.037727214395999908447 -0.15412624180316925049 -0.50207722187042236328 0.064803414046764373779 
-0.10055646300315856934 -0.87871927022933959961 -0.85515755414962768555 2.0663876533508300781 -1.5756237506866455078 1.0314127206802368164 -0.09480972588062286377 -0.07381324470043182373 -0.77207547426223754883 -0.20787438750267028809 
-0.59805309772491455078 -1.4303646087646484375 -0.26419049501419067383 0.45774847269058227539 -0.67479455471038818359 -0.010206332430243492126 0.017342057079076766968 -0.31564742326736450195 -0.45602560043334960938 0.24032521247863769531 
0.40501186251640319824 -0.28323647379875183105 -1.0765807628631591797 0.12852121889591217041 -0.46958532929420471191 -0.46188047528266906738 -0.0020006110426038503647 0.2833881080150604248 -1.5937725305557250977 -0.28735125064849853516 
-1.0638830661773681641 -1.3414160013198852539 -1.423386693000793457 -0.43966978788375854492 -0.93058502674102783203 0.023236591368913650513 -0.50420933961868286133 -0.0089781526476144790649 -0.39899733662605285645 0.21055185794830322266 
0.65594780445098876953 -0.63180238008499145508 -0.75887537002563476562 0.3524557650089263916 -0.64660286903381347656 0.26757064461708068848 0.12851220369338989258 -0.53391307592391967773 -0.38223341107368469238 -0.33428260684013366699 
-1.3651027679443359375 -1.2854512929916381836 -1.6199263334274291992 2.2260355949401855469 -1.4315302371978759766 1.9684544801712036133 2.4657108783721923828 -1.062769770622253418 -1.0509271621704101562 -1.5599832534790039062 
bias:
-0.60820168256759643555 
-2.3973393440246582031 
0.048761703073978424072 
0.40053823590278625488 
-0.46245416998863220215 
-0.00068989669671282172203 
-0.6484019160270690918 
-1.4558967351913452148 
-0.33665269613265991211 
1.1432337760925292969 
10 1 
weights:
-1.619433283805847168 1.9456000328063964844 -1.7865394353866577148 -0.13770809769630432129 1.9509801864624023438 1.0341632366180419922 0.75954413414001464844 1.184435725212097168 0.81029790639877319336 4.3800463676452636719 
bias:
-1.1217398643493652344 
