1 10 
weights:
0.5494931340217590332 
0.49185699224472045898 
0.76840853691101074219 
0.53075963258743286133 
1.2696056365966796875 
1.2641956806182861328 
0.48573520779609680176 
1.1339914798736572266 
0.47538191080093383789 
1.2243889570236206055 
bias:
-0.051853500306606292725 
-0.38227021694183349609 
1.6656813621520996094 
-1.116265416145324707 
-1.3548392057418823242 
-0.23158849775791168213 
-0.92619556188583374023 
-3.1167209148406982422 
-0.49386867880821228027 
1.4975831508636474609 
10 10 
weights:
0.55518436431884765625 0.65567475557327270508 -0.001512906048446893692 0.198331490159034729 -1.1790813207626342773 0.0022089073900133371353 0.68575698137283325195 0.54133087396621704102 0.42367133498191833496 -1.0279965400695800781 
0.10029762238264083862 0.18660625815391540527 -0.20893080532550811768 0.25479117035865783691 0.35146665573120117188 -0.45094671845436096191 0.36091476678848266602 0.74365091323852539062 0.22793011367321014404 -0.83104509115219116211 
-0.34036988019943237305 0.23722855746746063232 0.011844130232930183411 0.40548384189605712891 -1.4471620321273803711 -0.17518571019172668457 -0.10988298803567886353 0.55756026506423950195 -0.58453100919723510742 -0.79218363761901855469 
-1.034562230110168457 -0.24373012781143188477 0.21667091548442840576 -1.8030449151992797852 2.0256230831146240234 2.4096555709838867188 -0.80612969398498535156 -2.5816056728363037109 -0.9614989161491394043 0.31901007890701293945 
-0.62194806337356567383 -0.0065718330442905426025 -0.81231439113616943359 0.84329992532730102539 0.2368275374174118042 -0.40828093886375427246 0.12190290540456771851 0.37222495675086975098 -0.24005043506622314453 -0.4662672579288482666 
-1.7012622356414794922 -1.6015329360961914062 -1.9864788055419921875 -1.2775758504867553711 0.11786961555480957031 0.4052174985408782959 -0.96627348661422729492 -0.42598119378089904785 -1.2313170433044433594 -1.9847784042358398438 
0.52167719602584838867 -0.51398938894271850586 -0.20479162037372589111 -0.76726484298706054688 0.28973075747489929199 1.3649432659149169922 -0.65249031782150268555 -1.0942015647888183594 -0.2349497377872467041 0.60170304775238037109 
0.86180830001831054688 0.31765004992485046387 0.006193332374095916748 0.68065726757049560547 0.46272179484367370605 1.0537728071212768555 0.37810218334197998047 0.46413496136665344238 0.33500248193740844727 0.30940419435501098633 
0.30085173249244689941 0.45387256145477294922 1.5323294401168823242 0.55929243564605712891 -0.060832057148218154907 0.69135248661041259766 0.73477685451507568359 -0.61036658287048339844 0.37212350964546203613 1.3030301332473754883 
0.29258733987808227539 0.31872931122779846191 0.065902248024940490723 0.48207101225852966309 0.33175191283226013184 1.6331460475921630859 0.48317250609397888184 -0.39527371525764465332 -0.61460649967193603516 0.30274373292922973633 
bias:
-0.10023176670074462891 
-0.51122075319290161133 
-0.23066270351409912109 
-0.11590729653835296631 
-0.44808730483055114746 
0.74596256017684936523 
-0.72597575187683105469 
-0.51968514919281005859 
-0.099391296505928039551 
0.38031598925590515137 
10 1 
weights:
-1.1556046009063720703 -0.76339256763458251953 -1.1467821598052978516 3.1417284011840820312 -0.10663045197725296021 5.0149130821228027344 1.1135495901107788086 1.3487806320190429688 -1.3352839946746826172 2.0687737464904785156 
bias:
-2.7390148639678955078 
