1 10 
weights:
-0.82508182525634765625 
0.39421108365058898926 
1.4992897510528564453 
0.4427254796028137207 
0.42726090550422668457 
1.3490327596664428711 
1.2902411222457885742 
-0.37798160314559936523 
0.48785233497619628906 
1.1485270261764526367 
bias:
-2.3753211498260498047 
0.17576725780963897705 
-0.60893911123275756836 
-1.0075654983520507812 
-0.86271989345550537109 
1.2430974245071411133 
-1.1501166820526123047 
0.57831692695617675781 
0.69847196340560913086 
-2.8820528984069824219 
10 10 
weights:
-1.3240236043930053711 -0.97863119840621948242 -1.3638451099395751953 -0.44888153672218322754 -1.1691623926162719727 -1.1298084259033203125 -1.099549412727355957 -1.804156184196472168 -2.0832045078277587891 -0.71559357643127441406 
-0.49973377585411071777 -0.86246079206466674805 -0.23717093467712402344 -0.74849843978881835938 0.40989169478416442871 0.098069176077842712402 -0.065931491553783416748 -0.90698194503784179688 -0.57598388195037841797 -0.93856924772262573242 
1.0581613779067993164 -1.4114640951156616211 1.2907394170761108398 -0.5119813084602355957 -1.0515489578247070312 1.9438824653625488281 1.0575455427169799805 0.95413601398468017578 -0.7600460052490234375 -1.8999253511428833008 
0.16438397765159606934 -0.28939428925514221191 -0.85223871469497680664 -0.65373402833938598633 -0.0035648127086460590363 -0.41543787717819213867 0.161123618483543396 -0.30953949689865112305 -0.38562694191932678223 0.14334723353385925293 
-0.71886914968490600586 1.1354465484619140625 -0.11336766928434371948 0.010138817131519317627 -0.5946292877197265625 -0.17243951559066772461 -0.28722348809242248535 -0.88758867979049682617 -1.3267977237701416016 0.43923205137252807617 
0.63518363237380981445 0.25831183791160583496 0.50987482070922851562 -0.57057666778564453125 0.34290724992752075195 1.3263317346572875977 1.3145461082458496094 -0.55671900510787963867 -0.69301623106002807617 1.3743560314178466797 
0.05841661989688873291 -1.448874354362487793 -0.10139244049787521362 -0.53784883022308349609 -0.57851314544677734375 0.22670334577560424805 -0.70639181137084960938 -0.6273434758186340332 -0.40804332494735717773 -0.94766134023666381836 
-0.74143612384796142578 0.37892073392868041992 -1.2230632305145263672 1.2487429380416870117 0.64107674360275268555 -1.6427454948425292969 -0.79727339744567871094 -0.92048150300979614258 0.89705157279968261719 1.7935967445373535156 
0.90888833999633789062 -0.4297943115234375 0.31196811795234680176 0.039902191609144210815 0.25691756606101989746 -0.048210192471742630005 0.68987667560577392578 -0.18004469573497772217 -0.3531849980354309082 -0.46369856595993041992 
-1.6660237312316894531 1.3253766298294067383 0.35421472787857055664 1.0739638805389404297 0.84450453519821166992 0.11093082278966903687 0.41732490062713623047 -0.0093531152233481407166 1.4282327890396118164 0.074684694409370422363 
bias:
-2.5437724590301513672 
-1.1687784194946289062 
-0.37135642766952514648 
-1.2928766012191772461 
-1.1835565567016601562 
-0.83587354421615600586 
-1.5225450992584228516 
0.18781507015228271484 
0.74052643775939941406 
0.62963151931762695312 
10 1 
weights:
1.462279200553894043 0.2371168285608291626 3.1060392856597900391 -0.31034487485885620117 -0.51112383604049682617 2.2543518543243408203 0.080678515136241912842 -2.6507940292358398438 1.3735927343368530273 -3.2229731082916259766 
bias:
-0.27342328429222106934 
