1 10 
weights:
0.55891722440719604492 
0.94288623332977294922 
1.5010609626770019531 
-0.45054087042808532715 
-0.4078654944896697998 
1.0427532196044921875 
-0.61485970020294189453 
-1.2192146778106689453 
1.7000967264175415039 
0.43012779951095581055 
bias:
-1.1975363492965698242 
2.2853288650512695312 
0.20288135111331939697 
-0.66616231203079223633 
-0.63078683614730834961 
-2.4939067363739013672 
-1.5731297731399536133 
-1.2500143051147460938 
-1.5033195018768310547 
-0.16542004048824310303 
10 10 
weights:
0.075446195900440216064 0.013634229078888893127 0.799892425537109375 1.0397307872772216797 1.1629452705383300781 -0.57260525226593017578 0.95111179351806640625 -0.85393726825714111328 0.85187244415283203125 0.43398189544677734375 
-1.5276324748992919922 0.24661545455455780029 1.755391240119934082 1.4046171903610229492 0.59230005741119384766 -2.8466687202453613281 1.6208155155181884766 -1.7142368555068969727 1.3461306095123291016 -1.1703770160675048828 
0.61378681659698486328 0.11391951888799667358 -1.1100687980651855469 0.38706916570663452148 0.26958858966827392578 -0.62415170669555664062 -0.37724190950393676758 -0.090008109807968139648 -0.87273395061492919922 -1.0522323846817016602 
0.85723584890365600586 1.4448924064636230469 0.98954206705093383789 0.5248768925666809082 0.61254781484603881836 0.77983635663986206055 0.078311018645763397217 -0.2054195404052734375 0.63523072004318237305 0.43609845638275146484 
0.21052268147468566895 -0.25658398866653442383 0.33666488528251647949 -0.35231736302375793457 -0.7872130274772644043 0.20393522083759307861 -0.75145953893661499023 0.53612679243087768555 -0.74159657955169677734 -0.53987532854080200195 
0.44669568538665771484 0.5167242884635925293 -0.40698036551475524902 -0.37946042418479919434 -0.71753126382827758789 0.97803276777267456055 -0.14814610779285430908 0.95042592287063598633 -1.6813386678695678711 0.45814457535743713379 
0.38237771391868591309 0.10819207131862640381 0.0099510280415415763855 -0.53818672895431518555 -0.11055672913789749146 -0.15355157852172851562 0.66187125444412231445 -0.54229599237442016602 -0.47109895944595336914 -0.021562578156590461731 
0.0062656998634338378906 2.9139196872711181641 0.51940786838531494141 -1.1483011245727539062 -0.36897671222686767578 0.93956685066223144531 -1.0981298685073852539 -0.098254233598709106445 0.046065635979175567627 1.0393297672271728516 
0.39743062853813171387 -0.21534071862697601318 -0.013371222652494907379 0.1789175868034362793 0.31640160083770751953 0.39680403470993041992 0.0023571683559566736221 -0.3311678767204284668 0.34728637337684631348 -0.33606562018394470215 
0.16506227850914001465 -0.22862505912780761719 -1.0176452398300170898 0.91139060258865356445 0.46424555778503417969 0.42192363739013671875 0.35372269153594970703 0.77249509096145629883 -1.228367924690246582 -0.083747312426567077637 
bias:
-0.069427564740180969238 
0.50373607873916625977 
-0.096363097429275512695 
0.90086889266967773438 
-0.57752817869186401367 
-0.75860059261322021484 
-0.67895394563674926758 
0.9856001734733581543 
-0.047807801514863967896 
0.16655816137790679932 
10 1 
weights:
3.0437998771667480469 3.6513376235961914062 -0.54671335220336914062 -2.1732358932495117188 -0.64189410209655761719 -1.4231286048889160156 0.0055623021908104419708 -2.2528264522552490234 0.74635255336761474609 -1.2849403619766235352 
bias:
-0.037793148308992385864 
