1 10 
weights:
0.8542296290397644043 
0.52477484941482543945 
0.55110913515090942383 
0.59930211305618286133 
1.5967736244201660156 
0.62477517127990722656 
1.7939941883087158203 
1.639392852783203125 
0.50988727807998657227 
0.45926114916801452637 
bias:
2.0778355598449707031 
-1.0347522497177124023 
-1.1658231019973754883 
0.74546611309051513672 
1.8210351467132568359 
-1.4911627769470214844 
-0.14942808449268341064 
-2.1092741489410400391 
-0.92664772272109985352 
-0.28231075406074523926 
10 10 
weights:
-0.33856505155563354492 -1.1504973173141479492 -1.1333653926849365234 -1.1441899538040161133 1.3893336057662963867 -1.1637121438980102539 2.0871870517730712891 1.8149989843368530273 -0.67757391929626464844 -1.5273039340972900391 
0.16488625109195709229 0.75639975070953369141 1.0770230293273925781 -0.43796512484550476074 -1.5350680351257324219 1.516306757926940918 -0.82351154088973999023 -0.48198711872100830078 0.29131931066513061523 0.62743425369262695312 
-0.9884923100471496582 0.35179215669631958008 0.77097308635711669922 -0.3972835242748260498 1.1871645450592041016 -0.53093290328979492188 1.4702368974685668945 0.96223604679107666016 -0.4751593470573425293 0.56133496761322021484 
0.034353598952293395996 -0.64287036657333374023 -0.54420417547225952148 -0.48955646157264709473 0.39778849482536315918 -0.63942897319793701172 0.74187320470809936523 1.5379561185836791992 -1.8418031930923461914 -0.52525818347930908203 
-0.98810970783233642578 -1.2933324575424194336 -0.92105448246002197266 -0.31559330224990844727 1.5020226240158081055 -0.31412789225578308105 0.7946732640266418457 0.89758670330047607422 -0.83941799402236938477 -0.68723779916763305664 
-1.5498012304306030273 -0.78463530540466308594 -0.4011923372745513916 -0.74213200807571411133 0.305721282958984375 -0.87052977085113525391 0.41361650824546813965 1.4062347412109375 -0.45790457725524902344 -0.39093559980392456055 
-1.8396713733673095703 -1.6075357198715209961 -0.52295005321502685547 -1.5073784589767456055 -1.3529760837554931641 -0.12837226688861846924 -0.54417961835861206055 -0.50776422023773193359 -0.66192597150802612305 -1.0404078960418701172 
0.034982766956090927124 -0.28004768490791320801 -0.59257239103317260742 -0.60262769460678100586 0.12043651938438415527 -0.61279684305191040039 0.56648766994476318359 0.29168623685836791992 -0.88256436586380004883 0.40904259681701660156 
-0.1983333975076675415 -0.59569811820983886719 -0.95370978116989135742 0.17528952658176422119 1.1021082401275634766 -0.39303600788116455078 0.1156945452094078064 0.64917683601379394531 -0.45619443058967590332 -1.1121244430541992188 
-0.8585860133171081543 -0.39675557613372802734 0.042155988514423370361 0.13754639029502868652 -0.54092383384704589844 -0.87012982368469238281 1.0285103321075439453 0.28158685564994812012 -0.42172211408615112305 -0.35423538088798522949 
bias:
-0.32747069001197814941 
0.68288004398345947266 
-0.62895852327346801758 
-0.54771947860717773438 
-0.12858028709888458252 
0.028026247397065162659 
0.29417923092842102051 
-0.87930095195770263672 
-0.68389028310775756836 
-0.40028810501098632812 
10 1 
weights:
2.3551125526428222656 -2.2183690071105957031 1.3578439950942993164 1.4428092241287231445 1.6432616710662841797 1.7447451353073120117 3.2316112518310546875 0.74687361717224121094 1.0642490386962890625 0.57340890169143676758 
bias:
-2.3050589561462402344 
