1 10 
weights:
0.41631385684013366699 
0.31660801172256469727 
0.45827701687812805176 
1.2350840568542480469 
-0.91309183835983276367 
0.54215323925018310547 
0.35878270864486694336 
0.31569465994834899902 
1.385171055793762207 
0.47739696502685546875 
bias:
-0.81561762094497680664 
-0.19730021059513092041 
-0.95101720094680786133 
0.7542794346809387207 
-2.8468978404998779297 
-1.2615420818328857422 
-0.47571212053298950195 
-0.063949689269065856934 
-1.1769754886627197266 
-1.0638849735260009766 
10 10 
weights:
-0.58407431840896606445 0.45485198497772216797 -0.29645234346389770508 0.0073142340406775474548 -0.07660684734582901001 0.50921869277954101562 0.1112629622220993042 0.11759221553802490234 0.15604585409164428711 0.44769361615180969238 
-0.60598838329315185547 -1.5392693281173706055 -0.46758726239204406738 3.000576019287109375 1.597165226936340332 -1.1689525842666625977 -1.5632269382476806641 -0.93724614381790161133 1.7173382043838500977 -1.1120390892028808594 
0.40680307149887084961 -0.0022604179102927446365 -0.18799531459808349609 -0.93252032995223999023 0.41991099715232849121 1.0979709625244140625 -0.38245356082916259766 0.20687511563301086426 -1.0224118232727050781 1.0353370904922485352 
-1.1725674867630004883 -1.0558862686157226562 -0.53398978710174560547 1.6335936784744262695 1.360614776611328125 -0.78424966335296630859 -0.42429566383361816406 -0.651508331298828125 1.7878108024597167969 -0.82491534948348999023 
-0.65756750106811523438 0.1353702843189239502 -0.91468864679336547852 1.7628532648086547852 1.3671211004257202148 -0.89159440994262695312 -0.84113544225692749023 -0.79372686147689819336 1.1875959634780883789 -0.1857255101203918457 
-0.23889663815498352051 -0.49610272049903869629 0.61204737424850463867 -0.17028765380382537842 -0.6455052495002746582 -0.95576035976409912109 0.48055627942085266113 -0.56839591264724731445 -0.076159104704856872559 -0.17569652199745178223 
0.73366332054138183594 0.58528369665145874023 0.64916980266571044922 -1.2547252178192138672 -0.75086396932601928711 0.76123440265655517578 0.16502292454242706299 0.22666707634925842285 -1.1576867103576660156 0.55099844932556152344 
-0.080776691436767578125 -0.71142679452896118164 -0.65928250551223754883 0.19591720402240753174 -0.39500409364700317383 0.59460824728012084961 -0.069483593106269836426 -0.33209967613220214844 -0.47693940997123718262 -0.36490318179130554199 
-0.21626867353916168213 -0.37385669350624084473 -0.64315277338027954102 -0.088670335710048675537 -0.029746267944574356079 -0.15471166372299194336 -0.36431908607482910156 0.63815706968307495117 -0.54549211263656616211 0.010072739794850349426 
0.36873915791511535645 -0.41562572121620178223 0.028296213597059249878 0.23694749176502227783 0.14941522479057312012 -0.047702562063932418823 -0.46917551755905151367 -0.90531557798385620117 0.18170246481895446777 0.021701872348785400391 
bias:
-0.87927192449569702148 
0.24936708807945251465 
-0.16693106293678283691 
-0.15248972177505493164 
-0.019450955092906951904 
-0.038546789437532424927 
-0.30843108892440795898 
-0.55839359760284423828 
-0.38557475805282592773 
-0.55853444337844848633 
10 1 
weights:
-0.19297014176845550537 3.1349358558654785156 -0.71079349517822265625 2.22989654541015625 2.8443942070007324219 -0.22437497973442077637 -1.6025003194808959961 0.24568921327590942383 -0.093026526272296905518 0.38549128174781799316 
bias:
-3.1984167098999023438 
