1 10 
weights:
-0.62204062938690185547 
-1.4638156890869140625 
-0.77719664573669433594 
1.4465259313583374023 
1.4711626768112182617 
1.4263601303100585938 
0.52886158227920532227 
1.6597853899002075195 
0.82966881990432739258 
-1.4081484079360961914 
bias:
-1.5167468786239624023 
-0.077001519501209259033 
-2.1756021976470947266 
-1.8056888580322265625 
-0.3470636904239654541 
0.27989858388900756836 
-0.92644733190536499023 
-1.2837408781051635742 
-2.2725124359130859375 
-1.7851401567459106445 
10 10 
weights:
0.17400813102722167969 0.19118805229663848877 -0.40658766031265258789 -0.33762669563293457031 -0.017190473154187202454 0.11046764999628067017 -0.061580609530210494995 0.17267818748950958252 -1.2673985958099365234 -0.75310969352722167969 
-0.80498576164245605469 1.0228128433227539062 -1.7723408937454223633 0.096747003495693206787 0.33158540725708007812 -1.005764007568359375 1.725403904914855957 -0.98798996210098266602 1.186967015266418457 0.8143011927604675293 
0.23154035210609436035 0.23705628514289855957 0.086521506309509277344 -0.6873321533203125 -0.46898072957992553711 -0.0043595419265329837799 -1.0042935609817504883 -0.31034082174301147461 -1.2802084684371948242 0.58420413732528686523 
-1.8551447391510009766 -0.073607042431831359863 -1.018851161003112793 -0.075779795646667480469 -1.0198209285736083984 -1.0588320493698120117 2.1560857295989990234 -0.73408514261245727539 2.1961154937744140625 1.3837156295776367188 
-0.78333085775375366211 -0.45847520232200622559 -0.57358652353286743164 -0.27187752723693847656 -0.72410005331039428711 -1.2444965839385986328 -0.63376700878143310547 -0.15174220502376556396 -0.064676299691200256348 -0.3176422417163848877 
-0.36567935347557067871 -1.3251229524612426758 -0.13237151503562927246 0.069703534245491027832 -0.28133094310760498047 -0.21631568670272827148 0.23906902968883514404 -0.27659332752227783203 -1.0028053522109985352 -0.66982167959213256836 
-0.70993125438690185547 -0.9032090306282043457 -0.44437429308891296387 0.31804516911506652832 -0.39139512181282043457 0.64584839344024658203 -0.51044291257858276367 -0.48350834846496582031 -0.33605688810348510742 -1.1806621551513671875 
1.8923914432525634766 -0.30568993091583251953 1.8613789081573486328 1.4269026517868041992 -0.14790906012058258057 0.94862973690032958984 -1.4791373014450073242 0.67322117090225219727 -1.7459156513214111328 -0.74480354785919189453 
-0.28370249271392822266 0.13760644197463989258 -1.3623681068420410156 -0.41411262750625610352 0.3514232337474822998 -1.3887994289398193359 -0.5599505305290222168 -0.44550210237503051758 -0.27131965756416320801 0.56043761968612670898 
-1.0559070110321044922 -0.30640169978141784668 -0.45331740379333496094 -1.0536072254180908203 -1.0951373577117919922 -0.58753120899200439453 -0.87829703092575073242 -0.47493660449981689453 0.18698112666606903076 -0.44332271814346313477 
bias:
0.28053563833236694336 
-0.85319769382476806641 
-1.1314122676849365234 
-0.24477569758892059326 
-0.40117913484573364258 
-1.2993255853652954102 
-1.7062360048294067383 
-1.18610382080078125 
-0.98779517412185668945 
-2.2328264713287353516 
10 1 
weights:
0.47628861665725708008 -2.2438638210296630859 0.33765321969985961914 -2.7549180984497070312 -1.2952994108200073242 0.96262401342391967773 0.63871467113494873047 3.1447057723999023438 -1.1304970979690551758 0.024556675925850868225 
bias:
0.35462930798530578613 
