1 10 
weights:
0.83889716863632202148 
1.7853384017944335938 
0.43077135086059570312 
-1.6257908344268798828 
-0.44807061553001403809 
-0.47614216804504394531 
1.5300813913345336914 
0.48655036091804504395 
0.52064752578735351562 
0.52477753162384033203 
bias:
2.2943081855773925781 
-0.12775368988513946533 
-0.43213155865669250488 
2.1045098304748535156 
-0.65331745147705078125 
0.67986923456192016602 
0.89359319210052490234 
-0.4739576876163482666 
-1.1521898508071899414 
-1.1358617544174194336 
10 10 
weights:
0.19620107114315032959 -0.2316636890172958374 0.2568620145320892334 -0.91570371389389038086 0.25913572311401367188 -0.77354258298873901367 -0.45733278989791870117 0.71875691413879394531 0.46275335550308227539 -0.019896980375051498413 
-0.52255862951278686523 -0.60701066255569458008 -0.058071851730346679688 0.25695282220840454102 -0.76019150018692016602 -1.0324879884719848633 0.048954892903566360474 0.26251107454299926758 0.020370608195662498474 0.57663208246231079102 
-1.8155741691589355469 -1.5760380029678344727 -0.51080209016799926758 1.1989181041717529297 0.0066983941942453384399 0.55201345682144165039 -1.9302492141723632812 -1.5175241231918334961 0.029548374935984611511 -0.75901556015014648438 
0.42648229002952575684 0.22350081801414489746 0.11219416558742523193 0.089381836354732513428 0.60091459751129150391 -0.8292986750602722168 0.9941107630729675293 0.53268158435821533203 0.11862946301698684692 0.48186072707176208496 
-1.9162681102752685547 2.0180170536041259766 -1.0968952178955078125 -2.0315313339233398438 1.5560693740844726562 1.7935203313827514648 1.1601088047027587891 -0.34742248058319091797 -1.5180840492248535156 -1.3713356256484985352 
-0.28537276387214660645 -0.36373418569564819336 -0.37047013640403747559 -0.012456557713449001312 -0.12016822397708892822 0.25931665301322937012 -0.53117758035659790039 -0.24046693742275238037 -0.7907886505126953125 -0.15749588608741760254 
-0.52531540393829345703 -0.18873044848442077637 -0.48197597265243530273 -0.26461991667747497559 0.16750328242778778076 0.67777091264724731445 1.0971001386642456055 -0.72618973255157470703 -1.1985323429107666016 -0.067496404051780700684 
2.1390774250030517578 -1.8449343442916870117 0.90393501520156860352 1.7785825729370117188 -1.2874567508697509766 -1.6402192115783691406 -2.0128231048583984375 1.1847747564315795898 1.2305692434310913086 1.3592687845230102539 
0.54632627964019775391 0.24889686703681945801 -0.23748581111431121826 0.51001298427581787109 0.44475296139717102051 0.82264089584350585938 -0.81998997926712036133 -0.3743464350700378418 1.5554548501968383789 0.58983272314071655273 
1.1018184423446655273 -0.83186328411102294922 0.54469990730285644531 0.7873103022575378418 -0.41701605916023254395 -0.50482439994812011719 -0.19105780124664306641 1.0241445302963256836 0.50340485572814941406 0.5473645329475402832 
bias:
-0.35750159621238708496 
-0.094607144594192504883 
0.45300903916358947754 
0.20518764853477478027 
0.083131738007068634033 
-0.56454980373382568359 
-0.59015047550201416016 
-0.62180411815643310547 
0.98865199089050292969 
-1.6297779083251953125 
10 1 
weights:
-0.72196638584136962891 -0.61061483621597290039 -1.9695523977279663086 -0.55674582719802856445 2.9570972919464111328 0.24102497100830078125 1.1043199300765991211 -2.7696805000305175781 0.45922899246215820312 -1.2067810297012329102 
bias:
1.7154880762100219727 
