1 10 
weights:
0.87228524684906005859 
0.60667479038238525391 
1.384799957275390625 
1.7136003971099853516 
0.74114990234375 
0.5629170536994934082 
0.85068178176879882812 
1.3032984733581542969 
1.6007438898086547852 
0.57675588130950927734 
bias:
2.0311717987060546875 
0.5022061467170715332 
0.58653330802917480469 
-0.12933737039566040039 
-1.9310107231140136719 
-0.98065513372421264648 
-2.4413824081420898438 
1.4606202840805053711 
-1.8757749795913696289 
0.37602248787879943848 
10 10 
weights:
-0.26326397061347961426 0.53370624780654907227 -0.60887008905410766602 -0.05207433551549911499 1.0572031736373901367 0.79648476839065551758 0.22940151393413543701 -0.91199266910552978516 -0.54106122255325317383 0.39249268174171447754 
0.41726440191268920898 0.36064499616622924805 -0.13577383756637573242 -0.77288794517517089844 0.54512208700180053711 0.62043237686157226562 0.51622301340103149414 -0.65793073177337646484 -0.17352798581123352051 0.60642081499099731445 
0.11597265303134918213 0.28112769126892089844 0.88152766227722167969 0.58096551895141601562 0.73548525571823120117 -0.78353124856948852539 0.012107989750802516937 1.2388328313827514648 1.280520319938659668 -0.40980547666549682617 
-0.64977484941482543945 -0.18718902766704559326 -0.12981276214122772217 -0.18730105459690093994 0.4997806847095489502 -0.79310965538024902344 -0.62231838703155517578 0.15759061276912689209 -0.3054383695125579834 -0.1359704434871673584 
-0.31122857332229614258 -0.6364256739616394043 0.65718764066696166992 0.61146092414855957031 -1.2117748260498046875 -0.35283857583999633789 -1.2127716541290283203 0.371288299560546875 1.1109145879745483398 -0.47421747446060180664 
-0.4130319058895111084 0.46817564964294433594 -0.22890970110893249512 0.26371937990188598633 0.13125838339328765869 0.93320739269256591797 0.82155781984329223633 -0.44400259852409362793 -0.50195521116256713867 -0.10700190812349319458 
-1.3382837772369384766 -0.565395355224609375 1.2217340469360351562 1.2938168048858642578 -1.5619454383850097656 -0.92863094806671142578 -2.0855259895324707031 0.67102450132369995117 2.1904354095458984375 -1.2251331806182861328 
0.1302776038646697998 0.12635020911693572998 -0.78097689151763916016 -0.44046074151992797852 0.62950158119201660156 0.31274357438087463379 0.25243392586708068848 -0.83565694093704223633 -0.42817661166191101074 0.80601561069488525391 
-1.0686218738555908203 -0.87658768892288208008 -0.083644226193428039551 0.48638197779655456543 -0.46636986732482910156 -0.34716662764549255371 -0.52491605281829833984 0.60437572002410888672 0.63622444868087768555 -1.2274583578109741211 
2.3288004398345947266 1.8512934446334838867 1.9448021650314331055 0.85903382301330566406 0.28979361057281494141 -0.40148261189460754395 0.60784763097763061523 1.4125382900238037109 -0.17367665469646453857 1.2367354631423950195 
bias:
-0.29848301410675048828 
-0.47880318760871887207 
-0.39191460609436035156 
-0.29906648397445678711 
-0.40388199687004089355 
-0.47960147261619567871 
0.40056508779525756836 
-0.054529756307601928711 
-0.11353018134832382202 
-0.539249420166015625 
10 1 
weights:
-1.0237879753112792969 -1.0883426666259765625 1.799714207649230957 0.60971432924270629883 1.5625225305557250977 -0.55974602699279785156 2.8399956226348876953 -0.70941519737243652344 1.9440199136734008789 -2.9921276569366455078 
bias:
0.49998912215232849121 
