1 10 
weights:
0.93233138322830200195 
0.87230539321899414062 
1.2438461780548095703 
1.6398962736129760742 
-0.62612694501876831055 
1.341808319091796875 
0.64662009477615356445 
0.82531958818435668945 
0.99248385429382324219 
0.46568164229393005371 
bias:
2.0252575874328613281 
1.5479241609573364258 
0.56897348165512084961 
-1.4706428050994873047 
0.60153251886367797852 
0.33234056830406188965 
0.95086002349853515625 
-2.0828664302825927734 
-2.8677041530609130859 
-0.32052350044250488281 
10 10 
weights:
-0.13744971156120300293 0.4448070228099822998 0.69638460874557495117 0.63787162303924560547 -1.5652937889099121094 1.1230139732360839844 0.31991446018218994141 0.74951893091201782227 0.57812774181365966797 0.56836068630218505859 
0.89479088783264160156 1.2604278326034545898 0.94916135072708129883 0.67067408561706542969 -0.066607177257537841797 0.69104933738708496094 0.72873216867446899414 -0.045407604426145553589 0.28921693563461303711 0.57453519105911254883 
-0.0092774014919996261597 -0.25455778837203979492 0.75449937582015991211 0.99210947751998901367 0.35788100957870483398 0.78215414285659790039 -0.82001036405563354492 -1.3203213214874267578 -0.4517835080623626709 -0.25764581561088562012 
-0.75227051973342895508 0.1295194476842880249 -0.21883301436901092529 1.1112625598907470703 0.32438793778419494629 -0.46513846516609191895 -0.53552287817001342773 -0.33059796690940856934 -0.7952263951301574707 0.45177701115608215332 
-0.76897734403610229492 -0.025044564157724380493 0.50727939605712890625 1.3144377470016479492 -0.60920506715774536133 1.069646000862121582 -0.09532260894775390625 -0.53081226348876953125 -2.0192735195159912109 -1.4424668550491333008 
0.2258968651294708252 0.17008498311042785645 -0.34746646881103515625 -0.13535073399543762207 -0.96747928857803344727 -0.38368049263954162598 -0.025696441531181335449 0.50710165500640869141 0.49602732062339782715 -0.19923958182334899902 
0.25436890125274658203 0.4038289189338684082 0.36641684174537658691 0.23011875152587890625 1.0095040798187255859 0.62688934803009033203 0.0050670644268393516541 -0.081083595752716064453 -0.0033453325740993022919 0.77045357227325439453 
2.0655801296234130859 2.0246336460113525391 1.0567982196807861328 0.87071406841278076172 -1.3815171718597412109 1.0445514917373657227 2.1201970577239990234 -0.032362148165702819824 0.11555328220129013062 1.0225859880447387695 
0.5040772557258605957 0.46223613619804382324 1.0497796535491943359 1.4014980792999267578 1.2646496295928955078 0.74752032756805419922 -0.88565808534622192383 -1.5155242681503295898 -2.0306987762451171875 -1.1385079622268676758 
0.20437934994697570801 -0.30697456002235412598 -1.0504901409149169922 -0.53752309083938598633 0.1035679355263710022 -1.1002891063690185547 -0.50064140558242797852 -0.79611557722091674805 -0.072121635079383850098 -0.17223729193210601807 
bias:
-0.33602949976921081543 
0.13151004910469055176 
-1.1444131135940551758 
-0.44225639104843139648 
0.46287453174591064453 
-0.41792067885398864746 
-0.45959171652793884277 
0.029697978869080543518 
-0.27836275100708007812 
0.34024408459663391113 
10 1 
weights:
1.8355132341384887695 -1.6753756999969482422 1.2165378332138061523 0.76169562339782714844 2.0994677543640136719 -0.68112748861312866211 0.58676838874816894531 -2.7108762264251708984 2.3683190345764160156 -0.40466541051864624023 
bias:
-0.45512795448303222656 
