1 10 
weights:
0.43723884224891662598 
0.56598877906799316406 
-1.5868675708770751953 
0.63968354463577270508 
-0.51490533351898193359 
-0.54343414306640625 
1.52442169189453125 
-1.5402146577835083008 
0.43272382020950317383 
-0.39893347024917602539 
bias:
-0.74279463291168212891 
-1.3875762224197387695 
-1.9290487766265869141 
-1.7034142017364501953 
-1.1288155317306518555 
-1.2413830757141113281 
0.18984515964984893799 
1.5861392021179199219 
0.68343502283096313477 
-0.4792811274528503418 
10 10 
weights:
-0.51423490047454833984 -1.0572108030319213867 0.031266003847122192383 -1.3794931173324584961 0.26799857616424560547 -0.75186115503311157227 -0.57357931137084960938 0.54676419496536254883 0.035483550280332565308 0.010815579444169998169 
0.53319621086120605469 -0.017709687352180480957 0.5961468815803527832 0.23961450159549713135 -0.65647709369659423828 0.58261519670486450195 -0.23672339320182800293 1.3013819456100463867 0.38722079992294311523 0.11700613796710968018 
-1.4376697540283203125 -0.78913557529449462891 -0.50557482242584228516 -0.12307660281658172607 0.15740510821342468262 -0.36481961607933044434 -1.5913035869598388672 -0.55789399147033691406 -0.53099721670150756836 -0.16562765836715698242 
1.2176727056503295898 0.9875138401985168457 0.88921624422073364258 1.1172538995742797852 -1.2236429452896118164 -1.5655649900436401367 -2.0846745967864990234 1.7223634719848632812 1.0946904420852661133 -1.3466738462448120117 
-1.1552765369415283203 -0.08428980410099029541 0.28496474027633666992 -0.74199593067169189453 -0.48630642890930175781 -0.044875074177980422974 -0.86618715524673461914 -0.44517734646797180176 -1.5636961460113525391 0.47694784402847290039 
0.11074435710906982422 -0.69357573986053466797 0.95503848791122436523 -0.33360460400581359863 0.12899890542030334473 -0.41975802183151245117 -0.96739435195922851562 0.06648836284875869751 -0.080509327352046966553 -1.1078792810440063477 
0.38294133543968200684 -0.71509075164794921875 0.76576876640319824219 -0.7040221095085144043 0.1995671391487121582 -0.48865056037902832031 -0.2592455446720123291 -0.87052643299102783203 -0.028063368052244186401 -0.36805617809295654297 
0.95777356624603271484 1.7633913755416870117 1.5643682479858398438 1.4704719781875610352 -1.5201368331909179688 -1.5738229751586914062 -2.2688891887664794922 1.8113870620727539062 1.5827660560607910156 -1.3702142238616943359 
-0.36788123846054077148 -0.50069415569305419922 0.13238607347011566162 -0.58132654428482055664 -0.58292335271835327148 -0.27095779776573181152 0.053108073770999908447 -0.10981094092130661011 -0.63378560543060302734 -0.72184604406356811523 
0.15191830694675445557 1.0737180709838867188 0.72892236709594726562 -0.079141475260257720947 -0.83137339353561401367 -0.0072712800465524196625 -1.2277810573577880859 -0.14268319308757781982 -0.90133112668991088867 -0.40639743208885192871 
bias:
-0.24882486462593078613 
-0.17341977357864379883 
-0.83934152126312255859 
-0.5194581151008605957 
-1.1885936260223388672 
-1.3678060770034790039 
-0.47432586550712585449 
-1.3911391496658325195 
-0.33131706714630126953 
-1.5468099117279052734 
10 1 
weights:
-0.045866198837757110596 -0.54472172260284423828 -0.41883906722068786621 -2.8987286090850830078 0.75237798690795898438 -1.1265246868133544922 0.18901580572128295898 -3.8221502304077148438 0.35754400491714477539 -0.57666033506393432617 
bias:
3.7475805282592773438 
