1 10 
weights:
1.7053192853927612305 
0.86446291208267211914 
0.93623203039169311523 
1.5048699378967285156 
1.6113353967666625977 
0.43385213613510131836 
0.42899334430694580078 
-0.5262368321418762207 
0.42240512371063232422 
0.41004964709281921387 
bias:
-0.023711970075964927673 
-2.5185756683349609375 
2.7358150482177734375 
1.6810662746429443359 
-1.6879544258117675781 
-0.1653178781270980835 
-0.029477322474122047424 
0.9990298151969909668 
0.052572946995496749878 
-0.027217157185077667236 
10 10 
weights:
1.0426354408264160156 0.40792101621627807617 -0.9458681941032409668 1.1532803773880004883 0.96394133567810058594 0.15109993517398834229 0.39439687132835388184 0.30924341082572937012 -0.87716656923294067383 0.25279510021209716797 
0.23576667904853820801 -0.66019099950790405273 -0.42014902830123901367 -0.55602550506591796875 -0.92386108636856079102 0.061421941965818405151 0.13058805465698242188 0.60083711147308349609 -0.49776992201805114746 0.13009257614612579346 
1.381022334098815918 -0.37835878133773803711 -0.023020215332508087158 1.2448329925537109375 0.90064024925231933594 -0.022753581404685974121 0.34729748964309692383 -0.84712266921997070312 -0.59411066770553588867 0.4605496525764465332 
-0.81501930952072143555 0.40842214226722717285 -0.56240421533584594727 -0.2415548861026763916 -0.19305849075317382812 -0.48935183882713317871 -0.59132522344589233398 0.046223882585763931274 1.4666041135787963867 -0.77476984262466430664 
1.5271642208099365234 -1.0744631290435791016 -2.0038166046142578125 0.33229768276214599609 1.9930672645568847656 -0.72801858186721801758 -1.1395628452301025391 1.7837749719619750977 -0.6860821843147277832 -0.85861134529113769531 
0.87106031179428100586 -0.11600662767887115479 -0.69457685947418212891 0.72642946243286132812 0.44494739174842834473 -1.1245368719100952148 -0.30364769697189331055 -0.13194939494132995605 -0.48961639404296875 -0.090124145150184631348 
-0.69331777095794677734 0.40932795405387878418 0.062641195952892303467 -0.74509841203689575195 0.5926735997200012207 -0.45854860544204711914 -0.050474472343921661377 -0.94614249467849731445 0.13401529192924499512 -0.34356451034545898438 
0.033002004027366638184 0.45912477374076843262 -0.36688712239265441895 0.017235087230801582336 0.51617753505706787109 0.9498202204704284668 0.59729361534118652344 0.32024133205413818359 0.71064734458923339844 -0.32500362396240234375 
0.43051677942276000977 0.83008527755737304688 0.039566073566675186157 -0.37297362089157104492 -0.077311113476753234863 -0.25675660371780395508 -0.051188331097364425659 -0.0029752433765679597855 -0.077951744198799133301 0.15498779714107513428 
-1.6604757308959960938 2.3652110099792480469 1.838153839111328125 -2.0498783588409423828 -1.3954350948333740234 0.60970002412796020508 0.2517674863338470459 -1.8426287174224853516 1.0433943271636962891 1.4633682966232299805 
bias:
0.14916093647480010986 
-0.45516157150268554688 
-1.4888939857482910156 
-0.40943509340286254883 
-0.42830497026443481445 
-1.0029691457748413086 
-0.21933257579803466797 
0.026443069800734519958 
0.034921355545520782471 
-0.41166204214096069336 
10 1 
weights:
0.82983690500259399414 0.45112776756286621094 1.1899900436401367188 0.2680409848690032959 2.8748469352722167969 0.93237936496734619141 -0.22152280807495117188 -0.64614534378051757812 -0.24908952414989471436 -3.1965851783752441406 
bias:
-0.53367048501968383789 
