1 10 
weights:
-0.41428387165069580078 
0.96723836660385131836 
1.5616724491119384766 
-1.3510844707489013672 
-0.36801195144653320312 
1.3705935478210449219 
1.1001068353652954102 
0.44581300020217895508 
0.5186793208122253418 
0.58854603767395019531 
bias:
0.3504937291145324707 
-2.8169357776641845703 
-0.56329935789108276367 
1.581789851188659668 
-0.48426893353462219238 
1.0100334882736206055 
2.9304094314575195312 
-0.82235962152481079102 
-1.1137412786483764648 
1.1385896205902099609 
10 10 
weights:
-0.24020634591579437256 0.21514697372913360596 0.012739461846649646759 -0.14515349268913269043 0.25285524129867553711 0.40940368175506591797 -0.88950717449188232422 -0.72226351499557495117 -0.077044539153575897217 -0.36073502898216247559 
0.93585962057113647461 -0.81035840511322021484 -0.18453986942768096924 0.74083960056304931641 -0.12251875549554824829 0.45857036113739013672 0.80651009082794189453 1.112063288688659668 1.270338892936706543 0.92013770341873168945 
-0.060355514287948608398 -0.58835804462432861328 0.2543595433235168457 -0.34215888381004333496 -0.40850052237510681152 0.24846388399600982666 -1.0683610439300537109 -0.64282405376434326172 0.34617576003074645996 -0.19009819626808166504 
0.45857924222946166992 -0.24391573667526245117 -0.4474169313907623291 0.16046863794326782227 0.20511771738529205322 -0.43486180901527404785 -1.4439145326614379883 0.12086617201566696167 -0.57606548070907592773 -0.22629950940608978271 
-0.56508040428161621094 0.55460715293884277344 1.0390280485153198242 -0.76036298274993896484 0.2385978996753692627 1.3007950782775878906 -0.59528565406799316406 0.26531174778938293457 0.70259529352188110352 -0.11090768128633499146 
-0.19384276866912841797 1.4680341482162475586 -1.2419614791870117188 0.58277177810668945312 0.048665944486856460571 -1.1614476442337036133 0.3229529261589050293 0.67933708429336547852 0.16604670882225036621 1.064769744873046875 
0.81405699253082275391 -0.20234450697898864746 1.0949028730392456055 -0.91584295034408569336 -0.67890918254852294922 0.63033294677734375 -1.5488619804382324219 -0.78372341394424438477 -0.34563961625099182129 -0.19148010015487670898 
1.3831310272216796875 -2.1650538444519042969 1.0404552221298217773 -0.83306479454040527344 1.233706355094909668 2.6293494701385498047 -1.006665349006652832 -0.74770683050155639648 -1.4480537176132202148 -0.22467222809791564941 
0.29412952065467834473 -0.03159400448203086853 0.84085011482238769531 -0.90415251255035400391 0.034917373210191726685 0.52432066202163696289 -0.81534504890441894531 -0.42992597818374633789 -0.82735097408294677734 -1.4374547004699707031 
0.72285944223403930664 -0.30498409271240234375 0.66321623325347900391 -0.99176496267318725586 0.90947747230529785156 2.2973539829254150391 -2.1366000175476074219 -1.2997609376907348633 -1.1751152276992797852 -1.2155077457427978516 
bias:
-0.74893212318420410156 
1.298476099967956543 
-0.36528223752975463867 
-0.078350901603698730469 
0.63351798057556152344 
0.36458328366279602051 
-0.31676650047302246094 
-0.29546204209327697754 
0.25138366222381591797 
0.66034454107284545898 
10 1 
weights:
0.50739014148712158203 -2.5021276473999023438 0.4373562932014465332 0.088793434202671051025 0.4118442535400390625 -2.5554933547973632812 1.1398115158081054688 2.6954207420349121094 1.0857988595962524414 2.2941167354583740234 
bias:
1.1848486661911010742 
