1 10 
weights:
0.48919257521629333496 
-0.68767309188842773438 
0.19572375714778900146 
-1.1609017848968505859 
-0.16157196462154388428 
-0.14765274524688720703 
0.29250892996788024902 
1.2777878046035766602 
-0.48075962066650390625 
0.95470178127288818359 
bias:
-1.4405673742294311523 
-1.9431538581848144531 
-0.20636871457099914551 
-2.9618222713470458984 
-0.57601076364517211914 
-0.5183258056640625 
0.59940433502197265625 
-3.3234076499938964844 
-1.4169783592224121094 
-0.016049176454544067383 
10 10 
weights:
-0.14236854016780853271 -0.20678725838661193848 -0.46565282344818115234 0.35861825942993164062 -0.32097026705741882324 -0.10550811141729354858 -0.86046749353408813477 -0.25321117043495178223 -0.9979369044303894043 -0.5667660832405090332 
-0.077823206782341003418 0.010545484721660614014 -0.84701460599899291992 0.63620084524154663086 -0.62943154573440551758 0.0230580940842628479 -1.1780405044555664062 -0.1177059859037399292 -0.53428065776824951172 -0.54313105344772338867 
-0.13644200563430786133 -0.00349577353335916996 -0.39663469791412353516 -0.18082466721534729004 -0.45435419678688049316 -0.83393800258636474609 -0.42885097861289978027 -0.6748326420783996582 0.30853202939033508301 -1.2238394021987915039 
0.2337242811918258667 -0.69168883562088012695 -0.15352414548397064209 0.27434673905372619629 0.18496455252170562744 -0.023803172633051872253 -0.67151528596878051758 -1.1850824356079101562 0.78672778606414794922 0.36142671108245849609 
-0.20489640533924102783 1.1503605842590332031 -1.4500547647476196289 1.7474513053894042969 0.065271906554698944092 -0.033665258437395095825 -1.3874237537384033203 -0.96768343448638916016 0.26746007800102233887 3.3958616256713867188 
0.65371215343475341797 -0.49071213603019714355 0.64358365535736083984 -0.33734884858131408691 -1.2298759222030639648 -1.0466829538345336914 0.94026339054107666016 2.1755971908569335938 -0.15334664285182952881 -3.7146058082580566406 
-0.4982630312442779541 -0.14303407073020935059 -0.85952174663543701172 -0.63677263259887695312 0.0038597546517848968506 -0.23365461826324462891 -1.3388919830322265625 0.23911809921264648438 -0.43685379624366760254 -0.50640958547592163086 
-0.32651570439338684082 -0.30917343497276306152 -0.8763396143913269043 -0.12822416424751281738 0.0099415360018610954285 -0.45890888571739196777 -0.56818538904190063477 -0.53611916303634643555 0.36893489956855773926 -1.3405058383941650391 
0.080331124365329742432 0.15173077583312988281 3.6283050576457753778e-05 -0.86517655849456787109 -0.34238833189010620117 0.50946074724197387695 -1.0135214328765869141 0.72190976142883300781 0.5253283381462097168 -0.68687474727630615234 
-0.43736380338668823242 0.77134889364242553711 -0.51379960775375366211 1.2422389984130859375 -0.53591769933700561523 0.057894106954336166382 -0.55639898777008056641 -0.88466280698776245117 0.7620716094970703125 2.6153018474578857422 
bias:
-0.50989079475402832031 
-0.95052355527877807617 
-0.55191570520401000977 
-0.75517576932907104492 
-1.1473133563995361328 
0.82517784833908081055 
-0.61523199081420898438 
-0.66212928295135498047 
-0.81983619928359985352 
-1.2714499235153198242 
10 1 
weights:
-0.51542031764984130859 -0.76889407634735107422 -1.7822618484497070312 0.42064133286476135254 3.1777744293212890625 -3.8199837207794189453 -1.1998879909515380859 -1.617173314094543457 -0.76063406467437744141 2.2051541805267333984 
bias:
-0.10721325129270553589 
