1 10 
weights:
1.9897931814193725586 
1.1091353893280029297 
1.4908511638641357422 
1.6025404930114746094 
0.64094686508178710938 
0.51732599735260009766 
0.52062410116195678711 
0.50431907176971435547 
1.6123083829879760742 
0.72340536117553710938 
bias:
0.10319504886865615845 
2.9825015068054199219 
-1.9344767332077026367 
1.626828312873840332 
-1.5935027599334716797 
0.20082813501358032227 
-0.96248298883438110352 
-0.73781657218933105469 
-1.283253788948059082 
-1.9764873981475830078 
10 10 
weights:
1.2830820083618164062 -1.1471070051193237305 -0.27887395024299621582 2.2879612445831298828 -2.0827763080596923828 -0.73123604059219360352 -0.25698593258857727051 -0.85627096891403198242 0.92255556583404541016 -1.3262020349502563477 
1.1100736856460571289 -1.4582628011703491211 0.81603378057479858398 0.52592861652374267578 0.12396579235792160034 -0.92511314153671264648 -1.1288378238677978516 -0.77096599340438842773 1.1103863716125488281 -0.67416274547576904297 
-0.23707954585552215576 0.97967678308486938477 -0.1716276705265045166 -0.64767706394195556641 0.80510234832763671875 -1.1724483966827392578 0.31761285662651062012 0.91354870796203613281 -0.24096381664276123047 0.16902466118335723877 
0.63127303123474121094 1.4567738771438598633 0.37160041928291320801 -0.51039230823516845703 0.97692972421646118164 0.6127745509147644043 -0.14027146995067596436 -0.4358164668083190918 0.75031203031539916992 0.38333815336227416992 
0.3386446833610534668 -0.34544482827186584473 -0.4861374199390411377 0.91857820749282836914 -0.058849170804023742676 -0.40469858050346374512 0.16119962930679321289 0.45411261916160583496 -0.7558269500732421875 -0.27879175543785095215 
1.048382878303527832 -2.0365459918975830078 0.26417896151542663574 -0.13238479197025299072 -1.3088426589965820312 -0.12418197095394134521 0.62923395633697509766 -0.98238033056259155273 -0.00011584860476432368159 -0.22554250061511993408 
1.0117610692977905273 -1.1317560672760009766 1.1786912679672241211 1.1234588623046875 -1.3517956733703613281 -0.7353789210319519043 -0.10189983248710632324 -0.6875903010368347168 0.77630180120468139648 -1.1812340021133422852 
1.3467359542846679688 -0.43178841471672058105 1.5052793025970458984 0.36549702286720275879 -1.0316528081893920898 -1.2617422342300415039 -1.042071223258972168 -1.1949247121810913086 1.00751495361328125 -0.55635857582092285156 
-0.27722179889678955078 0.18045049905776977539 -0.0056550586596131324768 -1.0372661352157592773 0.33342465758323669434 -0.02600319497287273407 0.013529453426599502563 -0.25814214348793029785 0.70530897378921508789 0.51652306318283081055 
-0.26493081450462341309 0.97294992208480834961 0.62039679288864135742 -0.16501177847385406494 0.51326692104339599609 -0.016088720411062240601 -0.096784129738807678223 0.51276344060897827148 0.3296413123607635498 0.059843923896551132202 
bias:
0.58972227573394775391 
-0.37468469142913818359 
-0.35573115944862365723 
0.76642203330993652344 
-0.82057917118072509766 
-0.046179801225662231445 
-0.63055288791656494141 
-0.71386283636093139648 
-1.216645359992980957 
-0.30529794096946716309 
10 1 
weights:
2.3018586635589599609 1.9835454225540161133 -0.83867013454437255859 -2.212345123291015625 0.09992459416389465332 1.5787798166275024414 1.7925903797149658203 1.95943450927734375 -0.46107834577560424805 -0.90767616033554077148 
bias:
-0.078808210790157318115 
