1 10 
weights:
0.63668900728225708008 
1.2776454687118530273 
1.1522934436798095703 
1.1781563758850097656 
0.87973725795745849609 
1.4252562522888183594 
0.49148547649383544922 
1.4211163520812988281 
1.2819532155990600586 
-0.56557393074035644531 
bias:
1.1838403940200805664 
1.1667755842208862305 
-3.4574573040008544922 
0.78370594978332519531 
1.9426455497741699219 
-0.58176898956298828125 
0.28140348196029663086 
0.49240738153457641602 
-0.75174695253372192383 
-1.0039297342300415039 
10 10 
weights:
-0.18125903606414794922 0.11098873615264892578 -0.22673785686492919922 -0.56445360183715820312 0.075338229537010192871 0.16781277954578399658 -0.87532252073287963867 0.71584653854370117188 -0.56070047616958618164 0.21633861958980560303 
0.63605391979217529297 -1.292700648307800293 0.13746270537376403809 -0.33169931173324584961 -0.96538299322128295898 -0.54513144493103027344 -0.41285911202430725098 0.39405262470245361328 0.4008095860481262207 0.62702882289886474609 
0.021437501534819602966 -0.47174698114395141602 0.84624439477920532227 -0.71838176250457763672 -0.32195293903350830078 0.25089499354362487793 1.1296887397766113281 -0.26723790168762207031 -0.079311579465866088867 -0.20594972372055053711 
-1.0865807533264160156 0.67718607187271118164 -1.126942753791809082 0.73702567815780639648 -0.54227429628372192383 0.30958259105682373047 -1.3227003812789916992 0.71307611465454101562 1.483478546142578125 1.304604649543762207 
0.13747252523899078369 1.1876065731048583984 0.58758980035781860352 -0.36134627461433410645 -0.34760683774948120117 0.3154792487621307373 0.62802672386169433594 -0.93443530797958374023 -0.66764932870864868164 0.10304646939039230347 
-1.0916723012924194336 0.37099990248680114746 -1.6380970478057861328 0.18143461644649505615 -1.0679724216461181641 1.0482431650161743164 -1.0202040672302246094 0.38605296611785888672 2.0127806663513183594 0.36016637086868286133 
1.5754655599594116211 0.26680445671081542969 0.85416114330291748047 1.3710395097732543945 2.1724874973297119141 0.21231019496917724609 1.6985116004943847656 1.1370036602020263672 1.7514616250991821289 -0.77148228883743286133 
-0.98592877388000488281 0.054974824190139770508 -1.3591295480728149414 0.330352783203125 0.048811253160238265991 0.61303579807281494141 -0.10901676863431930542 1.430768132209777832 0.2408625483512878418 0.2479413151741027832 
-1.6432619094848632812 1.5511565208435058594 -2.2356607913970947266 0.74363338947296142578 -0.25711160898208618164 -0.054952744394540786743 -0.62539964914321899414 0.95800584554672241211 0.38703286647796630859 0.9319813847541809082 
-0.10940550267696380615 0.14281125366687774658 -0.072904855012893676758 0.34104830026626586914 0.37793964147567749023 -0.20300966501235961914 0.27019315958023071289 0.61460465192794799805 -0.19403494894504547119 0.30645096302032470703 
bias:
-0.77788078784942626953 
-0.23080560564994812012 
-1.0062619447708129883 
-0.33648398518562316895 
-0.7051753997802734375 
-0.82355439662933349609 
-0.2563762664794921875 
-1.0593175888061523438 
0.10266357660293579102 
-0.67771732807159423828 
10 1 
weights:
0.44101291894912719727 -0.089262276887893676758 -0.79956537485122680664 2.1192462444305419922 -0.25021421909332275391 2.2041852474212646484 -2.3165636062622070312 1.2118921279907226562 2.3911685943603515625 -0.033572159707546234131 
bias:
-1.1520153284072875977 
