1 10 
weights:
0.44721955060958862305 
0.45658713579177856445 
0.85000431537628173828 
0.97333043813705444336 
1.1003634929656982422 
1.1039692163467407227 
0.67927813529968261719 
1.1544021368026733398 
1.1135095357894897461 
1.0432585477828979492 
bias:
-0.87356513738632202148 
-1.0058846473693847656 
-2.1468911170959472656 
-2.2969155311584472656 
-0.084622114896774291992 
1.7668194770812988281 
-1.5636185407638549805 
0.12716124951839447021 
2.6723692417144775391 
-0.52929013967514038086 
10 10 
weights:
0.86415922641754150391 1.0809034109115600586 1.6370862722396850586 1.9486181735992431641 -1.5843681097030639648 -0.33543893694877624512 1.6797516345977783203 -0.9137884974479675293 0.16344298422336578369 -0.86403322219848632812 
0.11426517367362976074 0.13016833364963531494 0.48165327310562133789 0.48728731274604797363 -0.21824300289154052734 0.29967653751373291016 -0.21606908738613128662 -0.62465363740921020508 -0.64425712823867797852 -0.5290463566780090332 
-0.59164768457412719727 -1.1928157806396484375 -1.6513298749923706055 -0.24210251867771148682 -0.1944398730993270874 0.017522035166621208191 -0.7825781702995300293 -0.081906348466873168945 -1.5198136568069458008 -0.095095001161098480225 
-0.79907315969467163086 -0.73946070671081542969 -0.40713542699813842773 -0.46446022391319274902 1.5480608940124511719 -0.46535950899124145508 -0.59263896942138671875 1.5150263309478759766 -1.0175050497055053711 1.5063283443450927734 
-0.72914153337478637695 0.2344208061695098877 -0.93451696634292602539 0.49268239736557006836 -0.020984116941690444946 -1.3561230897903442383 -0.3632907569408416748 -0.40281936526298522949 -1.3604745864868164062 0.15745583176612854004 
-0.59649932384490966797 -0.49554145336151123047 1.019266963005065918 0.65522819757461547852 -0.48393514752388000488 1.2949490547180175781 -0.12844265997409820557 -0.06840168684720993042 -0.086733527481555938721 0.1023688390851020813 
-0.42199403047561645508 0.058065954595804214478 1.06639862060546875 0.46577918529510498047 -1.3748846054077148438 0.11821500211954116821 -0.41600778698921203613 -1.5735325813293457031 0.60450649261474609375 -0.4932200312614440918 
0.13451023399829864502 0.15350790321826934814 0.78934824466705322266 0.57097756862640380859 1.6168880462646484375 1.6245278120040893555 1.2073292732238769531 0.32892405986785888672 2.5782918930053710938 1.3718676567077636719 
-0.3505102992057800293 -0.24603854119777679443 0.24441516399383544922 0.19127683341503143311 -0.74627357721328735352 0.01699276454746723175 -0.41864278912544250488 -1.5113794803619384766 0.51564359664916992188 -0.53678876161575317383 
-0.80768370628356933594 -1.1196855306625366211 0.17536978423595428467 -0.97690242528915405273 -0.28627914190292358398 -2.1833064556121826172 -0.046644553542137145996 -1.559673309326171875 -1.0326172113418579102 -1.297869563102722168 
bias:
-1.1604220867156982422 
0.01019013579934835434 
-0.7105000615119934082 
-1.223086237907409668 
-0.12914358079433441162 
0.044535156339406967163 
-0.38543289899826049805 
-0.43143570423126220703 
-0.45880928635597229004 
-1.2050492763519287109 
10 1 
weights:
-2.7791354656219482422 -0.53249061107635498047 0.41005128622055053711 3.3681271076202392578 1.197125554084777832 -0.013411184772849082947 -1.8466353416442871094 -2.164363861083984375 -1.2766646146774291992 2.9684016704559326172 
bias:
2.4167652130126953125 
