1 10 
weights:
-0.39257374405860900879 
0.64190214872360229492 
0.65999025106430053711 
-1.7309184074401855469 
0.87075722217559814453 
0.50045973062515258789 
1.4666221141815185547 
-0.39068311452865600586 
1.4137340784072875977 
-0.47169166803359985352 
bias:
-0.015084370970726013184 
1.5622222423553466797 
1.3823033571243286133 
-0.038402978330850601196 
-2.4616963863372802734 
-1.0230153799057006836 
-1.5538034439086914062 
0.087917312979698181152 
1.4984111785888671875 
-0.81353163719177246094 
10 10 
weights:
-0.34420263767242431641 -0.66655647754669189453 -0.40600046515464782715 -0.16646781563758850098 0.44070228934288024902 -0.19385415315628051758 -0.71003168821334838867 0.3453165590763092041 -0.33117827773094177246 0.54240524768829345703 
0.20736174285411834717 -0.38956275582313537598 -0.28254213929176330566 -1.052060246467590332 -1.2163778543472290039 -0.82788306474685668945 0.18590934574604034424 1.3187859058380126953 1.4811164140701293945 1.0987952947616577148 
-0.81078118085861206055 -0.61045187711715698242 0.53166091442108154297 -0.59191596508026123047 -0.39304804801940917969 0.64112699031829833984 1.205593109130859375 -0.70497149229049682617 0.99892634153366088867 -0.29551720619201660156 
0.24231302738189697266 0.14256262779235839844 -0.52719908952713012695 -0.58165347576141357422 -0.52844923734664916992 -0.4265117347240447998 0.40079134702682495117 -0.32462456822395324707 0.65264290571212768555 -0.25622481107711791992 
-0.098704986274242401123 -0.39210647344589233398 -0.43966791033744812012 0.4428736269474029541 0.50940316915512084961 -0.68493866920471191406 -0.11418225616216659546 -0.72834807634353637695 -0.69160705804824829102 0.45673504471778869629 
1.1291930675506591797 -0.33966049551963806152 -0.74686950445175170898 -0.93574070930480957031 0.25662985444068908691 0.39862912893295288086 1.1598486900329589844 1.0698068141937255859 0.54834949970245361328 -0.18051208555698394775 
-0.28209540247917175293 -0.10092830657958984375 0.083364307880401611328 -1.3706674575805664062 0.22329758107662200928 0.16323542594909667969 1.25495147705078125 -0.56757593154907226562 0.55513715744018554688 -0.61721670627593994141 
0.84265428781509399414 -1.7607761621475219727 -1.3958072662353515625 -0.33309030532836914062 -0.89651793241500854492 -0.83290821313858032227 1.6769101619720458984 0.5500786900520324707 1.6984559297561645508 1.1840807199478149414 
-1.3541843891143798828 1.1742407083511352539 -0.031074861064553260803 1.4859277009963989258 2.1782810688018798828 1.8000992536544799805 -0.61899578571319580078 -1.1030244827270507812 -2.0064911842346191406 -1.0184563398361206055 
-0.94731986522674560547 0.94091749191284179688 1.5219643115997314453 1.1916913986206054688 0.20131893455982208252 1.2944312095642089844 -0.86036980152130126953 -0.74765288829803466797 -0.63650023937225341797 -1.0559085607528686523 
bias:
-0.49152153730392456055 
-0.22241777181625366211 
-0.36498680710792541504 
-0.91462808847427368164 
0.035986557602882385254 
-0.08566926419734954834 
-0.96668642759323120117 
-0.72855776548385620117 
-0.62229335308074951172 
0.28369051218032836914 
10 1 
weights:
0.10868321359157562256 1.6241981983184814453 1.0802599191665649414 0.64372217655181884766 -0.21172858774662017822 1.1347717046737670898 0.81601262092590332031 2.3645269870758056641 -2.8768193721771240234 -2.5384926795959472656 
bias:
-0.62266832590103149414 
