1 10 
weights:
-0.39384949207305908203 
0.47403171658515930176 
-1.3187708854675292969 
1.6332342624664306641 
0.46110847592353820801 
0.79675239324569702148 
0.75573843717575073242 
1.1344664096832275391 
1.4873229265213012695 
-0.55125355720520019531 
bias:
0.076216779649257659912 
0.10048956423997879028 
-0.72148686647415161133 
-1.8969340324401855469 
-0.52167683839797973633 
-2.0157525539398193359 
-1.8657288551330566406 
2.7954735755920410156 
0.89459538459777832031 
0.71034198999404907227 
10 10 
weights:
-2.1912927627563476562 -1.3153793811798095703 -1.402365565299987793 -0.1836169809103012085 -0.67970442771911621094 -0.99528384208679199219 -0.79854846000671386719 -2.4191064834594726562 -1.6636357307434082031 -2.2611782550811767578 
1.0825268030166625977 -1.7480336427688598633 -0.72117161750793457031 1.9496052265167236328 -1.1586309671401977539 -0.72022336721420288086 -0.50746381282806396484 -2.7245154380798339844 1.7849473953247070312 1.2650052309036254883 
0.89483642578125 0.39190697669982910156 -0.98189115524291992188 0.061194125562906265259 -0.86325341463088989258 -0.78605496883392333984 -0.80242687463760375977 -0.34927511215209960938 0.16448235511779785156 -0.21249829232692718506 
-0.97329950332641601562 0.98192918300628662109 -1.7590707540512084961 1.3801445960998535156 1.0082149505615234375 1.163824915885925293 0.60869777202606201172 0.41125178337097167969 0.27409249544143676758 -1.5519086122512817383 
0.46218687295913696289 -0.54898846149444580078 0.33478766679763793945 0.36527320742607116699 -0.29363095760345458984 -0.25989577174186706543 -0.37425777316093444824 -2.0605676174163818359 0.20825678110122680664 0.097477383911609649658 
0.52549302577972412109 0.052124682813882827759 0.85008198022842407227 0.89269202947616577148 0.23256500065326690674 0.51910156011581420898 -0.54230463504791259766 1.2506680488586425781 0.035963520407676696777 0.58709883689880371094 
1.9110481739044189453 1.4931486845016479492 1.4159038066864013672 0.34623324871063232422 1.6395469903945922852 0.65052378177642822266 0.66389322280883789062 0.77550584077835083008 1.7425594329833984375 1.6170030832290649414 
-0.3139896094799041748 -0.67334181070327758789 -0.48386356234550476074 -0.32932385802268981934 -0.46901980042457580566 0.20152628421783447266 0.06302531808614730835 -1.3444384336471557617 -0.33506724238395690918 -0.91786378622055053711 
1.0792064666748046875 -0.14367178082466125488 -1.5517083406448364258 1.3806298971176147461 -1.3198704719543457031 -2.2618269920349121094 -1.8779319524765014648 -0.038103409111499786377 1.594233393669128418 1.7064549922943115234 
0.43331205844879150391 0.4504553675651550293 1.0366111993789672852 0.50135046243667602539 0.48084899783134460449 0.56840783357620239258 0.44020774960517883301 1.0089235305786132812 0.6830202937126159668 0.084179148077964782715 
bias:
-2.6408915519714355469 
-0.35272878408432006836 
-0.49061879515647888184 
0.054254245012998580933 
-0.77156674861907958984 
0.79994446039199829102 
2.40445709228515625 
-1.5457376241683959961 
0.37614172697067260742 
0.69862151145935058594 
10 1 
weights:
3.6696531772613525391 3.3302545547485351562 1.3391263484954833984 1.9978461265563964844 1.307183384895324707 -0.28741607069969177246 -2.9799838066101074219 0.18383856117725372314 2.9305133819580078125 0.51004183292388916016 
bias:
-1.5950961112976074219 
