1 10 
weights:
-0.45403167605400085449 
-1.2632852792739868164 
1.3403855562210083008 
0.83566254377365112305 
0.51111012697219848633 
-0.48122295737266540527 
0.65391558408737182617 
-0.35853716731071472168 
-0.39333683252334594727 
0.36429715156555175781 
bias:
-1.0425131320953369141 
1.0719369649887084961 
0.82756209373474121094 
2.1230113506317138672 
-1.1139278411865234375 
1.1356962919235229492 
-1.9246737957000732422 
-0.58174109458923339844 
-0.80035382509231567383 
-0.47215098142623901367 
10 10 
weights:
0.0017051385948434472084 0.7270800471305847168 -1.3131910562515258789 0.095070198178291320801 2.1772336959838867188 -0.55304521322250366211 0.56264168024063110352 -0.6282711029052734375 -0.60690033435821533203 0.82067531347274780273 
0.0023545662406831979752 0.081219628453254699707 -0.34727442264556884766 -1.0602967739105224609 -0.3413143157958984375 0.13077658414840698242 -0.29481750726699829102 -0.49568858742713928223 0.22215567529201507568 -0.41800948977470397949 
-0.80628871917724609375 -0.40014761686325073242 -0.98310983180999755859 -0.11233176290988922119 0.18293334543704986572 -1.1975747346878051758 -0.24370460212230682373 -0.56788080930709838867 -0.12927292287349700928 -0.73001027107238769531 
0.40396228432655334473 0.9066174626350402832 0.12727560102939605713 -0.41503229737281799316 -0.48885509371757507324 -0.75023865699768066406 0.019302783533930778503 -0.13176535069942474365 -0.26431298255920410156 -0.14138464629650115967 
0.2546501457691192627 0.223673209547996521 -0.60880452394485473633 -0.47939518094062805176 -0.45840990543365478516 -1.3655630350112915039 -0.29306468367576599121 0.2534796595573425293 1.1730211973190307617 0.43457725644111633301 
-0.37113407254219055176 1.660113215446472168 -1.4344779253005981445 -0.78984224796295166016 -0.18248534202575683594 -0.2909050285816192627 0.14559240639209747314 0.11396191269159317017 0.66341352462768554688 -0.34089124202728271484 
1.0763858556747436523 -2.0544173717498779297 2.3358664512634277344 -1.4529411792755126953 -0.80092054605484008789 0.9445908665657043457 -1.4363534450531005859 1.0500725507736206055 0.72113245725631713867 -0.89697879552841186523 
-0.41745394468307495117 -0.31823939085006713867 -0.53687739372253417969 -1.2073194980621337891 -1.1439079046249389648 -0.92714238166809082031 -0.77381354570388793945 -0.48530757427215576172 -1.0158240795135498047 -0.64656060934066772461 
1.0416541099548339844 -2.8110525608062744141 2.5117483139038085938 -1.7757202386856079102 -0.90361016988754272461 1.0113788843154907227 -1.3922964334487915039 1.2799351215362548828 1.5436799526214599609 -1.2829855680465698242 
0.62038701772689819336 -1.0348719358444213867 0.48608541488647460938 -0.45405048131942749023 -0.85379862785339355469 -0.085637584328651428223 -0.064776703715324401855 1.2084417343139648438 0.22408606112003326416 -0.3684825897216796875 
bias:
-0.81735384464263916016 
-1.1171090602874755859 
-0.78259414434432983398 
0.15845997631549835205 
0.026037221774458885193 
-0.73548364639282226562 
-0.1122843325138092041 
-0.84967637062072753906 
0.24715238809585571289 
-0.91420191526412963867 
10 1 
weights:
-2.0609803199768066406 0.60765707492828369141 0.28579637408256530762 -0.42506989836692810059 -0.27498632669448852539 -1.4875522851943969727 2.8250703811645507812 0.63507312536239624023 3.4002392292022705078 0.9829623103141784668 
bias:
-1.4485765695571899414 
