1 10 
weights:
0.47065284848213195801 
1.5762294530868530273 
1.8913644552230834961 
0.69273543357849121094 
1.5911065340042114258 
0.51744103431701660156 
0.4629147946834564209 
0.48263946175575256348 
0.95345807075500488281 
0.550418853759765625 
bias:
-0.35368201136589050293 
1.7289880514144897461 
0.015093548223376274109 
-1.833302617073059082 
-1.7112114429473876953 
-0.90760827064514160156 
-0.59181457757949829102 
-0.10728853195905685425 
2.5065999031066894531 
-1.1158009767532348633 
10 10 
weights:
0.122824057936668396 -0.63715022802352905273 -0.26171064376831054688 1.0852347612380981445 -0.84608817100524902344 0.69770008325576782227 0.4080689549446105957 -0.11508481204509735107 -0.33010572195053100586 0.052186585962772369385 
0.82120835781097412109 -1.4206011295318603516 -0.74829924106597900391 1.1856410503387451172 -1.2973295450210571289 0.58518642187118530273 -0.027610601857304573059 0.64264476299285888672 0.56996256113052368164 0.94953632354736328125 
-0.38465449213981628418 1.7007346153259277344 1.3179688453674316406 -1.3190664052963256836 1.9263919591903686523 -0.7728951573371887207 -0.90559798479080200195 -1.0908614397048950195 -1.5467118024826049805 -1.198405146598815918 
0.54173046350479125977 -0.24530227482318878174 0.51801526546478271484 0.33568394184112548828 0.56115442514419555664 0.21451875567436218262 0.72263675928115844727 1.0067476034164428711 1.2867751121520996094 -0.71236401796340942383 
0.001008528517559170723 -0.41877272725105285645 0.32305076718330383301 0.6310672760009765625 -0.60865062475204467773 0.40220496058464050293 -0.09442987293004989624 -0.078463986515998840332 0.12003887444734573364 -0.29704678058624267578 
0.34811517596244812012 0.93169206380844116211 0.42338398098945617676 0.88955634832382202148 0.52964949607849121094 0.76838088035583496094 0.31236976385116577148 0.7184079289436340332 1.3808144330978393555 1.2313927412033081055 
-0.5017070770263671875 0.39590653777122497559 0.3205871880054473877 -0.19431656599044799805 -0.26641502976417541504 0.76628923416137695312 -0.33708420395851135254 0.05212929844856262207 -0.26944068074226379395 -0.42373260855674743652 
0.011260715313255786896 1.0247151851654052734 0.49160087108612060547 -0.14916554093360900879 1.0672608613967895508 -0.84290462732315063477 0.01585880666971206665 -1.6845153570175170898 -1.0936368703842163086 -0.36969491839408874512 
-1.5818637609481811523 1.6739984750747680664 1.3548284769058227539 -0.41659769415855407715 1.394139409065246582 -0.93800151348114013672 -1.0519931316375732422 -0.75201368331909179688 -0.75134587287902832031 -0.72933292388916015625 
-0.5862166285514831543 1.0248645544052124023 0.68721824884414672852 -1.0936694145202636719 1.4029217958450317383 -0.19082270562648773193 -0.86540955305099487305 -0.85757094621658325195 -1.1391850709915161133 -0.33255806565284729004 
bias:
-0.52994036674499511719 
-0.59236836433410644531 
0.67279744148254394531 
-0.013657623901963233948 
-0.80069011449813842773 
0.13207654654979705811 
-0.75082731246948242188 
-0.72835582494735717773 
0.26787739992141723633 
-0.17552046477794647217 
10 1 
weights:
-0.79244655370712280273 -1.7552595138549804688 2.6274919509887695312 -1.4455772638320922852 -0.3723811805248260498 -1.7114335298538208008 0.30007565021514892578 1.3655589818954467773 2.0099711418151855469 1.6860599517822265625 
bias:
0.82517135143280029297 
