1 10 
weights:
1.4593358039855957031 
0.49930831789970397949 
1.6504520177841186523 
0.91489565372467041016 
1.4240968227386474609 
1.3679547309875488281 
0.51734107732772827148 
0.45630273222923278809 
0.94876074790954589844 
1.3942096233367919922 
bias:
-1.2925482988357543945 
0.15629482269287109375 
0.13852761685848236084 
1.7180185317993164062 
-1.3839110136032104492 
1.2123095989227294922 
0.26175406575202941895 
-0.45243886113166809082 
-2.1948969364166259766 
-0.27294588088989257812 
10 10 
weights:
-0.40278565883636474609 -2.0947749614715576172 -1.3702332973480224609 -2.0162763595581054688 -0.26462188363075256348 -1.5411485433578491211 -1.788280487060546875 -1.9970498085021972656 -1.4240142107009887695 -0.7857106328010559082 
1.310044407844543457 -2.0163149833679199219 0.76665896177291870117 0.36984291672706604004 2.040618896484375 1.9595515727996826172 -2.1163518428802490234 -2.2205417156219482422 -3.0879530906677246094 0.3436374366283416748 
-0.5342146754264831543 0.11871436238288879395 -0.3682848811149597168 -0.8723074793815612793 -0.015366886742413043976 -0.73258137702941894531 0.44059342145919799805 -0.12545849382877349854 -0.80561530590057373047 -0.46432018280029296875 
0.19377110898494720459 0.87882620096206665039 -0.41488525271415710449 -0.52591335773468017578 -1.0166072845458984375 -1.2932546138763427734 0.7533594965934753418 1.4015213251113891602 0.72122979164123535156 -0.080001443624496459961 
-0.77365243434906005859 0.30947852134704589844 0.090151004493236541748 -0.69701910018920898438 -0.1298748701810836792 -0.080059416592121124268 0.28721940517425537109 -0.79780572652816772461 -0.2008336186408996582 0.13549691438674926758 
0.064927056431770324707 -0.52604413032531738281 -0.3390757441520690918 0.19753719866275787354 -0.56591087579727172852 -0.68039906024932861328 0.51375114917755126953 0.42972877621650695801 0.97064173221588134766 -0.18310882151126861572 
-0.067586064338684082031 -0.81971025466918945312 0.25384420156478881836 0.25088590383529663086 0.74715369939804077148 0.42702493071556091309 -0.83800494670867919922 -1.1789524555206298828 -0.3146807253360748291 1.0675100088119506836 
1.4203063249588012695 -1.5868792533874511719 -0.15689146518707275391 0.23354968428611755371 0.16246034204959869385 0.29901835322380065918 0.36729407310485839844 -0.49974802136421203613 -0.6944637298583984375 0.19573532044887542725 
0.85684490203857421875 0.21090057492256164551 0.91530787944793701172 0.98349231481552124023 0.33950367569923400879 0.18192420899868011475 1.1243288516998291016 0.59047460556030273438 0.71362006664276123047 0.93230587244033813477 
0.078230038285255432129 -1.009812474250793457 0.19010308384895324707 -0.52956902980804443359 -0.0823535919189453125 0.19772598147392272949 -0.46473431587219238281 -0.98380237817764282227 0.22852973639965057373 0.83489078283309936523 
bias:
0.34739550948143005371 
0.71143823862075805664 
0.34655395150184631348 
-0.92133593559265136719 
-0.72727119922637939453 
-0.86589890718460083008 
-0.74918013811111450195 
-1.0296627283096313477 
1.2208875417709350586 
-0.48787072300910949707 
10 1 
weights:
4.4180293083190917969 3.6063947677612304688 -0.97581642866134643555 -1.80930328369140625 -0.53282618522644042969 -0.78345733880996704102 1.054467320442199707 0.91774195432662963867 -2.090984344482421875 0.56808030605316162109 
bias:
0.20688661932945251465 
