1 10 
weights:
0.67565953731536865234 
0.41549924015998840332 
-1.3454999923706054688 
-0.5982189178466796875 
0.75017589330673217773 
-1.5144463777542114258 
1.3271975517272949219 
-1.9481924772262573242 
0.80902510881423950195 
-0.58872139453887939453 
bias:
-1.8413501977920532227 
0.16695024073123931885 
-1.6304842233657836914 
-1.3456419706344604492 
1.8131424188613891602 
1.6908265352249145508 
1.0934871435165405273 
0.25740227103233337402 
-2.3945467472076416016 
-1.3405828475952148438 
10 10 
weights:
-0.30945062637329101562 -1.2227396965026855469 0.52861565351486206055 0.37889307737350463867 -0.27191454172134399414 0.89793336391448974609 -1.4782133102416992188 0.35760444402694702148 -0.41748404502868652344 0.23871523141860961914 
-1.0865358114242553711 -0.75033366680145263672 0.095023326575756072998 0.90285766124725341797 -0.696117401123046875 -1.2669130563735961914 1.3002088069915771484 -0.76354825496673583984 -1.1006011962890625 0.86192148923873901367 
-0.35355305671691894531 -0.8956959843635559082 0.57729899883270263672 0.054642226547002792358 -1.8432135581970214844 -0.31501954793930053711 -1.0471651554107666016 0.20650632679462432861 -0.66345226764678955078 0.50287216901779174805 
-0.52201765775680541992 -0.89331579208374023438 0.0068317498080432415009 0.80157583951950073242 -0.58447599411010742188 -0.64238339662551879883 -0.13043995201587677002 -0.35138732194900512695 -0.63537395000457763672 0.92455077171325683594 
-0.58845221996307373047 -0.097709968686103820801 -0.33461746573448181152 -0.52730327844619750977 -0.039798866957426071167 0.44366082549095153809 -0.36356276273727416992 0.12960422039031982422 -1.1049538850784301758 -0.96710693836212158203 
-0.60744863748550415039 -0.77632761001586914062 0.23702485859394073486 0.77938020229339599609 -1.267361760139465332 -1.1169191598892211914 0.21724961698055267334 -0.097836107015609741211 -0.58208262920379638672 0.41761499643325805664 
1.5737972259521484375 0.47606423497200012207 1.2542948722839355469 -1.0561102628707885742 0.45979130268096923828 0.62524181604385375977 -1.118891596794128418 0.74537307024002075195 1.7793921232223510742 -1.363686680793762207 
0.57575410604476928711 0.36729779839515686035 0.58798688650131225586 -0.46319249272346496582 -0.2023038715124130249 0.3968620002269744873 0.10574936866760253906 0.18819645047187805176 0.40035197138786315918 -1.0686652660369873047 
-0.56909787654876708984 -0.72394037246704101562 -0.71637082099914550781 -0.43918824195861816406 -0.75594514608383178711 -0.44875317811965942383 -0.52393066883087158203 -0.32509431242942810059 0.092527478933334350586 -0.33226034045219421387 
0.65785992145538330078 0.23032109439373016357 -0.19558161497116088867 -0.63904386758804321289 0.8701407313346862793 1.4496107101440429688 -0.77242791652679443359 0.57766032218933105469 1.1710256338119506836 -0.70360898971557617188 
bias:
0.0055016772821545600891 
0.51432919502258300781 
-0.69963449239730834961 
-0.40682911872863769531 
-1.0270901918411254883 
0.1928558051586151123 
-1.6012102365493774414 
-0.57565677165985107422 
-1.0005133152008056641 
-0.81921607255935668945 
10 1 
weights:
-1.6610767841339111328 2.7844827175140380859 1.1563719511032104492 1.5914031267166137695 0.067702353000640869141 1.5894333124160766602 -3.1736626625061035156 -1.0302273035049438477 -0.59847062826156616211 -1.9347653388977050781 
bias:
2.1189992427825927734 
