1 10 
weights:
1.0993303060531616211 
1.0946609973907470703 
-0.44757616519927978516 
0.47223564982414245605 
1.0897984504699707031 
1.323681950569152832 
0.43302834033966064453 
0.6230881810188293457 
0.43070507049560546875 
1.2662218809127807617 
bias:
2.6456911563873291016 
0.13525936007499694824 
0.10105885565280914307 
-0.48239830136299133301 
-3.1789233684539794922 
-0.53891444206237792969 
-0.084877334535121917725 
0.83317953348159790039 
-0.29690754413604736328 
-0.88271439075469970703 
10 10 
weights:
0.33948442339897155762 0.30162405967712402344 0.82644999027252197266 -0.40817043185234069824 -1.4322483539581298828 0.17474734783172607422 -0.84931725263595581055 -0.23913411796092987061 -0.23848462104797363281 1.0910764932632446289 
0.60995942354202270508 2.2153818607330322266 -1.2105805873870849609 0.41195771098136901855 0.39543741941452026367 1.0631988048553466797 0.052434645593166351318 0.74583929777145385742 -0.19663980603218078613 0.56936067342758178711 
0.47425240278244018555 -0.64501291513442993164 -0.3930174410343170166 -0.089476160705089569092 1.5463963747024536133 -0.19462618231773376465 -0.60960900783538818359 0.22517162561416625977 -0.26901808381080627441 -0.03300024569034576416 
1.4552360773086547852 -0.18739585578441619873 -0.5636069178581237793 0.50521749258041381836 0.54301822185516357422 -0.79646724462509155273 0.51986169815063476562 0.95817303657531738281 0.24159912765026092529 -0.73551982641220092773 
2.0233178138732910156 0.37012684345245361328 -0.88036769628524780273 1.0256960391998291016 0.68483018875122070312 0.27927002310752868652 0.68949991464614868164 1.8719360828399658203 0.2676474153995513916 0.92378145456314086914 
-1.3202853202819824219 1.2159618139266967773 0.84226882457733154297 -0.38061815500259399414 -1.5944640636444091797 1.6146066188812255859 -1.3123303651809692383 -0.614383697509765625 -1.3153283596038818359 1.8959777355194091797 
-0.22242423892021179199 -0.6891199946403503418 -0.45615690946578979492 0.99376249313354492188 -0.51928412914276123047 -0.19557493925094604492 0.57817614078521728516 0.6239687800407409668 -0.0020687030628323554993 -0.41840285062789916992 
0.30572047829627990723 0.30263385176658630371 0.10975338518619537354 0.9463837742805480957 -0.068052671849727630615 0.83490908145904541016 -0.5259354710578918457 0.22358365356922149658 -0.63895845413208007812 -0.5384610295295715332 
-0.63501828908920288086 0.12535390257835388184 -0.76061677932739257812 1.2671266794204711914 2.2731177806854248047 -0.63591289520263671875 0.54134792089462280273 -0.21448393166065216064 0.73621731996536254883 -0.80443453788757324219 
-0.40104115009307861328 0.22762657701969146729 -0.36494982242584228516 0.15751548111438751221 -0.25888940691947937012 0.032814476639032363892 -0.96990567445755004883 -0.54907327890396118164 -0.46809405088424682617 0.47684952616691589355 
bias:
0.18410845100879669189 
-0.89524948596954345703 
-0.82330816984176635742 
0.039267838001251220703 
0.071995005011558532715 
-0.069665782153606414795 
-1.2165970802307128906 
-0.43308719992637634277 
-1.1440836191177368164 
-0.31230622529983520508 
10 1 
weights:
1.4443302154541015625 2.8317098617553710938 -0.76764506101608276367 -1.9837694168090820312 -2.8230562210083007812 2.48758697509765625 -0.36575788259506225586 0.056087832897901535034 -1.858975529670715332 0.57641392946243286133 
bias:
0.99570906162261962891 
