1 10 
weights:
1.1557108163833618164 
1.3123006820678710938 
0.40915825963020324707 
0.49452957510948181152 
0.49099320173263549805 
1.6144459247589111328 
0.91554933786392211914 
1.1957312822341918945 
0.70295113325119018555 
1.3593693971633911133 
bias:
3.1116816997528076172 
-0.069203428924083709717 
-0.20484650135040283203 
-0.89007639884948730469 
-0.73847633600234985352 
-0.099754251539707183838 
-2.8369436264038085938 
1.0449670553207397461 
-1.8572430610656738281 
-1.5570118427276611328 
10 10 
weights:
1.911284327507019043 -0.8451023101806640625 0.92260223627090454102 0.55862307548522949219 1.1110835075378417969 -0.64833676815032958984 1.6568447351455688477 -1.0235675573348999023 1.3468074798583984375 -1.9244952201843261719 
-0.42063286900520324707 -0.22771167755126953125 0.23950570821762084961 0.45072227716445922852 -1.0405683517456054688 -0.44938236474990844727 0.46646007895469665527 -0.46482768654823303223 0.89794784784317016602 -0.30756056308746337891 
-0.60759836435317993164 1.3057944774627685547 0.34926748275756835938 0.19920456409454345703 -0.48472863435745239258 1.347619175910949707 -0.1066537126898765564 1.4870184659957885742 -0.8214511871337890625 0.90480631589889526367 
0.59771454334259033203 1.3689861297607421875 1.6617238521575927734 0.52763253450393676758 0.16206127405166625977 0.2021068185567855835 0.40055322647094726562 0.036701086908578872681 -0.21256084740161895752 0.019951337948441505432 
-0.78021967411041259766 0.34330296516418457031 -1.020751953125 -0.48574566841125488281 0.068026401102542877197 1.3476542234420776367 -1.2874599695205688477 0.46784457564353942871 -0.70463097095489501953 0.26665133237838745117 
-0.12440785020589828491 0.13227990269660949707 -0.28263479471206665039 -0.14124579727649688721 -0.080002665519714355469 -0.20104831457138061523 0.42878955602645874023 -0.31141412258148193359 0.65490281581878662109 0.29468876123428344727 
-1.9916334152221679688 -0.40456810593605041504 -0.54992151260375976562 -1.4640687704086303711 -0.77410304546356201172 0.65160679817199707031 -0.77861750125885009766 0.69168698787689208984 -0.65401107072830200195 1.567158818244934082 
-0.84162765741348266602 0.033145837485790252686 0.52371174097061157227 -0.61744678020477294922 -1.0337809324264526367 0.042389467358589172363 -0.043923620134592056274 -0.0633603706955909729 0.30373653769493103027 0.54835498332977294922 
-0.63572084903717041016 0.24825292825698852539 -0.33631810545921325684 -1.0965006351470947266 -1.0135605335235595703 0.19422104954719543457 -0.80684107542037963867 0.91870713233947753906 -1.0389887094497680664 1.2020982503890991211 
0.50552797317504882812 -0.56434357166290283203 -0.73127275705337524414 0.013031234964728355408 0.030577147379517555237 0.62814736366271972656 0.3762366175651550293 0.0063869734294712543488 0.15358975529670715332 -0.47213351726531982422 
bias:
-0.81773000955581665039 
-1.2812501192092895508 
0.2386481165885925293 
0.61444205045700073242 
-0.35497647523880004883 
-0.82351082563400268555 
0.33007544279098510742 
-1.7134106159210205078 
-0.14748279750347137451 
-1.3190717697143554688 
10 1 
weights:
-3.2872934341430664062 -0.10429030656814575195 2.1174826622009277344 -1.0384738445281982422 1.5114572048187255859 -0.38249921798706054688 2.1544005870819091797 0.51554411649703979492 1.6736447811126708984 -0.13666540384292602539 
bias:
-0.25422877073287963867 
