1 10 
weights:
0.86079502105712890625 
0.57144844532012939453 
-0.54664123058319091797 
1.6257339715957641602 
-0.59263694286346435547 
0.80729526281356811523 
-1.3641699552536010742 
0.77599376440048217773 
1.2322793006896972656 
0.72652220726013183594 
bias:
1.0161226987838745117 
0.58170837163925170898 
-0.55840224027633666992 
-1.2535138130187988281 
-0.63025271892547607422 
0.26117080450057983398 
-0.35496249794960021973 
1.2051476240158081055 
-3.4035253524780273438 
1.1314878463745117188 
10 10 
weights:
0.45971876382827758789 0.51359724998474121094 -1.0023690462112426758 1.1777001619338989258 -1.0487838983535766602 0.88083386421203613281 -1.1176401376724243164 0.4321854710578918457 0.37624183297157287598 1.3898661136627197266 
0.75565677881240844727 -0.27899336814880371094 0.33553788065910339355 -0.36259531974792480469 -0.69225531816482543945 -0.34835004806518554688 -0.027765795588493347168 -0.59264135360717773438 0.55993068218231201172 0.3794740140438079834 
1.741766810417175293 0.91101789474487304688 -0.47281932830810546875 1.166423797607421875 -0.99301820993423461914 1.6486016511917114258 0.10230316221714019775 2.3563959598541259766 0.73534637689590454102 1.9623048305511474609 
-0.4934329688549041748 -0.21407610177993774414 -0.31759715080261230469 -0.17345011234283447266 -0.075390838086605072021 0.70158809423446655273 0.50452202558517456055 0.038536448031663894653 0.90640711784362792969 -0.60366016626358032227 
-0.60089242458343505859 -0.090564429759979248047 0.35874921083450317383 -1.4853109121322631836 0.93374592065811157227 -0.46056833863258361816 1.2873044013977050781 -1.2179107666015625 -0.80859357118606567383 -0.62218976020812988281 
-0.75124472379684448242 -0.74093067646026611328 -0.042451884597539901733 -0.79460763931274414062 -0.05690339207649230957 0.16398070752620697021 0.43564292788505554199 -0.59713453054428100586 0.22630783915519714355 -0.018694875761866569519 
-0.29671874642372131348 -0.0019575858023017644882 -0.59033846855163574219 -1.8513759374618530273 -0.97255212068557739258 -0.05731635168194770813 -0.098823472857475280762 -0.01803851686418056488 3.1475598812103271484 0.55845272541046142578 
0.156583443284034729 -0.75519973039627075195 0.87580978870391845703 1.2684917449951171875 0.35548886656761169434 0.097978107631206512451 0.13635422289371490479 0.095721416175365447998 -1.0331684350967407227 -0.18628031015396118164 
-1.0369700193405151367 0.14137779176235198975 0.88010567426681518555 0.4355856478214263916 -0.24974450469017028809 -0.22461923956871032715 -0.14793847501277923584 0.25756299495697021484 0.022222038358449935913 0.16057939827442169189 
0.052791658788919448853 -0.42669242620468139648 0.39360713958740234375 1.377095341682434082 0.70929890871047973633 0.39773607254028320312 0.26721978187561035156 0.4836018979549407959 0.071991302073001861572 0.48122370243072509766 
bias:
-0.75160521268844604492 
-0.88785398006439208984 
-0.12377975136041641235 
-0.47034704685211181641 
0.36666721105575561523 
-0.75354897975921630859 
-0.19583496451377868652 
-0.18272064626216888428 
-1.4570543766021728516 
0.30009827017784118652 
10 1 
weights:
1.3138006925582885742 -0.33350351452827453613 -3.4023194313049316406 -0.66928082704544067383 -1.3449347019195556641 0.058140080422163009644 -3.2594053745269775391 1.9849528074264526367 0.25347828865051269531 2.3421900272369384766 
bias:
0.81976461410522460938 
