1 10 
weights:
-1.1287159919738769531 
0.19155889749526977539 
1.7148212194442749023 
0.63521558046340942383 
-1.5363124608993530273 
-1.3973658084869384766 
0.32767668366432189941 
-0.70982366800308227539 
0.39946416020393371582 
-0.77121520042419433594 
bias:
-3.2640967369079589844 
0.39867225289344787598 
0.087596602737903594971 
-1.2423025369644165039 
1.6581732034683227539 
-1.3559426069259643555 
0.20533445477485656738 
1.9342305660247802734 
-0.1376660466194152832 
2.0063908100128173828 
10 10 
weights:
-0.043742876499891281128 -0.5101292729377746582 0.13021007180213928223 0.59990584850311279297 -0.11181934177875518799 -0.44145852327346801758 0.054105341434478759766 -0.97658926248550415039 -0.2355677187442779541 -0.82270765304565429688 
0.86103492975234985352 -0.58822196722030639648 -0.75770056247711181641 -1.0890700817108154297 0.51807183027267456055 0.13394683599472045898 -1.1571849584579467773 -1.0076242685317993164 -0.75360739231109619141 -0.41843581199645996094 
0.086930766701698303223 -0.44904938340187072754 -0.76537072658538818359 0.3033129572868347168 -0.41702085733413696289 -0.30642589926719665527 -0.83053535223007202148 -1.311305999755859375 -0.2555840909481048584 -1.0782238245010375977 
-0.23500414192676544189 0.3183835446834564209 -0.7289447784423828125 -0.57431542873382568359 -0.080243766307830810547 0.21256992220878601074 0.55780768394470214844 -0.66196966171264648438 1.1335523128509521484 -0.62590253353118896484 
0.28636279702186584473 -0.57225155830383300781 -0.95371079444885253906 0.11835274845361709595 -1.2433496713638305664 -0.11673478782176971436 -0.30006754398345947266 -1.2282359600067138672 -1.541749119758605957 -0.38873335719108581543 
0.071167670190334320068 -1.3081319332122802734 0.26901030540466308594 1.3627092838287353516 0.00030146286007948219776 -0.64272016286849975586 -0.16442447900772094727 -0.80066967010498046875 0.045014921575784683228 -1.1110796928405761719 
0.37175509333610534668 -0.082950726151466369629 -1.1636488437652587891 -0.12656222283840179443 1.0870120525360107422 2.1011092662811279297 -0.58941799402236938477 0.014980522915720939636 -0.30695945024490356445 -0.93044120073318481445 
-0.59787291288375854492 0.28012326359748840332 -1.2366982698440551758 1.0782085657119750977 1.0305087566375732422 0.31452992558479309082 -0.053940780460834503174 -0.62157881259918212891 1.3216581344604492188 -0.15660262107849121094 
-0.29436376690864562988 -1.2480549812316894531 -1.5964307785034179688 -1.1658251285552978516 -1.2477785348892211914 -0.36472865939140319824 -1.1706433296203613281 -1.0261404514312744141 -1.297245025634765625 -1.840199589729309082 
2.6659064292907714844 -0.48560610413551330566 1.4099220037460327148 -0.51004904508590698242 -2.2952013015747070312 -1.0659421682357788086 -1.2976146936416625977 2.1583561897277832031 -0.88364124298095703125 1.2487167119979858398 
bias:
-0.62575227022171020508 
0.5788701176643371582 
-1.4648164510726928711 
-0.868488311767578125 
-1.047809600830078125 
-0.54158431291580200195 
-0.73806667327880859375 
0.17752239108085632324 
-1.9212149381637573242 
-0.54328012466430664062 
10 1 
weights:
-0.63863444328308105469 1.2520158290863037109 -1.0586763620376586914 -0.81732004880905151367 -0.84073162078857421875 -1.6268137693405151367 -1.7177724838256835938 -1.4577300548553466797 0.12224324047565460205 3.8966209888458251953 
bias:
-0.044423848390579223633 
