1 10 
weights:
-1.1829864978790283203 
1.0495724678039550781 
0.80307763814926147461 
0.4226328730583190918 
0.94494926929473876953 
1.0311040878295898438 
1.0720745325088500977 
0.40325206518173217773 
-0.99401450157165527344 
-0.41999918222427368164 
bias:
-0.4408385157585144043 
0.11205424368381500244 
-1.9366669654846191406 
-0.77270007133483886719 
1.9408485889434814453 
-2.4916474819183349609 
2.43506622314453125 
-0.64834898710250854492 
0.82929414510726928711 
0.77201509475708007812 
10 10 
weights:
0.46959140896797180176 -0.77244627475738525391 0.11535393446683883667 0.66621279716491699219 0.13520866632461547852 0.55284357070922851562 -0.51214015483856201172 0.67033016681671142578 0.4362653195858001709 -0.56787580251693725586 
-0.96153974533081054688 1.6745042800903320312 -0.39892557263374328613 -0.6042804718017578125 -1.2034809589385986328 -0.3150062263011932373 -1.1625152826309204102 -1.1071687936782836914 -1.165078282356262207 1.4277524948120117188 
-0.94094562530517578125 0.80387204885482788086 0.51244181394577026367 0.51978576183319091797 0.11603993922472000122 0.13824023306369781494 0.55080085992813110352 0.68723905086517333984 -0.99264639616012573242 -0.23791027069091796875 
0.27700534462928771973 0.21690928936004638672 0.75164091587066650391 0.1226514279842376709 0.52225732803344726562 0.88054305315017700195 0.42214688658714294434 -0.013298066332936286926 0.84911125898361206055 0.36178165674209594727 
-1.4842852354049682617 0.80010277032852172852 -0.30501511693000793457 -0.40018999576568603516 -0.52783882617950439453 -1.1490800380706787109 0.36264878511428833008 0.50401002168655395508 -1.313625335693359375 0.18911695480346679688 
-0.2234420478343963623 -0.053869143128395080566 1.2662547826766967773 0.33573368191719055176 -0.93283796310424804688 1.2851711511611938477 -0.80631905794143676758 0.79480928182601928711 -1.207243800163269043 -1.3670502901077270508 
-0.055132456123828887939 0.71545684337615966797 0.3203487396240234375 0.69128429889678955078 2.084903717041015625 0.63478845357894897461 2.4744496345520019531 0.55370151996612548828 -0.29189941287040710449 -0.73123341798782348633 
0.55790209770202636719 0.57227879762649536133 0.2009735107421875 -0.33722209930419921875 0.24999471008777618408 0.32482475042343139648 0.083161137998104095459 -0.34938943386077880859 -0.065936453640460968018 -0.10230454802513122559 
-1.9682817459106445312 0.13544395565986633301 -0.31189396977424621582 0.36842578649520874023 0.31340286135673522949 0.73947107791900634766 0.75969707965850830078 0.33291795849800109863 -0.74155700206756591797 -0.21299949288368225098 
0.75772339105606079102 -0.85594040155410766602 1.5189479589462280273 0.57986211776733398438 0.26797807216644287109 2.0431249141693115234 -0.91466492414474487305 0.58981662988662719727 0.2085606008768081665 -1.4816876649856567383 
bias:
-0.7659505009651184082 
0.90266370773315429688 
-0.32137304544448852539 
0.97369974851608276367 
-0.037074211984872817993 
-0.65127468109130859375 
-0.25715577602386474609 
0.072514444589614868164 
0.50956255197525024414 
-1.2863271236419677734 
10 1 
weights:
-0.83862090110778808594 3.0392982959747314453 1.2141923904418945312 1.0746304988861083984 1.7267146110534667969 -1.4643700122833251953 -2.9481942653656005859 0.083700552582740783691 1.3624838590621948242 -2.2065422534942626953 
bias:
-0.19562806189060211182 
