1 10 
weights:
1.5919224023818969727 
0.47783178091049194336 
1.6687635183334350586 
0.59500658512115478516 
1.3254640102386474609 
0.71853721141815185547 
0.53335231542587280273 
1.4443752765655517578 
0.53655135631561279297 
0.95956450700759887695 
bias:
2.0602400302886962891 
-0.75839126110076904297 
0.31778076291084289551 
0.57116311788558959961 
-1.1157642602920532227 
1.3545066118240356445 
-1.1882311105728149414 
-1.4010642766952514648 
0.31252682209014892578 
-2.6138811111450195312 
10 10 
weights:
0.90836089849472045898 -0.92892128229141235352 1.1386617422103881836 -0.16743157804012298584 0.78668349981307983398 -0.81851851940155029297 -0.58269166946411132812 0.2842706143856048584 -0.60598325729370117188 -1.0834510326385498047 
0.6936753392219543457 -0.74024909734725952148 0.63410514593124389648 -0.47964450716972351074 1.0086073875427246094 -0.21114218235015869141 -0.31031140685081481934 0.30852910876274108887 -0.61031252145767211914 -1.0918337106704711914 
-0.93341368436813354492 1.3735394477844238281 -1.1305633783340454102 -0.12072353065013885498 -1.2085565328598022461 0.68064856529235839844 1.3576415777206420898 -0.52269512414932250977 1.2672960758209228516 1.5067772865295410156 
-1.142397761344909668 0.098711237311363220215 -0.61099386215209960938 0.3450063169002532959 -0.69185519218444824219 -0.21803395450115203857 1.2079576253890991211 0.10225749015808105469 -0.2198254317045211792 -0.71224510669708251953 
0.55053806304931640625 -0.055567383766174316406 -0.47380679845809936523 -0.64097064733505249023 1.6314595937728881836 -0.021039349958300590515 -0.10444643348455429077 0.3594996035099029541 -0.49430987238883972168 0.8230794072151184082 
-0.50536960363388061523 -0.35453888773918151855 -0.75960135459899902344 0.54681229591369628906 -0.6231657862663269043 -0.65146046876907348633 0.010133773088455200195 0.20648849010467529297 0.7543213963508605957 0.087996378540992736816 
0.044660836458206176758 1.1717805862426757812 -0.3951333463191986084 -0.026320142671465873718 -0.35994482040405273438 -0.27194654941558837891 -0.012154329568147659302 0.052185840904712677002 -0.23608265817165374756 -0.12312892824411392212 
0.6726925969123840332 -1.6814116239547729492 1.3299506902694702148 -0.27271306514739990234 0.89767938852310180664 -0.088560312986373901367 -0.9879658818244934082 0.96887534856796264648 -0.90265929698944091797 -1.4487199783325195312 
-0.092310234904289245605 0.06150228157639503479 -0.57350724935531616211 0.68055933713912963867 -0.88054800033569335938 0.3678519129753112793 0.79826325178146362305 -0.99080669879913330078 1.2035375833511352539 1.1355623006820678711 
-0.35829693078994750977 -1.3495879173278808594 -0.99282443523406982422 -1.4347578287124633789 0.47792446613311767578 -2.5012073516845703125 -1.170256495475769043 -0.07232742011547088623 -1.8311421871185302734 -0.051210839301347732544 
bias:
-0.10260512679815292358 
-0.46097397804260253906 
-0.8849436640739440918 
-0.39111328125 
0.10220440477132797241 
-0.88883012533187866211 
-0.78203493356704711914 
0.049342561513185501099 
-0.80262553691864013672 
0.71438705921173095703 
10 1 
weights:
1.5755529403686523438 1.4830191135406494141 -2.1391859054565429688 -0.99309527873992919922 0.92704319953918457031 -0.69403171539306640625 -0.16985331475734710693 2.0915992259979248047 -1.359832763671875 4.0597972869873046875 
bias:
-1.3503026962280273438 
