1 10 
weights:
-0.41192406415939331055 
-0.45312660932540893555 
0.4066092073917388916 
0.41648173332214355469 
1.6255079507827758789 
1.8865240812301635742 
1.8801139593124389648 
1.714220881462097168 
0.47576963901519775391 
0.41628089547157287598 
bias:
0.15273934602737426758 
-0.47594982385635375977 
-0.016095051541924476624 
-0.33908930420875549316 
1.7131994962692260742 
-0.13100698590278625488 
-2.1711719036102294922 
-0.082629583775997161865 
-0.83639293909072875977 
-0.30349591374397277832 
10 10 
weights:
-0.21337862312793731689 1.2927479743957519531 -1.6522823572158813477 -1.4439615011215209961 -0.70395356416702270508 0.13602152466773986816 -0.65898442268371582031 -0.76054477691650390625 -1.5626114606857299805 -1.4098409414291381836 
-0.070895053446292877197 -0.41045534610748291016 0.16120740771293640137 0.85439211130142211914 -0.44912829995155334473 -0.1674887239933013916 -0.92221838235855102539 -0.18447029590606689453 -0.56149804592132568359 0.11167057603597640991 
-0.78908962011337280273 -0.16572393476963043213 0.34335061907768249512 -1.1173994541168212891 -0.83416223526000976562 0.15322881937026977539 0.6589037775993347168 -0.31734016537666320801 0.67780363559722900391 0.39403817057609558105 
-0.6629543304443359375 -0.47111037373542785645 -0.78743910789489746094 0.19966076314449310303 -0.07204888761043548584 0.44832718372344970703 -0.049893781542778015137 0.15223370492458343506 0.0033594206906855106354 -0.78160810470581054688 
1.6223031282424926758 1.4282572269439697266 -2.9011890888214111328 -1.7167735099792480469 1.9363213777542114258 1.9968496561050415039 1.9499286413192749023 0.95516556501388549805 -2.1246874332427978516 -1.7060627937316894531 
1.2120519876480102539 0.80970370769500732422 -0.61543142795562744141 -1.6721674203872680664 1.4042001962661743164 -0.019022695720195770264 1.5704557895660400391 0.18940502405166625977 -1.5167479515075683594 -0.64514505863189697266 
0.93981260061264038086 0.15508534014225006104 -0.91573953628540039062 1.4835083484649658203 0.24885475635528564453 0.22226433455944061279 0.9325205683708190918 0.29969397187232971191 -0.38538134098052978516 0.0086659835651516914368 
-0.58425629138946533203 -0.21448737382888793945 0.0019201396498829126358 0.89790272712707519531 -2.0312800407409667969 -0.82357078790664672852 -1.2595300674438476562 -0.69803774356842041016 0.58251029253005981445 -0.036692790687084197998 
0.61312061548233032227 0.58585113286972045898 0.096257753670215606689 -0.12611109018325805664 -0.42523461580276489258 -0.32286667823791503906 0.08950118720531463623 -0.58078795671463012695 -0.63196194171905517578 0.28680580854415893555 
-0.88443702459335327148 -1.0151000022888183594 0.14858579635620117188 -0.44912010431289672852 -0.65799087285995483398 -1.1485531330108642578 0.47589930891990661621 -0.0869159698486328125 0.025160007178783416748 -0.24368153512477874756 
bias:
-0.45262560248374938965 
-0.70580655336380004883 
-0.93757617473602294922 
-1.3344537019729614258 
-1.1003755331039428711 
-0.94749408960342407227 
-0.010750471614301204681 
-0.23661476373672485352 
-0.41147834062576293945 
0.49284780025482177734 
10 1 
weights:
2.2232193946838378906 -0.87380445003509521484 -0.6404603123664855957 -0.18458843231201171875 3.6704435348510742188 1.9947997331619262695 0.16394856572151184082 -2.2839436531066894531 0.047158289700746536255 -1.0373661518096923828 
bias:
-2.3240180015563964844 
