1 10 
weights:
-0.8067232966423034668 
-1.6642115116119384766 
1.3282263278961181641 
0.4976100921630859375 
0.50712859630584716797 
-0.42974141240119934082 
-1.4125446081161499023 
0.95416188240051269531 
-0.41043081879615783691 
1.4647183418273925781 
bias:
2.2270269393920898438 
0.2641716301441192627 
1.1284718513488769531 
-0.77453070878982543945 
-0.662967681884765625 
-0.53543806076049804688 
1.8924347162246704102 
2.4336395263671875 
-0.074019551277160644531 
-0.21180099248886108398 
10 10 
weights:
-0.15715964138507843018 -0.72379666566848754883 1.5677140951156616211 1.0335203409194946289 -0.35871183872222900391 -0.95247405767440795898 0.10652599483728408813 1.3392328023910522461 -0.48404720425605773926 0.89781427383422851562 
0.017985127866268157959 -0.47993490099906921387 -0.61815673112869262695 -0.28030118346214294434 -0.14212048053741455078 -0.018123166635632514954 0.047343179583549499512 -1.0063135623931884766 -0.025052346289157867432 -0.10367894172668457031 
0.43014442920684814453 -0.97784292697906494141 0.49676099419593811035 -0.67268764972686767578 -0.18057864904403686523 -0.28040364384651184082 -0.010203612968325614929 -0.14363794028759002686 -0.24376404285430908203 -0.83745497465133666992 
-1.5718462467193603516 0.59221112728118896484 -0.64555341005325317383 1.5083713531494140625 1.6499360799789428711 -0.63368725776672363281 -0.39921599626541137695 0.052867073565721511841 -0.54266083240509033203 -0.75438690185546875 
-1.1638625860214233398 1.1981112957000732422 -1.0119267702102661133 0.52600151300430297852 0.17667408287525177002 -0.76872277259826660156 0.093426376581192016602 0.86418950557708740234 -0.60459983348846435547 0.2617467343807220459 
0.21794189512729644775 -0.55300617218017578125 -0.22779010236263275146 -0.98265147209167480469 -0.76743119955062866211 0.79894351959228515625 -0.47773605585098266602 -0.08950564265251159668 0.092428497970104217529 0.94169121980667114258 
1.2548712491989135742 -1.2219232320785522461 0.8331591486930847168 -0.11973175406455993652 -0.77782273292541503906 0.29185178875923156738 -0.33812087774276733398 -0.97059279680252075195 0.4406788945198059082 -0.16758964955806732178 
-0.84456670284271240234 1.2184599637985229492 -0.68053847551345825195 1.4116005897521972656 0.71579819917678833008 -1.3508892059326171875 1.1435837745666503906 2.1949408054351806641 -0.53171908855438232422 -0.56870675086975097656 
1.4464317560195922852 -0.22052481770515441895 0.52125543355941772461 -0.92890393733978271484 -0.27259364724159240723 0.93172454833984375 -1.6807897090911865234 -1.7749991416931152344 1.2014926671981811523 1.3434679508209228516 
0.7687276005744934082 -0.64567357301712036133 0.46728408336639404297 -1.0327227115631103516 -0.70856451988220214844 0.49597504734992980957 -1.3293578624725341797 -1.391139984130859375 0.91853058338165283203 0.45320352911949157715 
bias:
-0.42153149843215942383 
-0.18252912163734436035 
-0.35234501957893371582 
-0.55839174985885620117 
-0.60547548532485961914 
-0.61369407176971435547 
-0.1676247715950012207 
-0.60664910078048706055 
-0.9925562739372253418 
0.15017363429069519043 
10 1 
weights:
1.8931232690811157227 0.27584737539291381836 0.4088242650032043457 -1.9390529394149780273 -1.3369328975677490234 0.88848549127578735352 1.2549659013748168945 -3.0403776168823242188 2.1694364547729492188 1.6595604419708251953 
bias:
-0.19600859284400939941 
