1 10 
weights:
0.69368225336074829102 
0.45821681618690490723 
1.14292144775390625 
1.5313456058502197266 
1.6207783222198486328 
1.521701812744140625 
0.7573000788688659668 
1.4947383403778076172 
0.54867976903915405273 
-0.25196176767349243164 
bias:
-1.7025856971740722656 
-0.18489110469818115234 
3.12111663818359375 
0.31922209262847900391 
0.054713349789381027222 
1.7665870189666748047 
-1.972931981086730957 
-1.3991177082061767578 
-1.1296870708465576172 
0.37212288379669189453 
10 10 
weights:
-0.28589540719985961914 -1.5893068313598632812 -0.95367008447647094727 0.22879505157470703125 1.5241372585296630859 0.58298653364181518555 -0.3103891909122467041 1.1408839225769042969 -1.3325198888778686523 0.61051255464553833008 
0.53110277652740478516 -1.2695174217224121094 -0.64916783571243286133 -0.52633845806121826172 0.52794164419174194336 0.25803339481353759766 0.13559229671955108643 0.36660277843475341797 0.062780261039733886719 -0.2481336742639541626 
-0.17625628411769866943 -0.31633841991424560547 -0.52153658866882324219 -0.33333620429039001465 -0.043325625360012054443 -0.45764255523681640625 -0.10824437439441680908 1.2649215459823608398 0.060126718133687973022 -0.062269371002912521362 
0.22601707279682159424 0.95880687236785888672 1.1261430978775024414 0.3983103632926940918 -0.41644683480262756348 0.27360349893569946289 0.70950561761856079102 1.0181316137313842773 0.6183872222900390625 0.12412734329700469971 
0.52884179353713989258 0.93301063776016235352 -0.044426795095205307007 0.12930637598037719727 -0.56683570146560668945 -0.85640227794647216797 0.70467215776443481445 -0.40662938356399536133 -0.085949338972568511963 0.14335039258003234863 
-0.25428524613380432129 -0.80598914623260498047 -0.26347643136978149414 -0.8083648681640625 -1.2795870304107666016 -0.55296313762664794922 0.030160780996084213257 0.2856960296630859375 -0.33742463588714599609 -0.43314969539642333984 
-2.1291017532348632812 -1.3810620307922363281 -1.2953925132751464844 1.3134424686431884766 0.73835593461990356445 1.4183542728424072266 -1.2063034772872924805 1.5075432062149047852 -1.5246318578720092773 0.27724969387054443359 
-0.84766995906829833984 -0.17670941352844238281 -1.3775167465209960938 0.31937012076377868652 0.57760375738143920898 0.69551753997802734375 -0.77765631675720214844 1.6809818744659423828 -0.69614052772521972656 -0.029894795268774032593 
-1.3204833269119262695 -0.32478809356689453125 -2.1794729232788085938 -0.15211181342601776123 -0.78502786159515380859 -0.87330555915832519531 -0.47957247495651245117 -0.69038414955139160156 -0.65837121009826660156 -0.29300546646118164062 
0.63480043411254882812 0.20440709590911865234 1.0263223648071289062 0.75161540508270263672 -0.85451072454452514648 -0.75884062051773071289 0.9111226201057434082 -1.014034271240234375 0.16206517815589904785 -0.58393239974975585938 
bias:
-0.7012736201286315918 
-1.0171631574630737305 
-0.84432262182235717773 
0.43703860044479370117 
-0.60139626264572143555 
-0.67766410112380981445 
0.58074295520782470703 
-0.74314099550247192383 
-0.017855532467365264893 
-0.60064518451690673828 
10 1 
weights:
1.7582569122314453125 0.53885191679000854492 0.57574731111526489258 -1.3236995935440063477 -0.83855640888214111328 -0.024919878691434860229 3.0151047706604003906 2.0392045974731445312 1.7886104583740234375 -1.3961032629013061523 
bias:
-1.2203139066696166992 
