1 10 
weights:
1.2345236539840698242 
1.7002358436584472656 
0.46976360678672790527 
-0.46512949466705322266 
-0.38365775346755981445 
0.97312325239181518555 
-0.32199755311012268066 
-0.30427837371826171875 
1.3404784202575683594 
1.5251138210296630859 
bias:
-3.2946896553039550781 
0.10182185471057891846 
0.035869706422090530396 
0.12648341059684753418 
0.19054283201694488525 
2.7157340049743652344 
-0.39776107668876647949 
-0.55095213651657104492 
1.1833853721618652344 
-1.0777156352996826172 
10 10 
weights:
0.21580773591995239258 0.48945474624633789062 0.17769317328929901123 -0.089601039886474609375 0.3701661229133605957 -0.472835540771484375 0.85584288835525512695 0.73238331079483032227 0.89481550455093383789 0.88925218582153320312 
0.92239767313003540039 0.025174638256430625916 1.4347712993621826172 0.50985479354858398438 -0.3911838233470916748 2.130939483642578125 0.23984865844249725342 0.28380575776100158691 0.01740659959614276886 0.53847104310989379883 
-0.65890371799468994141 0.074817694723606109619 -0.083148263394832611084 0.39995592832565307617 0.26558795571327209473 -1.4136458635330200195 0.32929936051368713379 0.64145499467849731445 1.1404131650924682617 0.96201819181442260742 
1.0396276712417602539 -0.391193389892578125 -0.83532100915908813477 0.52073764801025390625 0.056856341660022735596 -1.1024748086929321289 0.0067301709204912185669 0.20094151794910430908 -0.14328202605247497559 -0.1698636859655380249 
0.34594419598579406738 0.2165692448616027832 -0.79807722568511962891 -1.1239305734634399414 -0.46501511335372924805 0.35586977005004882812 0.08920799940824508667 -0.30474030971527099609 -0.13254649937152862549 0.46717733144760131836 
2.874835968017578125 -0.62798696756362915039 0.9786281585693359375 -0.21421584486961364746 -0.40866780281066894531 0.951404571533203125 -1.2600311040878295898 -1.0258545875549316406 -1.8879590034484863281 -1.3303445577621459961 
0.15545521676540374756 0.2760492861270904541 -0.46385723352432250977 -0.6447785496711730957 -0.23192970454692840576 -0.77714782953262329102 0.18018065392971038818 -0.087387330830097198486 1.098476409912109375 1.5740009546279907227 
-1.1480758190155029297 0.35192590951919555664 -0.45289126038551330566 0.70858061313629150391 0.33553072810173034668 -1.0185949802398681641 -0.15264540910720825195 -0.19588962197303771973 0.92989027500152587891 1.2017265558242797852 
-0.40892422199249267578 0.25129371881484985352 0.051375653594732284546 -0.012666174210608005524 0.32244196534156799316 -0.49429789185523986816 0.67608863115310668945 -0.66303229331970214844 -0.070095710456371307373 0.49724319577217102051 
0.17018117010593414307 0.41764444112777709961 0.36530342698097229004 0.48903432488441467285 0.089391522109508514404 1.7485262155532836914 -0.21621774137020111084 -0.016200672835111618042 0.61459630727767944336 0.023614138364791870117 
bias:
0.024408545345067977905 
-0.52570235729217529297 
-1.2056531906127929688 
-1.6945878267288208008 
-0.41827040910720825195 
0.59467065334320068359 
-0.37567409873008728027 
-0.56130576133728027344 
-1.0481072664260864258 
0.86338025331497192383 
10 1 
weights:
2.6415209770202636719 -3.4497377872467041016 1.3471840620040893555 1.2695699930191040039 0.0080854147672653198242 -3.0813195705413818359 1.503719329833984375 1.6246868371963500977 0.59409695863723754883 -0.050345212221145629883 
bias:
-0.24889872968196868896 
