1 10 
weights:
1.1336649656295776367 
0.46851298213005065918 
1.4099640846252441406 
0.46111220121383666992 
-1.110233306884765625 
0.82466536760330200195 
1.4299342632293701172 
0.52429485321044921875 
0.4987964332103729248 
0.70923990011215209961 
bias:
-2.9812190532684326172 
-1.0576775074005126953 
1.4132242202758789062 
-0.21915480494499206543 
0.2924740910530090332 
0.31129088997840881348 
-0.32572010159492492676 
0.27876985073089599609 
0.095441155135631561279 
1.5164372920989990234 
10 10 
weights:
-0.05143667757511138916 0.62082874774932861328 0.2268466949462890625 1.2898811101913452148 0.21082104742527008057 1.0396424531936645508 0.96796137094497680664 1.1438621282577514648 0.31694391369819641113 0.73247700929641723633 
-0.25825092196464538574 -0.66137206554412841797 -1.2599210739135742188 -0.3703581392765045166 0.27464205026626586914 0.35912656784057617188 0.36373639106750488281 0.92993628978729248047 0.096153147518634796143 -0.78150278329849243164 
0.22762739658355712891 0.33340540528297424316 -0.20516206324100494385 0.11976077407598495483 0.8427639007568359375 0.40619027614593505859 1.083464503288269043 -0.62049335241317749023 0.29444465041160583496 -0.32125997543334960938 
2.7662615776062011719 1.3469226360321044922 -2.1868283748626708984 1.3129388093948364258 0.45949980616569519043 -0.34883090853691101074 -1.948984980583190918 1.5450402498245239258 1.0916514396667480469 0.50605058670043945312 
-0.047648865729570388794 -0.031530544161796569824 0.42750006914138793945 -0.02624104917049407959 -1.7161551713943481445 0.37629708647727966309 0.79418277740478515625 0.34168589115142822266 0.30750063061714172363 0.2759266197681427002 
0.0289269275963306427 -0.41332846879959106445 0.038287479430437088013 -0.75668036937713623047 0.25969007611274719238 -0.067706197500228881836 0.40760987997055053711 -0.08166243135929107666 0.18534636497497558594 -0.33895847201347351074 
0.10286009311676025391 -0.16405349969863891602 0.74288392066955566406 1.0085936784744262695 0.90930104255676269531 0.13114526867866516113 0.43955919146537780762 0.91267228126525878906 -0.016329430043697357178 0.23549564182758331299 
-0.090530000627040863037 0.89640444517135620117 -0.40509277582168579102 0.75355422496795654297 0.632495880126953125 0.70280039310455322266 -0.67331665754318237305 -0.29557067155838012695 -0.84751975536346435547 -0.4627513885498046875 
-0.080878794193267822266 1.054655909538269043 0.4003098905086517334 1.9745448827743530273 -0.4768275916576385498 0.96137350797653198242 0.61994731426239013672 1.9186158180236816406 1.8119649887084960938 2.4002132415771484375 
-0.99693828821182250977 -0.72672301530838012695 1.2428990602493286133 -0.97279506921768188477 -1.4363381862640380859 0.74070376157760620117 1.0752246379852294922 -0.1427892148494720459 -0.41395431756973266602 0.3168837130069732666 
bias:
-0.50241899490356445312 
-0.58403581380844116211 
-0.94272428750991821289 
-1.8686140775680541992 
-1.5215219259262084961 
-1.2566698789596557617 
1.3463395833969116211 
-0.87587887048721313477 
-0.87556564807891845703 
-0.77540618181228637695 
10 1 
weights:
-1.2875318527221679688 0.23819518089294433594 0.45476734638214111328 -3.2811996936798095703 2.0670180320739746094 0.59544813632965087891 2.2780125141143798828 -0.21995028853416442871 -3.4985208511352539062 1.7057176828384399414 
bias:
1.5949780941009521484 
