1 10 
weights:
-1.5773625373840332031 
-0.84235715866088867188 
-1.4035478830337524414 
1.8483371734619140625 
-0.49084964394569396973 
-0.46585932374000549316 
-1.6504089832305908203 
-0.47506681084632873535 
-0.67399823665618896484 
-0.54197049140930175781 
bias:
-1.761240839958190918 
-2.5063617229461669922 
0.39611721038818359375 
-2.5702099800109863281 
-0.64907622337341308594 
-0.050416775047779083252 
0.23291707038879394531 
0.1023158729076385498 
1.3289543390274047852 
0.48612824082374572754 
10 10 
weights:
-1.3286261558532714844 1.3651932477951049805 0.75683754682540893555 0.085741855204105377197 0.74994009733200073242 -0.39759311079978942871 -0.78009891510009765625 0.10427296161651611328 0.25734210014343261719 0.27828288078308105469 
1.2053061723709106445 -0.81002724170684814453 0.37279093265533447266 -0.50815486907958984375 -1.3671151399612426758 -1.3002114295959472656 1.3452728986740112305 -0.089339785277843475342 -0.8719323277473449707 -0.68139159679412841797 
1.7832552194595336914 -1.956488490104675293 0.44858863949775695801 -0.77200591564178466797 -0.66513609886169433594 -1.6517467498779296875 1.9237537384033203125 -1.3415149450302124023 -1.1214655637741088867 -0.57379335165023803711 
1.0362726449966430664 -0.59798043966293334961 0.34065461158752441406 -0.43556246161460876465 -0.9511292576789855957 -0.74923223257064819336 0.73402297496795654297 -0.60885035991668701172 -1.0275332927703857422 -1.0516626834869384766 
-0.22006297111511230469 -0.55955624580383300781 -0.10944978892803192139 -0.53487527370452880859 -1.0087081193923950195 -0.021044125780463218689 -0.41503214836120605469 -0.093965590000152587891 -0.74225181341171264648 -0.62038695812225341797 
-0.7881171107292175293 0.69031274318695068359 -1.0313344001770019531 1.0745035409927368164 0.6457195281982421875 0.4649474024772644043 -1.036063075065612793 0.52618521451950073242 1.0601006746292114258 1.2297358512878417969 
-0.29800474643707275391 -0.18337370455265045166 -0.43074664473533630371 0.33140379190444946289 -0.0063973627984523773193 -0.34528112411499023438 0.83022969961166381836 0.0050958599895238876343 -0.5273723602294921875 -0.31615391373634338379 
0.48389545083045959473 -0.26472043991088867188 -0.3504034876823425293 -0.81228059530258178711 -0.61136013269424438477 -0.17074799537658691406 0.99244105815887451172 -0.84598684310913085938 -0.59060043096542358398 -0.48082691431045532227 
-0.29549619555473327637 1.0912387371063232422 -0.49858388304710388184 0.7149384617805480957 0.60540509223937988281 -0.25045982003211975098 -0.23500043153762817383 0.71419745683670043945 -0.061738990247249603271 0.40034815669059753418 
1.0752564668655395508 -0.64202773571014404297 -1.1283457279205322266 0.52599722146987915039 -0.61501562595367431641 -0.88968777656555175781 -0.25317880511283874512 -0.99728500843048095703 -1.544297337532043457 -1.6632399559020996094 
bias:
-0.57730877399444580078 
-0.077470265328884124756 
1.5567072629928588867 
0.21861946582794189453 
-0.82229942083358764648 
-1.6056205034255981445 
-0.88510376214981079102 
-0.69175225496292114258 
-0.52698981761932373047 
-0.089189752936363220215 
10 1 
weights:
0.89790987968444824219 -1.851300358772277832 -2.8909068107604980469 -2.0137410163879394531 0.10969661921262741089 2.2595632076263427734 -0.1704003065824508667 -1.5333296060562133789 1.3047100305557250977 -2.3229215145111083984 
bias:
0.5690205693244934082 
