1 10 
weights:
0.73946136236190795898 
0.54547137022018432617 
1.7344202995300292969 
0.61706244945526123047 
1.5160431861877441406 
0.84563291072845458984 
0.52003228664398193359 
1.6603293418884277344 
1.6717966794967651367 
0.48846393823623657227 
bias:
-2.0924816131591796875 
0.45729988813400268555 
0.0070304190739989280701 
-1.361771702766418457 
1.5855437517166137695 
2.0873422622680664062 
-0.68325388431549072266 
-2.1567571163177490234 
-0.021777534857392311096 
-0.53193014860153198242 
10 10 
weights:
-1.0740480422973632812 -0.41906502842903137207 0.4386793971061706543 -0.57299023866653442383 1.2128282785415649414 -0.66668516397476196289 -1.4602791070938110352 0.90526944398880004883 -0.060166843235492706299 -0.69328391551971435547 
-0.028670711442828178406 0.20090036094188690186 -0.20792202651500701904 0.062830179929733276367 -0.38977190852165222168 -1.1654769182205200195 0.23402005434036254883 0.2067998051643371582 -0.33525255322456359863 -0.31779921054840087891 
-1.9432867765426635742 -1.4805397987365722656 1.2939842939376831055 -1.4546077251434326172 0.94486886262893676758 -2.3850231170654296875 -0.82449954748153686523 2.4292092323303222656 1.6356431245803833008 -1.7841303348541259766 
-0.039811924099922180176 0.07352151721715927124 -0.64240157604217529297 0.21964125335216522217 -1.0498452186584472656 -0.069187916815280914307 -1.1532089710235595703 -0.072316318750381469727 0.20888668298721313477 -0.28639933466911315918 
-0.063068665564060211182 0.202013358473777771 -1.1363319158554077148 -0.049854539334774017334 -2.0138576030731201172 0.51742684841156005859 0.14931066334247589111 -1.0913308858871459961 -1.3006728887557983398 0.19231079518795013428 
-0.042942214757204055786 -0.042131811380386352539 -1.1099407672882080078 1.2748582363128662109 -0.2265863269567489624 0.085020244121551513672 0.10951061546802520752 0.11846991628408432007 0.24991475045680999756 0.27266412973403930664 
0.70015585422515869141 1.2618296146392822266 0.59060633182525634766 0.51085460186004638672 0.60032075643539428711 0.47819787263870239258 0.36500501632690429688 0.43376126885414123535 0.29495885968208312988 -0.039828862994909286499 
-1.1496913433074951172 -0.92726802825927734375 1.4378974437713623047 -1.3638489246368408203 1.4706177711486816406 -0.32326206564903259277 -1.0050920248031616211 0.72915947437286376953 0.64083123207092285156 -0.66111415624618530273 
-0.77025359869003295898 -0.38261595368385314941 0.61501342058181762695 -1.347298741340637207 1.0180860757827758789 -0.81335687637329101562 -0.9670251011848449707 0.60478001832962036133 0.40606981515884399414 -0.44823515415191650391 
1.0206187963485717773 1.3161622285842895508 0.016069043427705764771 1.0496480464935302734 0.82091182470321655273 1.2919661998748779297 0.58890044689178466797 0.63708001375198364258 0.3030465543270111084 1.5929021835327148438 
bias:
0.080718047916889190674 
-0.32792004942893981934 
1.0888936519622802734 
-0.14822763204574584961 
-0.5052788853645324707 
-0.86030697822570800781 
0.78888720273971557617 
-0.89591461420059204102 
-0.22764657437801361084 
-0.18729853630065917969 
10 1 
weights:
1.3719044923782348633 0.053826957941055297852 2.8994886875152587891 -0.1554946601390838623 -2.1174061298370361328 -0.54092550277709960938 -1.2452422380447387695 1.5927470922470092773 1.3160501718521118164 -2.3606555461883544922 
bias:
1.3124060630798339844 
