1 10 
weights:
0.70925593376159667969 
0.52109801769256591797 
-2.0739431381225585938 
1.4654915332794189453 
0.63173264265060424805 
-1.7984216213226318359 
-1.396288752555847168 
-0.85676074028015136719 
1.5680555105209350586 
-0.48317259550094604492 
bias:
1.5872714519500732422 
-1.0646616220474243164 
-0.12372874468564987183 
1.7311465740203857422 
1.2522867918014526367 
-0.59251266717910766602 
0.68341463804244995117 
2.2960937023162841797 
-1.5446834564208984375 
-0.31485483050346374512 
10 10 
weights:
-0.62307238578796386719 -0.45335423946380615234 0.93811511993408203125 -0.84153211116790771484 -0.15916962921619415283 -0.03159818798303604126 -0.15866819024085998535 -1.4169030189514160156 -0.89079725742340087891 0.089711174368858337402 
0.87085539102554321289 1.2818340063095092773 0.77695387601852416992 -2.1885304450988769531 1.1657737493515014648 1.5150380134582519531 -0.35402336716651916504 -2.8036785125732421875 -0.24877381324768066406 -1.1584024429321289062 
0.24669902026653289795 0.032886292785406112671 0.25647431612014770508 -0.31643337011337280273 0.64972960948944091797 0.92516422271728515625 -0.16574855148792266846 -1.1990873813629150391 -0.51371705532073974609 -0.29098832607269287109 
-0.40173280239105224609 0.84837955236434936523 0.65710592269897460938 0.47988104820251464844 0.42723140120506286621 -0.10332228988409042358 -0.80905473232269287109 0.50336349010467529297 -0.51978498697280883789 -0.062940061092376708984 
-0.37568438053131103516 -0.63047659397125244141 -0.77932989597320556641 0.23774285614490509033 -1.4761006832122802734 -0.12387791275978088379 -0.17883262038230895996 0.6599642634391784668 1.6257928609848022461 0.64206349849700927734 
-1.8467311859130859375 -0.95311415195465087891 -1.2748826742172241211 1.1264510154724121094 -1.1049576997756958008 0.36835345625877380371 -0.84431755542755126953 1.0487684011459350586 1.4740377664566040039 0.84885001182556152344 
-0.92442381381988525391 -0.26782456040382385254 0.2188094407320022583 -1.2437100410461425781 -0.49126011133193969727 -0.065622970461845397949 -0.55204159021377563477 -0.85162490606307983398 -1.507216334342956543 -1.2190073728561401367 
-1.6881426572799682617 -0.96229028701782226562 -0.23827165365219116211 -0.83740800619125366211 -1.6799426078796386719 -0.48032328486442565918 -0.071285977959632873535 0.1991246640682220459 -0.96025878190994262695 1.7808874845504760742 
-0.65968304872512817383 -0.20577648282051086426 -0.13836598396301269531 -1.2610946893692016602 -0.31095141172409057617 -0.58386373519897460938 0.21273566782474517822 -0.87351077795028686523 0.14917384088039398193 -1.0936979055404663086 
-1.4083089828491210938 -0.92614501714706420898 -0.86231911182403564453 -1.1733844280242919922 -1.6328352689743041992 -0.4350770115852355957 -1.1123335361480712891 -0.66231131553649902344 -1.5885875225067138672 -1.2696739435195922852 
bias:
-0.76353824138641357422 
0.50158661603927612305 
-1.0498461723327636719 
-1.0687108039855957031 
-0.31404823064804077148 
0.43945658206939697266 
-1.8040003776550292969 
-0.37631592154502868652 
0.050730634480714797974 
-1.4672626256942749023 
10 1 
weights:
-0.38531985878944396973 -3.0564448833465576172 -1.3008890151977539062 -0.23882254958152770996 1.9462732076644897461 3.0649094581604003906 1.3756998777389526367 2.2185914516448974609 -0.66650700569152832031 0.9000943303108215332 
bias:
-0.77314049005508422852 
