1 10 
weights:
-1.9902691841125488281 
0.46183577179908752441 
0.48648944497108459473 
0.49201220273971557617 
0.4403972327709197998 
0.78938633203506469727 
1.4984619617462158203 
0.86915576457977294922 
1.6593039035797119141 
0.48081138730049133301 
bias:
0.24163620173931121826 
-0.69520783424377441406 
-0.95859521627426147461 
-1.016121983528137207 
-0.54822671413421630859 
-2.3229088783264160156 
1.5672500133514404297 
2.1337220668792724609 
-1.9694769382476806641 
0.17943213880062103271 
10 10 
weights:
-0.20104856789112091064 -0.4025866389274597168 -0.51177102327346801758 -0.096315048635005950928 -0.61017185449600219727 -0.015387287363409996033 -0.049528717994689941406 -1.0661177635192871094 0.62698203325271606445 -0.63347905874252319336 
-0.90340447425842285156 -0.8260599970817565918 -0.38534945249557495117 -0.5463816523551940918 -0.74141639471054077148 -0.25054177641868591309 -0.17085655033588409424 -0.91119748353958129883 -0.045178595930337905884 0.043847922235727310181 
0.4581101536750793457 -0.67526358366012573242 -1.2120032310485839844 -0.76296335458755493164 -0.33087861537933349609 -0.31174194812774658203 0.75378310680389404297 -0.64497673511505126953 0.14045825600624084473 -1.3946017026901245117 
1.6191807985305786133 1.0852463245391845703 1.0694464445114135742 0.95288503170013427734 1.1117889881134033203 1.4297486543655395508 -0.74375808238983154297 0.86667519807815551758 -2.3697347640991210938 1.3894592523574829102 
0.18066260218620300293 0.15933696925640106201 0.15001992881298065186 -0.9234396815299987793 0.019286340102553367615 0.46086907386779785156 -0.59145087003707885742 -0.018805997446179389954 0.51143270730972290039 -0.81450897455215454102 
-1.6103290319442749023 -0.090115144848823547363 -0.40023362636566162109 -0.28758466243743896484 -0.41383048892021179199 -0.3606039881706237793 1.9281363487243652344 1.8265970945358276367 1.1009776592254638672 -0.13941453397274017334 
-0.8044643402099609375 -0.88091140985488891602 -0.74846994876861572266 -0.76837569475173950195 -0.96906638145446777344 -1.8531446456909179688 1.3005478382110595703 0.0087538277730345726013 1.4920994043350219727 -0.52013701200485229492 
-0.18253588676452636719 1.0381227731704711914 0.12981633841991424561 0.67865478992462158203 1.6844513416290283203 0.53967171907424926758 -0.54750627279281616211 1.7281471490859985352 -0.23721708357334136963 0.73952049016952514648 
0.011493335478007793427 -0.38969027996063232422 0.13775435090065002441 -0.23310889303684234619 0.49561038613319396973 -0.68467324972152709961 0.20148395001888275146 0.23389106988906860352 0.081960588693618774414 0.33304080367088317871 
-0.98817497491836547852 -0.54649698734283447266 -1.2738430500030517578 -0.60342919826507568359 -0.20797806978225708008 -0.12338166683912277222 0.33555120229721069336 -1.6440547704696655273 0.61679136753082275391 -0.87899732589721679688 
bias:
-0.63427907228469848633 
0.20734235644340515137 
-0.64042139053344726562 
-2.2997984886169433594 
-0.37077489495277404785 
-0.71342670917510986328 
0.76727604866027832031 
-0.23693780601024627686 
1.4611848592758178711 
0.67271447181701660156 
10 1 
weights:
1.2762414216995239258 1.4086667299270629883 2.0177285671234130859 -2.8412973880767822266 -0.04852561652660369873 2.5076515674591064453 2.1427621841430664062 -3.0242023468017578125 1.363695979118347168 2.6019940376281738281 
bias:
-0.35552412271499633789 
