1 10 
weights:
0.52934688329696655273 
-1.8132331371307373047 
0.98985761404037475586 
0.47695076465606689453 
0.46276456117630004883 
1.4757044315338134766 
1.3022742271423339844 
0.60398715734481811523 
0.45959749817848205566 
0.54891276359558105469 
bias:
0.44327303767204284668 
0.17273104190826416016 
-2.9742650985717773438 
-0.87682569026947021484 
-0.65571516752243041992 
-1.3623968362808227539 
1.2159920930862426758 
0.75817352533340454102 
-0.42628583312034606934 
0.48670110106468200684 
10 10 
weights:
1.4033285379409790039 -0.58943563699722290039 0.41897082328796386719 1.3340488672256469727 0.94214069843292236328 -0.21803772449493408203 0.57300359010696411133 2.0469987392425537109 1.4830839633941650391 2.1238372325897216797 
-1.4927630424499511719 0.34338736534118652344 0.20585897564888000488 -0.080899372696876525879 0.0024953633546829223633 0.3287506401538848877 0.28366619348526000977 -0.44018509984016418457 -0.31997412443161010742 0.37727937102317810059 
-0.39520052075386047363 -0.62377327680587768555 -2.1064317226409912109 -0.60079210996627807617 -0.90398406982421875 1.8526169061660766602 2.468235015869140625 -0.69203650951385498047 -1.0423135757446289062 -1.3003859519958496094 
-0.76390504837036132812 -0.44937995076179504395 -0.77093583345413208008 -1.1719174385070800781 0.05726726725697517395 1.6700174808502197266 1.5130832195281982422 -1.5801637172698974609 -0.63706767559051513672 0.14324936270713806152 
-0.75168263912200927734 0.095780499279499053955 -0.53148210048675537109 -0.35251101851463317871 -1.0571676492691040039 2.2110641002655029297 0.69619905948638916016 -0.58833497762680053711 -0.97115886211395263672 -0.51525211334228515625 
-0.23772010207176208496 -0.65605890750885009766 -0.092509008944034576416 -0.51426041126251220703 -0.66222661733627319336 0.86956739425659179688 0.99275583028793334961 -1.3712086677551269531 -0.33630669116973876953 -1.1316865682601928711 
-0.093393176794052124023 0.28561410307884216309 -1.6040738821029663086 -0.53415954113006591797 -1.5006669759750366211 0.60655450820922851562 1.1137368679046630859 0.565639495849609375 -0.77801674604415893555 0.28007742762565612793 
0.30497136712074279785 0.67904818058013916016 -0.57120281457901000977 0.66075795888900756836 0.31776940822601318359 0.85958600044250488281 0.57738351821899414062 0.47580045461654663086 0.93539649248123168945 0.185100555419921875 
-0.32239094376564025879 -0.98908174037933349609 0.39725029468536376953 -0.080177977681159973145 -0.29323685169219970703 1.4772856235504150391 1.0758962631225585938 0.25571155548095703125 1.1861952543258666992 0.53460943698883056641 
-0.54020303487777709961 -0.013914488255977630615 0.50054502487182617188 -0.0832079276442527771 0.46274548768997192383 -0.47156083583831787109 -1.7652550935745239258 -0.035662859678268432617 0.35815501213073730469 -0.16897384822368621826 
bias:
-0.30146488547325134277 
-1.0566852092742919922 
0.91158449649810791016 
-0.4879156947135925293 
-0.53883129358291625977 
0.11912200599908828735 
0.38643196225166320801 
0.29389926791191101074 
-0.58381378650665283203 
0.081776253879070281982 
10 1 
weights:
-4.6380243301391601562 0.38690033555030822754 2.7103095054626464844 1.8330634832382202148 1.5878359079360961914 1.3876764774322509766 1.4681415557861328125 -1.2589472532272338867 1.4771782159805297852 -1.1875950098037719727 
bias:
1.3753833770751953125 
