1 10 
weights:
0.71750938892364501953 
0.81589734554290771484 
0.41345742344856262207 
0.72143161296844482422 
0.5768191218376159668 
0.75212264060974121094 
-0.78880304098129272461 
1.2839411497116088867 
1.4451295137405395508 
0.19227495789527893066 
bias:
1.5048806667327880859 
1.868386387825012207 
-0.15818108618259429932 
1.3978196382522583008 
-1.1714596748352050781 
-1.9479118585586547852 
1.9064342975616455078 
1.0867249965667724609 
-1.3359023332595825195 
-1.1408071517944335938 
10 10 
weights:
-0.20598278939723968506 -0.35384207963943481445 0.34964600205421447754 0.62442117929458618164 0.27802130579948425293 -0.13262809813022613525 -0.21555237472057342529 -0.86241811513900756836 -0.40388184785842895508 0.38315573334693908691 
1.3889608383178710938 1.5934211015701293945 0.84341734647750854492 2.1115281581878662109 0.94748258590698242188 0.46547147631645202637 -0.14400826394557952881 0.26009669899940490723 0.39015460014343261719 0.36845886707305908203 
0.42859616875648498535 -0.88644021749496459961 0.19330823421478271484 0.59675276279449462891 0.66504067182540893555 0.93642735481262207031 -0.89747375249862670898 -0.65226584672927856445 -0.50617033243179321289 -0.062515974044799804688 
-0.35305741429328918457 0.96178418397903442383 0.27052763104438781738 0.95261406898498535156 -0.32128390669822692871 0.96261882781982421875 -1.4161114692687988281 1.7901777029037475586 2.5028643608093261719 -0.81857883930206298828 
0.68746680021286010742 1.7781369686126708984 0.5738074183464050293 1.095788121223449707 0.064244858920574188232 1.4803688526153564453 -0.33874070644378662109 -1.3979368209838867188 -1.7570570707321166992 0.087419182062149047852 
0.18718083202838897705 0.81704419851303100586 0.087387621402740478516 -0.11716377735137939453 0.57448285818099975586 0.72075724601745605469 -0.39284050464630126953 -0.76721775531768798828 -0.67497390508651733398 0.93701738119125366211 
-0.15348005294799804688 -0.72673708200454711914 -0.61611342430114746094 -0.27378937602043151855 0.43251308798789978027 -0.58098638057708740234 -0.04804019629955291748 0.16245324909687042236 0.53008633852005004883 -0.36547455191612243652 
0.68576669692993164062 0.05251989513635635376 -0.92216134071350097656 -0.049567453563213348389 -1.2567279338836669922 -1.8009212017059326172 2.6469180583953857422 0.7313518524169921875 0.43297627568244934082 0.26856243610382080078 
-0.55550140142440795898 -1.6469458341598510742 -1.3818162679672241211 -0.62149184942245483398 -0.21590316295623779297 -0.78853124380111694336 1.0178624391555786133 0.63938653469085693359 2.4511685371398925781 -0.23024623095989227295 
0.35330191254615783691 0.12422043085098266602 0.46647232770919799805 0.27502995729446411133 -0.031599406152963638306 -0.35194548964500427246 -0.29532223939895629883 -1.2768962383270263672 -1.0093717575073242188 0.38969171047210693359 
bias:
-0.21794281899929046631 
-1.0311126708984375 
-0.37438347935676574707 
-1.3335752487182617188 
-0.63905125856399536133 
-0.80208307504653930664 
-0.28564760088920593262 
0.14655652642250061035 
-0.44996318221092224121 
-0.69170933961868286133 
10 1 
weights:
-0.48712748289108276367 -2.3677339553833007812 -1.0442726612091064453 2.7498304843902587891 -2.1872394084930419922 -1.0429084300994873047 0.47377234697341918945 2.5545964241027832031 2.0378904342651367188 -0.96299880743026733398 
bias:
0.38735309243202209473 
