1 10 
weights:
1.018519282341003418 
0.61736690998077392578 
0.42342230677604675293 
1.2425767183303833008 
-0.49446988105773925781 
1.6049019098281860352 
1.4434298276901245117 
-1.2117557525634765625 
-0.73079735040664672852 
1.3543053865432739258 
bias:
-2.9582087993621826172 
1.3636983633041381836 
-0.34589415788650512695 
-0.66018557548522949219 
-0.96117621660232543945 
0.61921226978302001953 
0.29655241966247558594 
1.1006700992584228516 
-1.8037898540496826172 
1.2920351028442382812 
10 10 
weights:
-0.43362867832183837891 -0.30109202861785888672 -0.16968122124671936035 0.79495459794998168945 0.048969257622957229614 -0.20533761382102966309 0.046754743903875350952 -0.43079730868339538574 0.07753989100456237793 -0.28359168767929077148 
2.8023943901062011719 1.2673488855361938477 0.73761212825775146484 -0.81512361764907836914 -0.98263090848922729492 -0.47998481988906860352 -0.3103682100772857666 0.15150640904903411865 -0.27854824066162109375 -1.4786554574966430664 
0.95549154281616210938 1.2649836540222167969 0.97831308841705322266 -0.080495044589042663574 0.52116060256958007812 0.28100425004959106445 -1.2563734054565429688 0.52067536115646362305 -0.87713712453842163086 -0.60661810636520385742 
-0.57042092084884643555 0.051732465624809265137 -0.013017940334975719452 -0.81221675872802734375 -0.65795916318893432617 0.20238788425922393799 -0.47002902626991271973 0.29489678144454956055 -0.24771808087825775146 0.030997576192021369934 
-0.64032912254333496094 -0.77412968873977661133 -0.26704412698745727539 0.31432208418846130371 -0.3222980201244354248 -0.15061615407466888428 -0.68781119585037231445 -0.69683831930160522461 1.2572625875473022461 0.038510184735059738159 
0.18149966001510620117 -0.14672036468982696533 0.63278311491012573242 -0.0014350035926327109337 0.33871090412139892578 -1.3223932981491088867 -0.99292659759521484375 0.52046769857406616211 -0.54484784603118896484 -1.0509631633758544922 
0.45449915528297424316 -0.72670406103134155273 0.81972235441207885742 0.53514862060546875 0.27250772714614868164 -0.26862621307373046875 0.17349292337894439697 -0.60874933004379272461 0.46067896485328674316 0.3113797605037689209 
0.42551314830780029297 -1.3496837615966796875 -0.98238897323608398438 -0.66589599847793579102 0.081503346562385559082 -1.5595128536224365234 -0.56265062093734741211 -0.91801965236663818359 -0.02829026244580745697 -1.0139975547790527344 
-2.0245013236999511719 -1.7644456624984741211 -1.2811555862426757812 1.7931610345840454102 1.9451318979263305664 1.2285593748092651367 0.46785500645637512207 -1.2016975879669189453 1.9837143421173095703 0.50482279062271118164 
0.072574824094772338867 0.07516158372163772583 -1.1494543552398681641 -0.57201516628265380859 -0.86535114049911499023 -0.29506704211235046387 0.33788353204727172852 0.03258541598916053772 0.042505580931901931763 -0.2886352837085723877 
bias:
-1.1511540412902832031 
-0.48603227734565734863 
0.47543585300445556641 
-0.44269061088562011719 
-0.28042894601821899414 
-0.61954295635223388672 
0.82754558324813842773 
-1.1874402761459350586 
-0.73761332035064697266 
-0.2037156224250793457 
10 1 
weights:
0.53598588705062866211 -2.5030820369720458984 -2.3653821945190429688 -0.30853575468063354492 0.9722385406494140625 -1.2298614978790283203 0.86621767282485961914 2.0074546337127685547 3.2691783905029296875 -0.10269084572792053223 
bias:
0.87753009796142578125 
