1 10 
weights:
-1.0116703510284423828 
0.4004078209400177002 
0.46124598383903503418 
1.8951030969619750977 
0.52354359626770019531 
1.3543120622634887695 
-0.55940252542495727539 
1.8532590866088867188 
0.5121212005615234375 
0.6549835205078125 
bias:
2.874172210693359375 
0.056877277791500091553 
-0.67934721708297729492 
-1.9307841062545776367 
0.6857745051383972168 
2.3734631538391113281 
0.75821667909622192383 
-0.073291651904582977295 
0.67254173755645751953 
1.5766479969024658203 
10 10 
weights:
-0.39351695775985717773 -0.21025837957859039307 0.61500638723373413086 -0.46412143111228942871 0.42179939150810241699 0.20020733773708343506 -0.2504208683967590332 -0.25030648708343505859 1.7524397373199462891 1.0491300821304321289 
0.7514775395393371582 -1.097896575927734375 -0.57858949899673461914 1.4294511079788208008 -0.94894689321517944336 0.19324789941310882568 0.53516101837158203125 0.88948112726211547852 -0.13881689310073852539 -1.6106076240539550781 
0.19450254738330841064 -1.1648861169815063477 -0.36482572555541992188 1.0005886554718017578 0.69012862443923950195 0.060373473912477493286 -0.35845232009887695312 0.74874329566955566406 -0.98211091756820678711 -1.3460582494735717773 
-0.67594158649444580078 -0.12603285908699035645 0.38620173931121826172 1.271603703498840332 1.003653407096862793 2.1957757472991943359 -2.0076975822448730469 1.0018662214279174805 0.91061639785766601562 0.30082845687866210938 
-0.41989648342132568359 0.37747588753700256348 1.5842740535736083984 -0.12224654108285903931 1.3659312725067138672 1.4883328676223754883 -0.18483781814575195312 -0.019989006221294403076 0.57441323995590209961 1.3633806705474853516 
0.030902119353413581848 -0.91631942987442016602 0.071255646646022796631 1.0645121335983276367 0.085374586284160614014 -0.41606947779655456543 0.15901733934879302979 -0.076283529400825500488 -1.2093313932418823242 -0.5291468501091003418 
-2.5739846229553222656 1.3161503076553344727 0.99055892229080200195 -1.8710613250732421875 0.90573483705520629883 -1.3095121383666992188 -0.56961870193481445312 -1.3894731998443603516 1.1193653345108032227 1.523356318473815918 
-0.18546655774116516113 -0.52233916521072387695 -0.14142344892024993896 -0.047708310186862945557 -0.8124930262565612793 0.25883969664573669434 -0.69245439767837524414 0.095655471086502075195 0.23351311683654785156 -0.146215096116065979 
1.262339472770690918 -0.19902874529361724854 -0.36871188879013061523 0.041796568781137466431 -0.24982114136219024658 0.72688120603561401367 1.0162320137023925781 0.1819401085376739502 -0.82683348655700683594 0.088154211640357971191 
0.43490621447563171387 -0.53868770599365234375 -0.10818611830472946167 0.65088564157485961914 0.44356763362884521484 0.11040916293859481812 -0.4396012723445892334 -0.27058479189872741699 -0.28524106740951538086 0.37833070755004882812 
bias:
-0.10445199906826019287 
-0.22631418704986572266 
-0.033049322664737701416 
-1.0988396406173706055 
-0.12090086936950683594 
-0.2795715630054473877 
0.19171439111232757568 
-0.45481634140014648438 
-0.39588937163352966309 
-1.4674921035766601562 
10 1 
weights:
-1.6639888286590576172 1.7525079250335693359 1.085711359977722168 2.9899175167083740234 -2.5833084583282470703 0.85202467441558837891 -3.0973937511444091797 0.083211407065391540527 1.1879867315292358398 0.13651663064956665039 
bias:
0.76363980770111083984 
