1 10 
weights:
0.48726066946983337402 
0.64185285568237304688 
-1.7774579524993896484 
-1.7422339916229248047 
1.5597993135452270508 
1.7669545412063598633 
0.66664457321166992188 
-0.57638072967529296875 
0.68007713556289672852 
0.44101476669311523438 
bias:
0.57933813333511352539 
1.3165967464447021484 
-2.1638853549957275391 
-0.52353000640869140625 
-1.7472319602966308594 
0.00038525939453393220901 
-1.7865871191024780273 
-1.141650080680847168 
-1.7260427474975585938 
-0.77626758813858032227 
10 10 
weights:
0.37227445840835571289 -0.72400605678558349609 -0.86337804794311523438 -0.29157355427742004395 0.35748142004013061523 0.63553285598754882812 0.059751112014055252075 0.4903202056884765625 0.018254444003105163574 -0.2025159299373626709 
0.01998841017484664917 0.25578263401985168457 0.88882035017013549805 0.11330077797174453735 -0.83197534084320068359 -0.82302331924438476562 0.96229571104049682617 -0.99006265401840209961 1.116002202033996582 -0.27089846134185791016 
-2.0302989482879638672 -1.6088434457778930664 -0.99376517534255981445 -0.50075876712799072266 1.8150660991668701172 1.1778529882431030273 -1.1156722307205200195 1.8572164773941040039 -0.42952927947044372559 -1.2109748125076293945 
0.78159552812576293945 0.043032340705394744873 0.11442391574382781982 0.071604460477828979492 0.43046852946281433105 -0.46143677830696105957 0.40223127603530883789 -0.79836791753768920898 0.17155732214450836182 -0.15964302420616149902 
0.1677195429801940918 -0.24108083546161651611 -0.25330391526222229004 0.69641858339309692383 0.076592527329921722412 0.48720812797546386719 0.1481905132532119751 -1.185028076171875 -0.93745481967926025391 -0.046967897564172744751 
-0.62529337406158447266 0.11609534174203872681 -0.58232706785202026367 -0.5569998621940612793 0.11797159165143966675 0.081484645605087280273 0.0099762259051203727722 0.54112339019775390625 -0.4375133514404296875 -0.26568025350570678711 
-0.61437970399856567383 -1.5895482301712036133 0.34797847270965576172 -0.66617560386657714844 1.2372685670852661133 0.07955500483512878418 -0.86785268783569335938 -0.018297931179404258728 -0.28573271632194519043 -0.78306490182876586914 
0.36062932014465332031 0.63253664970397949219 0.40652364492416381836 0.42074540257453918457 -1.5224016904830932617 -0.9389107823371887207 1.5571092367172241211 -1.1240314245223999023 0.94696915149688720703 0.5783526301383972168 
0.83489859104156494141 0.45594546198844909668 1.0675785541534423828 0.24620075523853302002 -1.2443228960037231445 -1.3702034950256347656 1.2698252201080322266 -1.1086403131484985352 1.8288731575012207031 0.75259900093078613281 
-0.34657046198844909668 0.11332779377698898315 1.0524809360504150391 -0.28487983345985412598 0.43959134817123413086 -0.038903117179870605469 0.54982048273086547852 -0.22590726613998413086 -0.17651468515396118164 0.46059569716453552246 
bias:
-0.86510223150253295898 
-0.1979112476110458374 
1.0534343719482421875 
1.0325950384140014648 
-1.171130061149597168 
-0.90644490718841552734 
-0.13847173750400543213 
-0.40921244025230407715 
-1.1387902498245239258 
-0.23522441089153289795 
10 1 
weights:
0.87005400657653808594 -1.5566827058792114258 3.0771613121032714844 -0.72931909561157226562 0.05512471124529838562 0.81997454166412353516 1.9858678579330444336 -1.7873634099960327148 -2.4109625816345214844 -0.75659072399139404297 
bias:
2.0200304985046386719 
