1 10 
weights:
1.1187522411346435547 
1.4374884366989135742 
0.67496824264526367188 
0.51138722896575927734 
1.0422521829605102539 
0.50240552425384521484 
1.2558320760726928711 
-0.48288837075233459473 
0.47335484623908996582 
1.3985323905944824219 
bias:
-2.9158971309661865234 
-0.92752134799957275391 
1.0392323732376098633 
0.13076217472553253174 
2.1339480876922607422 
0.043240986764430999756 
0.81030344963073730469 
0.44995093345642089844 
-0.739307403564453125 
0.45419740676879882812 
10 10 
weights:
-0.40602040290832519531 1.0181901454925537109 0.40893355011940002441 0.27112922072410583496 -0.13447925448417663574 0.96579408645629882812 1.1724653244018554688 0.74598687887191772461 0.68447190523147583008 1.3347450494766235352 
-0.32170835137367248535 -1.5403007268905639648 -1.1081126928329467773 -2.0093750953674316406 -1.2711168527603149414 -0.73106992244720458984 -0.26217025518417358398 0.74435734748840332031 -0.59739387035369873047 -0.96348857879638671875 
0.48185613751411437988 0.82665842771530151367 1.7152199745178222656 0.56156575679779052734 2.5644431114196777344 1.8861887454986572266 1.2021851539611816406 -0.77342873811721801758 0.48127225041389465332 0.26094156503677368164 
1.2901356220245361328 -0.17597407102584838867 0.20342053472995758057 -0.50332218408584594727 -0.63479512929916381836 0.4990113377571105957 -0.40490633249282836914 -0.95383471250534057617 0.12909853458404541016 -0.3986905515193939209 
-2.5094470977783203125 1.7619899511337280273 -0.93719732761383056641 -0.99551284313201904297 0.31298652291297912598 -1.0016448497772216797 0.99605882167816162109 1.7083737850189208984 -1.1349982023239135742 2.3796377182006835938 
0.62832975387573242188 0.19099162518978118896 0.63114124536514282227 0.50134825706481933594 0.27663981914520263672 1.230074763298034668 0.21192486584186553955 0.59358847141265869141 -0.47672933340072631836 -0.43722903728485107422 
-0.69413799047470092773 -0.10850401222705841064 -0.43643262982368469238 -0.48492056131362915039 -0.042543549090623855591 -0.36232349276542663574 -0.72404944896697998047 -0.58416789770126342773 -0.25589352846145629883 0.067024476826190948486 
-0.70044177770614624023 2.4179229736328125 -0.93196880817413330078 -0.35285088419914245605 0.55665320158004760742 -0.68442422151565551758 0.88348042964935302734 -0.53248828649520874023 -0.99329990148544311523 0.86817973852157592773 
-0.97070908546447753906 -0.54096758365631103516 -0.50235092639923095703 -0.14161278307437896729 -0.064157523214817047119 -0.3428624570369720459 -0.36816442012786865234 -0.15608811378479003906 0.41097676753997802734 -0.79840868711471557617 
0.0017214909894391894341 -0.42231544852256774902 -0.2029943615198135376 -0.35761344432830810547 -0.32983511686325073242 -0.44034352898597717285 -0.44299945235252380371 -0.059206474572420120239 0.33006000518798828125 0.054675232619047164917 
bias:
1.2400885820388793945 
-0.93619638681411743164 
-0.14711084961891174316 
-0.55369955301284790039 
-0.69492208957672119141 
0.076577894389629364014 
-0.65458732843399047852 
-1.4537352323532104492 
-0.68996334075927734375 
-0.4131152033805847168 
10 1 
weights:
1.7366154193878173828 1.8510682582855224609 -2.8822023868560791016 -1.0191984176635742188 3.1396439075469970703 -1.3301655054092407227 -0.3952210843563079834 2.6911826133728027344 -0.64732611179351806641 -0.28293469548225402832 
bias:
-0.47424274682998657227 
