1 10 
weights:
0.62981599569320678711 
0.46581122279167175293 
0.60432630777359008789 
1.5037901401519775391 
0.44317209720611572266 
0.44334831833839416504 
-0.79638409614562988281 
0.752750396728515625 
1.9231369495391845703 
1.5560827255249023438 
bias:
-1.4294412136077880859 
0.49637040495872497559 
0.60329210758209228516 
1.3116769790649414062 
-0.48750603199005126953 
0.05268731340765953064 
-2.0467889308929443359 
-2.0363152027130126953 
-0.33656048774719238281 
-1.9056961536407470703 
10 10 
weights:
-0.11639149487018585205 -0.91444110870361328125 -0.23812577128410339355 0.31310319900512695312 -0.4724070429801940918 -0.2158994823694229126 -0.44171443581581115723 0.28353318572044372559 0.074353225529193878174 0.18996660411357879639 
-0.057379242032766342163 -0.70325547456741333008 -0.50866407155990600586 -0.31030103564262390137 -0.43243315815925598145 -0.75206041336059570312 1.5197492837905883789 -1.1704397201538085938 1.0476272106170654297 1.1438256502151489258 
-0.59193950891494750977 -0.094228200614452362061 0.45149278640747070312 1.2519890069961547852 -0.55708867311477661133 -0.54549962282180786133 -0.43288820981979370117 -0.32571884989738464355 -0.20370122790336608887 0.04120159149169921875 
-0.44079825282096862793 -0.12882377207279205322 -0.27384421229362487793 0.94861513376235961914 -0.064733296632766723633 -0.57206064462661743164 0.28153789043426513672 0.37443217635154724121 1.2828451395034790039 0.48445442318916320801 
0.22139449417591094971 0.5413481593132019043 0.2871113121509552002 -0.19988267123699188232 1.2748854160308837891 0.27966898679733276367 -0.961055755615234375 0.12174056470394134521 0.12059906870126724243 -0.022081730887293815613 
-0.73674434423446655273 -1.5383254289627075195 -1.1216949224472045898 1.2993847131729125977 -2.0208010673522949219 -1.0169500112533569336 1.6845325231552124023 -1.1067225933074951172 1.5102648735046386719 2.3251140117645263672 
-0.075889356434345245361 -0.50616079568862915039 -0.9060923457145690918 0.49813804030418395996 -0.10668479651212692261 0.14231638610363006592 0.089810281991958618164 0.58282691240310668945 -0.33705717325210571289 0.29846686124801635742 
-1.105713963508605957 -0.87478977441787719727 -0.12029167264699935913 0.62228703498840332031 -0.46702671051025390625 -1.3944280147552490234 1.0898292064666748047 -0.97309803962707519531 1.3146615028381347656 1.2443261146545410156 
1.3479744195938110352 0.73173600435256958008 -0.10141397267580032349 -1.5611705780029296875 0.86205089092254638672 1.4315873384475708008 -0.53748989105224609375 2.2098381519317626953 -1.2774119377136230469 -1.1147589683532714844 
0.77133309841156005859 -0.37953194975852966309 1.88509368896484375 1.2951471805572509766 0.54167479276657104492 -0.24604615569114685059 -1.4784901142120361328 0.37319314479827880859 1.1390591859817504883 1.1631033420562744141 
bias:
-1.3274700641632080078 
-1.0449140071868896484 
-1.4430553913116455078 
0.64595967531204223633 
0.68343406915664672852 
-0.37754431366920471191 
-0.76396787166595458984 
-0.50391936302185058594 
-0.84825927019119262695 
-0.6143906712532043457 
10 1 
weights:
0.35438933968544006348 1.4489169120788574219 0.50518184900283813477 1.7152285575866699219 -1.8667272329330444336 2.8219830989837646484 -0.024668242782354354858 1.8118492364883422852 -2.5659027099609375 1.5396343469619750977 
bias:
-1.7627120018005371094 
