1 10 
weights:
0.39794674515724182129 
-1.4971573352813720703 
1.4559403657913208008 
-0.91681015491485595703 
0.45806813240051269531 
0.39936158061027526855 
1.5728269815444946289 
0.58324480056762695312 
-0.98376870155334472656 
0.76157629489898681641 
bias:
0.083981506526470184326 
1.5113886594772338867 
1.6490399837493896484 
-0.044952608644962310791 
-0.86562234163284301758 
-0.21360853314399719238 
0.14483721554279327393 
-1.3105051517486572266 
-2.7902705669403076172 
-2.1220693588256835938 
10 10 
weights:
0.17625413835048675537 0.33378043770790100098 0.4296970069408416748 -0.65509027242660522461 -0.38172313570976257324 -0.07408825308084487915 -0.51267838478088378906 0.45434665679931640625 0.14275096356868743896 1.1360335350036621094 
-0.17926821112632751465 -0.52397239208221435547 -0.0085685998201370239258 -0.29896768927574157715 -0.28975400328636169434 -0.091788113117218017578 -0.40871435403823852539 0.37804365158081054688 0.3118209540843963623 -0.43437454104423522949 
-1.0073399543762207031 -0.97818279266357421875 -0.15805324912071228027 -0.73332208395004272461 -0.50809621810913085938 0.61276096105575561523 0.62631142139434814453 -0.5572579503059387207 0.88167017698287963867 -0.078631438314914703369 
-0.060612317174673080444 -0.40563037991523742676 -0.54073286056518554688 -0.55508124828338623047 -0.27652755379676818848 0.024386558681726455688 -0.14284853637218475342 0.8668028712272644043 0.17904384434223175049 0.20090012252330780029 
0.11931833624839782715 0.36263415217399597168 -0.98397338390350341797 -0.23388764262199401855 -0.11992296576499938965 0.36309483647346496582 -0.52000772953033447266 0.86288154125213623047 -0.72768825292587280273 0.91581922769546508789 
-0.81688636541366577148 -0.55539208650588989258 1.2482897043228149414 0.17850010097026824951 -0.3565985560417175293 -1.0152142047882080078 1.3276141881942749023 -0.69018661975860595703 1.1673903465270996094 -1.4933984279632568359 
0.22059811651706695557 0.44603452086448669434 -0.32515954971313476562 -0.036941472440958023071 0.15940050780773162842 0.845226287841796875 -1.4703272581100463867 0.8131554722785949707 -1.0524593591690063477 0.74907815456390380859 
-1.0809878110885620117 -1.1461429595947265625 0.53896635770797729492 -0.24699901044368743896 -0.41019147634506225586 -0.39550450444221496582 0.77865946292877197266 -0.16454094648361206055 1.4226279258728027344 -0.46191361546516418457 
0.24868373572826385498 -1.0439610481262207031 0.60146909952163696289 -0.35791084170341491699 0.56461369991302490234 -0.092829279601573944092 -0.50865536928176879883 -0.90781062841415405273 0.63372278213500976562 0.44755887985229492188 
0.68764674663543701172 1.9470014572143554688 -1.3095819950103759766 -0.17738060653209686279 1.1588190793991088867 0.88475590944290161133 -1.321524500846862793 1.1932214498519897461 -2.3249881267547607422 1.4215238094329833984 
bias:
-1.0926396846771240234 
-0.44476288557052612305 
-0.35078933835029602051 
-1.0748267173767089844 
-0.18035422265529632568 
0.45695436000823974609 
-0.26997423171997070312 
-0.33638885617256164551 
-0.83155518770217895508 
-0.98752075433731079102 
10 1 
weights:
-0.5413201451301574707 0.2959270179271697998 1.0184003114700317383 -0.42516618967056274414 -1.3132333755493164062 2.1625518798828125 -1.5894517898559570312 1.8049414157867431641 0.47987800836563110352 -3.0036675930023193359 
bias:
0.84646856784820556641 
