1 10 
weights:
1.550305485725402832 
1.4161990880966186523 
1.3382936716079711914 
0.83572399616241455078 
1.1176356077194213867 
0.79402816295623779297 
0.58462536334991455078 
0.75639003515243530273 
-0.73478561639785766602 
0.74151331186294555664 
bias:
-0.81394678354263305664 
-1.4127820730209350586 
0.53255176544189453125 
1.8559978008270263672 
0.88169705867767333984 
-2.0364003181457519531 
1.0290837287902832031 
1.4877691268920898438 
1.7259885072708129883 
-1.928282618522644043 
10 10 
weights:
0.32854616641998291016 -0.017357837408781051636 -0.55233228206634521484 -1.9716867208480834961 -1.4167243242263793945 -0.66203212738037109375 -1.109344482421875 -1.3520990610122680664 0.73114925622940063477 -0.69332295656204223633 
-0.13470332324504852295 0.13412952423095703125 -0.041487108916044235229 1.623622894287109375 -0.075477495789527893066 1.2395737171173095703 1.0487455129623413086 1.1025489568710327148 -0.55872797966003417969 0.29851883649826049805 
0.81372982263565063477 1.0159611701965332031 0.65318810939788818359 -0.34228423237800598145 1.497008204460144043 -0.1944561302661895752 -1.5678933858871459961 -0.26231122016906738281 1.3320708274841308594 -1.4302883148193359375 
-0.095430113375186920166 -0.85171276330947875977 -0.90851646661758422852 0.92022734880447387695 -0.8582553863525390625 1.6305996179580688477 0.57386922836303710938 -0.24986851215362548828 -2.0413696765899658203 1.3288261890411376953 
0.41323179006576538086 1.0547585487365722656 0.89329278469085693359 0.89111059904098510742 0.93858289718627929688 0.16025879979133605957 -0.14963960647583007812 -0.3252830803394317627 -0.45997607707977294922 -0.73831105232238769531 
-0.33244264125823974609 -0.41317647695541381836 0.93177586793899536133 -0.17122386395931243896 -0.0055614220909774303436 -0.74052637815475463867 0.562129974365234375 -0.90887874364852905273 -0.69892466068267822266 -0.29148709774017333984 
0.53822547197341918945 1.4960536956787109375 1.5798095464706420898 -0.48542547225952148438 0.40190410614013671875 -1.9752901792526245117 -0.84694522619247436523 -0.71942079067230224609 0.57951635122299194336 -1.1185778379440307617 
0.84448671340942382812 0.97912526130676269531 0.12550830841064453125 -1.0861139297485351562 1.4873096942901611328 -0.77575474977493286133 -1.1239370107650756836 -0.79058301448822021484 0.22717936336994171143 -0.94376087188720703125 
-0.29751610755920410156 -0.037949752062559127808 -0.36950796842575073242 -0.1711200326681137085 0.18313194811344146729 0.39695763587951660156 -1.2473639249801635742 0.066054664552211761475 0.37678804993629455566 -0.52168309688568115234 
-0.35881963372230529785 0.41387948393821716309 0.93072795867919921875 -0.33955037593841552734 1.3032217025756835938 0.37544018030166625977 -0.2310145646333694458 1.2425999641418457031 -1.0251463651657104492 1.0487809181213378906 
bias:
-0.36255511641502380371 
0.3240273892879486084 
-1.3894340991973876953 
0.018966367468237876892 
-0.83728039264678955078 
-0.42490145564079284668 
-0.11618667840957641602 
-0.44555824995040893555 
-0.089334517717361450195 
-0.27988710999488830566 
10 1 
weights:
2.8618364334106445312 -2.5561249256134033203 1.6751933097839355469 -2.31224822998046875 1.299962162971496582 0.14898774027824401855 1.8855700492858886719 1.651804804801940918 0.34847021102905273438 1.2144651412963867188 
bias:
-1.2207434177398681641 
