1 10 
weights:
0.80254477262496948242 
0.86122786998748779297 
1.1794801950454711914 
1.4376997947692871094 
0.82944899797439575195 
0.58699125051498413086 
-1.3817900419235229492 
1.6761944293975830078 
0.78711801767349243164 
0.97523188591003417969 
bias:
1.5332512855529785156 
1.3893184661865234375 
0.39396244287490844727 
-0.75231540203094482422 
-2.3739550113677978516 
-1.2808158397674560547 
1.6667779684066772461 
0.51780068874359130859 
-2.2339327335357666016 
1.997290492057800293 
10 10 
weights:
-0.82410657405853271484 -0.0095681613311171531677 0.76019155979156494141 -0.24636742472648620605 0.70686775445938110352 0.66935247182846069336 -0.074751786887645721436 -0.34124344587326049805 0.39839622378349304199 -0.36384555697441101074 
-0.89148533344268798828 -1.1584808826446533203 -0.69028455018997192383 -0.51265281438827514648 -0.13348269462585449219 -0.4793866574764251709 1.13617706298828125 -1.0470366477966308594 -0.66014260053634643555 -0.93123489618301391602 
-0.3482322990894317627 0.86527663469314575195 -0.19018223881721496582 0.46412739157676696777 -1.7372696399688720703 -0.74153167009353637695 -0.92447113990783691406 1.267230987548828125 -1.155901789665222168 0.41319751739501953125 
-0.098343439400196075439 -0.3969230949878692627 -0.086661122739315032959 0.36648088693618774414 0.045590970665216445923 -0.88196635246276855469 -0.61377853155136108398 0.39900267124176025391 -1.1882300376892089844 -0.41944855451583862305 
-0.027595523744821548462 0.42498049139976501465 0.30895218253135681152 0.19644181430339813232 -1.4386029243469238281 -1.3461246490478515625 -0.55145287513732910156 0.55508494377136230469 -0.89315164089202880859 0.2978820502758026123 
-1.584078669548034668 -0.83813518285751342773 -0.74335497617721557617 -0.1608149111270904541 -0.53329539299011230469 0.15843020379543304443 0.42625105381011962891 -1.2955560684204101562 -0.90350252389907836914 -1.9857268333435058594 
-0.75165575742721557617 -0.22936423122882843018 0.25565537810325622559 -0.31983315944671630859 -0.50522541999816894531 -0.33730006217956542969 -0.038674410432577133179 0.88008141517639160156 -0.60150504112243652344 0.39155924320220947266 
1.3272728919982910156 2.14917755126953125 0.71773040294647216797 1.1806998252868652344 0.47210770845413208008 0.49396720528602600098 0.27542144060134887695 0.35419321060180664062 0.24551196396350860596 1.7809281349182128906 
-0.48438903689384460449 0.88041961193084716797 0.83654516935348510742 1.6867657899856567383 -1.8265143632888793945 -1.4326374530792236328 -1.6216599941253662109 0.37993541359901428223 -1.842010498046875 -0.44277277588844299316 
-1.3638160228729248047 -1.2058957815170288086 -0.098732374608516693115 -0.90896552801132202148 -0.587802886962890625 -0.7942244410514831543 0.28848674893379211426 -0.072071723639965057373 -0.40321674942970275879 -1.2413011789321899414 
bias:
-0.38849872350692749023 
1.3029510974884033203 
-0.64235681295394897461 
0.16188782453536987305 
0.26745906472206115723 
-0.15279942750930786133 
-0.35584655404090881348 
-0.73356795310974121094 
0.012639726512134075165 
-0.47492122650146484375 
10 1 
weights:
-0.5906193852424621582 -1.2116335630416870117 1.6138979196548461914 1.0090061426162719727 1.3858468532562255859 2.0453052520751953125 0.58123481273651123047 -2.8754248619079589844 2.6160006523132324219 1.8842606544494628906 
bias:
0.30685347318649291992 
