1 10 
weights:
1.4399114847183227539 
0.47165009379386901855 
0.7121995091438293457 
1.0287961959838867188 
0.36978393793106079102 
0.98314338922500610352 
0.49532750248908996582 
1.6894451379776000977 
0.63033324480056762695 
1.3426815271377563477 
bias:
-1.512066960334777832 
-0.72904497385025024414 
-1.7547420263290405273 
2.7820827960968017578 
-0.18218329548835754395 
-2.7942457199096679688 
-0.89897215366363525391 
-0.077016413211822509766 
0.70033133029937744141 
1.1645902395248413086 
10 10 
weights:
1.7920892238616943359 -0.010548905469477176666 0.57683455944061279297 -0.77660501003265380859 -0.091570816934108734131 0.11081860959529876709 0.14484187960624694824 0.79317212104797363281 -0.21217784285545349121 0.50449901819229125977 
0.94007861614227294922 1.2445884943008422852 0.81863582134246826172 2.0797739028930664062 -0.64517182111740112305 0.94832122325897216797 0.71250361204147338867 0.78172516822814941406 1.3770834207534790039 1.6095445156097412109 
1.438067317008972168 0.54176610708236694336 -0.82179743051528930664 -0.88896155357360839844 -0.17436052858829498291 0.3151976168155670166 -0.29029238224029541016 1.1718716621398925781 -0.41441115736961364746 0.76519143581390380859 
0.8713099360466003418 -1.8284472227096557617 0.064803436398506164551 -0.44034996628761291504 -0.12190414220094680786 -0.75562179088592529297 -0.53218066692352294922 0.76846742630004882812 -0.75396078824996948242 0.63889670372009277344 
-0.14697165787220001221 -0.92943644523620605469 -0.68929970264434814453 -0.39616429805755615234 -0.47150012850761413574 -0.10227509588003158569 0.3270492255687713623 -0.43118518590927124023 -0.52589851617813110352 0.7932364344596862793 
1.5287663936614990234 -0.47714817523956298828 -1.4478536844253540039 -0.34583196043968200684 -0.8391577601432800293 -1.9874770641326904297 -0.5276724696159362793 -0.033448927104473114014 -0.49793708324432373047 2.0996851921081542969 
-0.0031476940494030714035 1.1926004886627197266 0.11885263770818710327 -0.70279794931411743164 -0.40733113884925842285 1.2145779132843017578 1.3838241100311279297 -0.65048760175704956055 -0.67112761735916137695 -0.4471740424633026123 
1.8236991167068481445 -0.1676807105541229248 -0.35657724738121032715 -0.88156491518020629883 -1.6428875923156738281 -0.82263517379760742188 -1.1357389688491821289 -0.50059759616851806641 0.26934364438056945801 0.89526718854904174805 
0.57388949394226074219 -0.66930180788040161133 -0.7213141322135925293 -1.2787514925003051758 -0.56978553533554077148 0.63222342729568481445 -0.39381143450736999512 0.17633752524852752686 0.38011112809181213379 1.0541423559188842773 
0.27208673954010009766 -0.022628171369433403015 0.77032160758972167969 -0.060865953564643859863 0.034989371895790100098 1.5377917289733886719 0.54309517145156860352 -0.44700130820274353027 -0.79832953214645385742 -0.32495355606079101562 
bias:
0.43554291129112243652 
-0.2327559739351272583 
0.048616819083690643311 
0.13144955039024353027 
0.053842697292566299438 
0.67082929611206054688 
-0.14987003803253173828 
0.32707631587982177734 
0.2206525653600692749 
-0.77329450845718383789 
10 1 
weights:
1.9559383392333984375 -3.2071602344512939453 1.8133119344711303711 1.5150872468948364258 0.85967177152633666992 2.52447509765625 -0.90211927890777587891 1.6882148981094360352 0.89053285121917724609 -0.88839489221572875977 
bias:
-2.2341854572296142578 
